2798916 0 4000726 0 3951297 0
8193106 1 10029643 1 9071249 1
6944116 2 5810600 2 4830603 2
4263732 3 3744906 3 4250270 3
4147965 4 2811487 4 2552554 4
3417949 5 1946806 5 2051984 5
2765843 6 1910895 6 2101322 6
2885281 7 1612123 7 1789414 7
2943045 8 1583053 8 1620739 8
2969731 9 1899844 9 1495450 9
2962381 10 1863833 10 1296659 10
2991835 11 1639670 11 1346007 11
3104018 12 1609078 12 1263753 12
3306073 13 1536610 13 1310175 13
3259400 14 1591488 14 1258493 14
4699963 15 1823411 15 1516823 15
6345342 16 2142180 16 1492217 16
4165375 17 1989512 17 1670703 17
4082650 18 2009754 18 1631467 18
4395114 19 1994260 19 1642100 19
4494399 20 1997990 20 1629051 20
4856968 21 1989301 21 1652046 21
4871593 22 2013274 22 1641146 22
5465573 23 2018524 23 1607613 23
5474559 24 2017109 24 1635192 24
5804809 25 2406739 25 1636133 25
5815998 26 2452651 26 1646730 26
6143892 27 2445808 27 1647262 27
6156485 28 2497622 28 1641375 28
6822131 29 2421417 29 1645209 29
6584346 30 2421332 30 1648803 30
6949681 31 2420971 31 1649611 31
7041529 32 2421083 32 1650183 32
7466085 33 2894984 33 2184517 33
7405768 34 2892675 34 2169378 34
8081154 35 2839598 35 2128194 35
7936783 36 2896246 36 2172962 36
8172764 37 2891942 37 2169577 37
8156732 38 2886212 38 2181154 38
8687841 39 2841241 39 2127604 39
8510557 40 2886491 40 2168364 40
8957860 41 3350417 41 2176319 41
8916641 42 3350163 42 2169026 42
9299681 43 3346323 43 2168992 43
9318069 44 3344523 44 2173936 44
9793139 45 3323475 45 2168244 45
9757334 46 3324875 46 2172347 46
10314099 47 3311903 47 2170466 47
10063558 48 3352936 48 2267717 48
10584645 49 3814900 49 2633833 49
10555012 50 3807988 50 2624602 50
11211416 51 3829129 51 2619498 51
11217290 52 3807204 52 2614882 52
11351835 53 3820870 53 2614959 53
11342549 54 3777204 54 2611776 54
11676341 55 3820328 55 2618847 55
11813479 56 3821496 56 2614202 56
12138000 57 4246477 57 2616880 57
12153121 58 4258714 58 2613639 58
12427023 59 4254371 59 2623734 59
12442171 60 4235180 60 2573753 60
12938940 61 4254040 61 2613698 61
12932040 62 4195767 62 2617480 62
13317913 63 4248037 63 2569873 63
13258923 64 4248857 64 2615664 64
13753712 65 4943910 65 3053156 65
13761470 66 4944729 66 3061119 66
13995272 67 4947947 67 3104790 67
14007085 68 4941894 68 3060025 68
14484135 69 4993822 69 3091876 69
14503245 70 4941384 70 3084636 70
14863135 71 4944483 71 3053163 71
14852151 72 4946300 72 3054219 72
15324722 73 5173193 73 3100716 73
15288970 74 5132605 74 3046808 74
15819444 75 5168360 75 3193397 75
15678708 76 5174515 76 3111679 76
16107578 77 5164627 77 3107910 77
16101949 78 5170164 78 3095711 78
16449279 79 5123997 79 3108398 79
16459261 80 5165139 80 3106106 80
17059452 81 5638298 81 3493598 81
16910127 82 5614564 82 3520909 82
17419248 83 5620221 83 3547989 83
17269455 84 5579076 84 3497563 84
17648392 85 5605268 85 3544026 85
17651075 86 5633231 86 3495384 86
18050133 87 5637225 87 3489091 87
18175537 88 5632458 88 3497776 88
18574888 89 6094331 89 3488299 89
18492809 90 6075464 90 3518472 90
19156455 91 6032882 91 3501877 91
18701674 92 6067974 92 3555479 92
19356166 93 6078176 93 3481284 93
19866391 94 6106875 94 3706708 94
19672943 95 6080406 95 3496644 95
20366249 96 6088884 96 3499219 96
20029788 97 6543594 97 4023936 97
20017251 98 6526381 98 3957733 98
20350212 99 6553727 99 4024612 99
20401103 100 6505828 100 4105508 100
20929954 101 6534556 101 4018914 101
20847062 102 6538098 102 4008428 102
21186431 103 6499210 103 3957222 103
21186836 104 6531476 104 4009296 104
21832383 105 6969368 105 4024560 105
21649849 106 6998134 106 4027411 106
21888673 107 6984048 107 4023168 107
21945179 108 14703478 108 4002647 108
22686192 109 7016099 109 4016422 109
22453799 110 7013352 110 4018574 110
22792687 111 6906684 111 4039767 111
22872994 112 6992012 112 4004209 112
23249154 113 7494634 113 4485998 113
23233113 114 7350789 114 4473608 114
23589456 115 7477953 115 4497311 115
23582570 116 7441782 116 4499601 116
24117996 117 7454184 117 4426114 117
24041547 118 7483019 118 4477909 118
24343923 119 7361848 119 4508675 119
24311759 120 7452511 120 4479489 120
24980286 121 7899925 121 4425142 121
24799364 122 7897593 122 4500189 122
25152352 123 7880833 123 4488005 123
25137914 124 7890794 124 4478728 124
25730062 125 7907045 125 4494456 125
25665169 126 7901606 126 4477618 126
26024269 127 7898568 127 4476716 127
25966454 128 7849167 128 4584655 128
26439626 129 8365187 129 5172959 129
26440778 130 8311099 130 5186268 130
26736361 131 8357140 131 5180975 131
28104742 132 8969411 132 5196206 132
27292383 133 8295199 133 5193555 133
27227679 134 8373575 134 5186903 134
27559685 135 8502544 135 5149018 135
27637701 136 8383124 136 5195497 136
27966043 137 9058065 137 5155904 137
28023426 138 9061071 138 5171692 138
28225774 139 9009669 139 5183017 139
28197558 140 9053104 140 5182541 140
29757629 141 9026517 141 5179472 141
29145731 142 8944671 142 5124109 142
29125211 143 8952758 143 5195385 143
29104765 144 8963339 144 5174092 144
29556299 145 9422161 145 5391399 145
29579502 146 9441604 146 5417388 146
29925359 147 9497797 147 5408476 147
29938378 148 9409236 148 5507760 148
30409253 149 9504168 149 5431477 149
30405046 150 9418124 150 5420580 150
30713827 151 9433901 151 5431403 151
30717490 152 9464648 152 5404993 152
31235705 153 9945417 153 5452980 153
31160956 154 10268123 154 5387855 154
31662651 155 10182559 155 5409731 155
31265459 156 10216748 156 5400254 156
31947948 157 10062498 157 5402122 157
31997690 158 9934016 158 5415603 158
32268507 159 9971994 159 5434970 159
32300887 160 10028895 160 5399269 160
32858107 161 10196333 161 5842924 161
32758990 162 10204983 162 5851577 162
40000615 163 10816229 163 6129211 163
34651101 164 10253527 164 5854433 164
33576632 165 10211847 165 5866671 165
33702467 166 10111014 166 5846222 166
33824960 167 10202958 167 5839052 167
33833105 168 10116542 168 5845410 168
34385268 169 10642808 169 5837441 169
34284972 170 10663585 170 5858022 170
34666277 171 10640598 171 5849049 171
34792299 172 10641674 172 5844894 172
35195935 173 10645689 173 5842174 173
35259056 174 10613074 174 5875750 174
35438111 175 10637351 175 5857765 175
35981291 176 10886407 176 5835923 176
36059524 177 11090580 177 6357182 177
35925830 178 11140270 178 6346993 178
36339171 179 11039563 179 6340532 179
36480303 180 11110014 180 6343161 180
36682320 181 11121453 181 6363534 181
36684908 182 11035723 182 6376640 182
37095573 183 11028964 183 6334434 183
37145369 184 11121929 184 6334152 184
37610151 185 12008572 185 6339425 185
37516837 186 12017571 186 6341982 186
37835669 187 11697343 187 6334080 187
37844157 188 12003071 188 6338602 188
38234508 189 11778961 189 6346524 189
38379522 190 12218168 190 6487082 190
38768331 191 11796081 191 6335842 191
38652999 192 11769094 192 6345978 192
39140141 193 12242584 193 6793357 193
39047436 194 12197722 194 6738285 194
39626090 195 12176702 195 6715093 195
39459251 196 12245517 196 6777187 196
39860721 197 12237975 197 6820478 197
39835329 198 12254062 198 6739643 198
40276631 199 12239518 199 6761403 199
40303569 200 12233028 200 6748379 200
40605546 201 12717644 201 6800555 201
40705434 202 12736645 202 6785840 202
41241588 203 12716910 203 6784463 203
46899492 204 14149341 204 7501031 204
45506074 205 12804097 205 6786823 205
42440945 206 12740587 206 6774648 206
41985540 207 12612483 207 6779936 207
41753484 208 12707798 208 6744230 208
42423093 209 13063084 209 7245761 209
42204245 210 13088495 210 7260731 210
42530621 211 13164830 211 7245526 211
42573644 212 13151205 212 7243711 212
42679847 213 13161216 213 7236978 213
43046449 214 13066681 214 7237530 214
43449639 215 13151313 215 7241723 215
43398522 216 13147953 216 7237443 216
43787830 217 13528243 217 7250241 217
43976668 218 13619891 218 7249976 218
44173734 219 13607766 219 7251329 219
44196670 220 13618248 220 7243946 220
44512853 221 13633748 221 7216917 221
44550578 222 13610844 222 7341306 222
44983104 223 13602745 223 7241252 223
45095279 224 13624118 224 7244360 224
45494951 225 14073879 225 7716845 225
45420657 226 14077227 226 7701504 226
45888646 227 13972585 227 7695931 227
45724085 228 14070223 228 7716530 228
46246169 229 14080000 229 7671725 229
46129557 230 14060108 230 7704024 230
47272477 231 14089471 231 7759167 231
46523839 232 14555920 232 7770411 232
47114018 233 14542876 233 7685745 233
46964677 234 14533524 234 7705092 234
47579845 235 14442768 235 7737606 235
47382092 236 14523417 236 7704394 236
47786874 237 14545905 237 7714221 237
47639117 238 14492085 238 7695378 238
60800260 239 15668902 239 7703879 239
48248206 240 14520879 240 7723257 240
48631448 241 14981921 241 8187093 241
48536256 242 14961939 242 8208650 242
49088112 243 14889939 243 8179337 243
48893336 244 14919286 244 8188356 244
49494495 245 14941610 245 8191820 245
49344306 246 14973390 246 8203237 246
49806360 247 15002758 247 8178607 247
49670647 248 14973602 248 8179903 248
50144035 249 15439921 249 8179032 249
50143843 250 15397382 250 8181347 250
50542958 251 15438008 251 8181491 251
50525361 252 15374413 252 8206098 252
50886571 253 15439263 253 8179048 253
50934698 254 15410204 254 8182097 254
51353847 255 15413889 255 8204361 255
52235855 256 15574036 256 8447653 256
51767628 257 15941879 257 8911142 257
51712421 258 15914342 258 8900134 258
52111622 259 15768051 259 8883222 259
52085212 260 15885905 260 8888616 260
52629806 261 16469509 261 8859001 261
52618891 262 15914093 262 8906511 262
52787429 263 15906378 263 8898547 263
52894516 264 15928662 264 8890297 264
53360551 265 16260498 265 8902298 265
53482641 266 16185037 266 8901143 266
53676064 267 16353760 267 8887080 267
53673739 268 16372529 268 8898407 268
61702187 269 17416106 269 9682960 269
55786839 270 16259278 270 8905339 270
54477846 271 16349493 271 8879803 271
54510313 272 16344941 272 8881228 272
55005550 273 16814504 273 9350550 273
54993996 274 16821206 274 9358772 274
55283033 275 16815704 275 9353828 275
55252601 276 16833258 276 9340346 276
55706023 277 16746301 277 9774773 277
56374599 278 16832025 278 9345881 278
56229258 279 16816721 279 9326613 279
56112096 280 16818122 280 9342708 280
56508502 281 17272415 281 9361165 281
56476104 282 17261763 282 9363527 282
56828000 283 17257925 283 9389325 283
56856063 284 17187008 284 9338449 284
57339029 285 17126340 285 9331055 285
57234880 286 17276795 286 9353592 286
57660673 287 17389093 287 9344242 287
57710174 288 17227294 288 9291472 288
58053930 289 17587366 289 9814398 289
58103443 290 17771420 290 9806875 290
58513461 291 17736394 291 9815423 291
58470322 292 17642225 292 9819856 292
58864417 293 17736766 293 9797372 293
58866820 294 17542034 294 9809296 294
59182294 295 17780361 295 9813100 295
59252363 296 17758703 296 15627353 296
59722680 297 18181667 297 9820768 297
61164947 298 18145883 298 9815248 298
60098028 299 18142871 299 9818764 299
60067757 300 18097700 300 9818633 300
60492463 301 18184156 301 9822938 301
60510006 302 18107932 302 9793458 302
60757866 303 18219350 303 9802100 303
60810837 304 18195741 304 9798301 304
61263134 305 18631814 305 10269254 305
61221169 306 18570167 306 10455552 306
61695812 307 18692950 307 10248777 307
61599308 308 18638730 308 10265709 308
61996530 309 18633836 309 10264580 309
62041557 310 18566380 310 10241202 310
62333985 311 18606071 311 10275468 311
62368309 312 18665022 312 10281800 312
62792728 313 19102425 313 10288380 313
62839120 314 19076915 314 10268468 314
63234157 315 19054354 315 10272096 315
63243316 316 19106151 316 10277155 316
64589080 317 19242771 317 10264781 317
63636440 318 19103662 318 10283331 318
64020201 319 19107333 319 10263709 319
64057870 320 19115040 320 10246724 320
64449303 321 19560237 321 10495170 321
77105835 322 19570110 322 10514430 322
64784377 323 19551808 323 10487198 323
64811196 324 19555173 324 10478714 324
65275128 325 19553862 325 10440213 325
65139601 326 19532118 326 10572009 326
65571605 327 19552393 327 10477064 327
65632190 328 19555338 328 10426740 328
66061213 329 20004306 329 10481683 329
65919099 330 20058357 330 10489051 330
66487509 331 19946191 331 10452965 331
66408787 332 20014083 332 10502314 332
66636606 333 19998530 333 10478698 333
66838237 334 19905229 334 10474677 334
68217299 335 19815491 335 10492900 335
67152104 336 20010284 336 10447667 336
67854512 337 20245385 337 10951985 337
67746476 338 20386909 338 10922985 338
67986623 339 20471257 339 10944520 339
68153425 340 20345150 340 10965710 340
68453722 341 20388697 341 10973540 341
68445760 342 20297388 342 10896632 342
68907887 343 20401543 343 10929989 343
68797303 344 20461443 344 10942941 344
76311348 345 22287885 345 12539234 345
69338515 346 20938131 346 10962137 346
69476847 347 20778059 347 10935194 347
69408468 348 20803915 348 10939508 348
69957449 349 20933990 349 10882606 349
69901179 350 20932691 350 10942930 350
70408150 351 20910110 351 10941525 351
71867427 352 20861402 352 10950378 352
70894463 353 21400807 353 11656528 353
70793158 354 21260620 354 11641337 354
71164083 355 21285804 355 11661242 355
71119479 356 21401279 356 11656742 356
71573579 357 21232231 357 11675876 357
71621828 358 21339675 358 11694112 358
71998547 359 21325622 359 11633533 359
71931342 360 21305664 360 11642343 360
72277487 361 21737189 361 11665378 361
72341331 362 21823601 362 11643022 362
72669875 363 21840342 363 11662482 363
72663112 364 21858263 364 11650980 364
73194247 365 21695685 365 11638097 365
73211647 366 21840914 366 11648675 366
81136125 367 22900463 367 12917270 367
74728015 368 21874181 368 11767561 368
73993360 369 22227778 369 12126841 369
73989677 370 22282937 370 12126780 370
74329787 371 22292614 371 12078391 371
74298971 372 22298251 372 12125820 372
74849603 373 22317641 373 12174456 373
74708369 374 22286773 374 12143164 374
75085105 375 22299907 375 12151791 375
75121573 376 22274302 376 12121084 376
75531478 377 22771236 377 12115360 377
75491814 378 22562350 378 12138835 378
75956110 379 22684107 379 12128518 379
75835129 380 22758350 380 12128686 380
76316665 381 22710570 381 12131893 381
76363679 382 22526341 382 12138757 382
76692718 383 22803713 383 12121868 383
78017644 384 22793446 384 12344915 384
77151282 385 23249113 385 12585310 385
77138128 386 23136837 386 12584624 386
77519253 387 23145541 387 12577442 387
92340325 388 23292831 388 12870044 388
77947862 389 23158917 389 12605228 389
77849044 390 23220988 390 12596493 390
78353593 391 23179575 391 12583700 391
78260922 392 23149079 392 12579041 392
78669667 393 23714457 393 12579615 393
78673219 394 23673172 394 12586205 394
79035400 395 23692625 395 12558059 395
79071929 396 23518869 396 12590604 396
79444890 397 23603169 397 12582122 397
79551300 398 23699448 398 12578472 398
81143457 399 23572960 399 12586883 399
79783102 400 23673139 400 12578482 400
80253331 401 23938698 401 13067027 401
80198921 402 24194644 402 13107475 402
119417127 403 24189941 403 12996995 403
80505194 404 24043218 404 13032819 404
80970055 405 24115023 405 13056313 405
81223634 406 24118573 406 13043588 406
81345448 407 29131830 407 13040385 407
81494852 408 24221962 408 13029542 408
81733628 409 24583686 409 12996753 409
81789657 410 24508741 410 13159454 410
82236872 411 24479125 411 13047028 411
82126093 412 24569438 412 13045322 412
83656478 413 24709933 413 13017863 413
82592037 414 24469879 414 13044001 414
83113822 415 24779268 415 13048215 415
83108569 416 24403932 416 13028634 416
83319241 417 25013440 417 13489504 417
83481150 418 24997517 418 13484229 418
83679544 419 24911381 419 13490595 419
83854000 420 24954812 420 13494032 420
84129670 421 25024564 421 13509360 421
84153077 422 24952385 422 13523636 422
84479354 423 24907153 423 13455374 423
84475454 424 25024337 424 13496459 424
85082025 425 25492164 425 13484351 425
91042290 426 30247326 426 15602146 426
86440561 427 25644208 427 13566664 427
85412721 428 25439096 428 13510201 428
85828652 429 25446233 429 13526803 429
86637588 430 25501401 430 13503818 430
86153609 431 25422912 431 13719683 431
86178898 432 25320602 432 13493224 432
87114871 433 25879873 433 13974471 433
86834559 434 25805246 434 13964167 434
86962240 435 25962138 435 13956342 435
87120447 436 25971588 436 13974156 436
87371996 437 25974384 437 13975346 437
87450462 438 25919993 438 14001911 438
87672331 439 25885144 439 13976640 439
87690011 440 25945385 440 13918674 440
88978392 441 26309642 441 13944931 441
88196250 442 26414927 442 13967639 442
88767813 443 26317033 443 13960284 443
88512398 444 35102432 444 18915704 444
90541723 445 26422940 445 13972048 445
88975441 446 26420073 446 13970459 446
89451248 447 26278413 447 13979039 447
89292450 448 26340962 448 13962413 448
89783136 449 26883743 449 14452056 449
89758726 450 26779008 450 14421574 450
89975240 451 26865734 451 14423101 451
90258832 452 26883825 452 14421664 452
90475041 453 26690454 453 14397639 453
93221424 454 26778147 454 14423858 454
90849564 455 26812257 455 14435898 455
91067528 456 26789180 456 14427476 456
91237646 457 27318590 457 14403066 457
91347290 458 27328798 458 14400205 458
91652486 459 27123199 459 14414093 459
91708882 460 27401576 460 14455916 460
92057013 461 27281312 461 14401965 461
102922131 462 27356560 462 14411826 462
92490894 463 27338636 463 14397681 463
92482964 464 27324604 464 14543433 464
92792116 465 27709155 465 14889330 465
92972014 466 27777362 466 14902020 466
93337531 467 27776060 467 14878353 467
93226687 468 27787270 468 14873153 468
93793134 469 27774568 469 14878820 469
93644915 470 27784370 470 14866169 470
94094445 471 27811592 471 14887949 471
93963629 472 27679691 472 14904670 472
94600657 473 28265583 473 14960412 473
94435591 474 28228116 474 14878598 474
94985642 475 28103530 475 14872153 475
94818589 476 28241064 476 14924260 476
95388959 477 28108096 477 14902781 477
95245789 478 28253308 478 14968709 478
95779075 479 28187595 479 14894888 479
95664484 480 28140888 480 14885176 480
96012403 481 28713574 481 15331417 481
96036026 482 28672351 482 15358199 482
95990032 483 28538207 483 15392024 483
96453831 484 28605208 484 15347366 484
96765821 485 28684849 485 15384087 485
96739142 486 28607548 486 15356283 486
97296126 487 28701924 487 15340989 487
97166285 488 28701121 488 15338011 488
97543220 489 29156250 489 15473787 489
97617822 490 29163162 490 15330409 490
98024217 491 29050031 491 15463746 491
98304772 492 29162219 492 15337011 492
98326853 493 29155038 493 15374963 493
98509880 494 29051668 494 15355336 494
103814082 495 29113747 495 15379066 495
106026622 496 29175522 496 15352184 496
99256395 497 29602890 497 15855042 497
99793469 498 29731380 498 15808960 498
99594739 499 29647339 499 15853880 499
99657536 500 29610619 500 15812968 500
100358750 501 29635409 501 15870469 501
100107096 502 29612913 502 15799033 502
100431588 503 29493641 503 15878373 503
100531828 504 29542261 504 15810172 504
100874356 505 30018012 505 15923934 505
100693857 506 29963665 506 15798459 506
101246339 507 30156078 507 15821012 507
101084242 508 29981796 508 15794628 508
101552568 509 30100674 509 15802884 509
101587087 510 29966167 510 21782016 510
112462744 511 30275764 511 15796300 511
101979489 512 30057114 512 15847753 512
102542212 513 30440682 513 16354505 513
102462103 514 30396221 514 16214725 514
102879301 515 30520304 515 16243620 515
102945169 516 30567420 516 16272448 516
103477633 517 30520344 517 16275603 517
103118018 518 30533205 518 16252955 518
103547258 519 30446132 519 16200155 519
103572111 520 30522598 520 16293329 520
104082813 521 30905581 521 16265401 521
103900155 522 30876486 522 16268467 522
104392504 523 30889174 523 16262601 523
104276805 524 30970913 524 16278102 524
105147498 525 48825745 525 25762083 525
148050998 526 30877169 526 16269077 526
104970851 527 30967540 527 16269454 527
105179459 528 30950258 528 16254786 528
105468590 529 31417315 529 16746230 529
105666995 530 31376125 530 16724990 530
105798311 531 31376323 531 16734888 531
106058447 532 31434115 532 16717734 532
106353568 533 31439635 533 16734334 533
106806533 534 31351377 534 16707914 534
107695003 535 31290514 535 16777792 535
106529297 536 31336043 536 16728790 536
107067417 537 31884311 537 16738203 537
107124627 538 31993559 538 16697336 538
107568792 539 31898249 539 16704835 539
107073311 540 39016608 540 19626367 540
108220204 541 31716377 541 16723949 541
108004262 542 31904834 542 16752121 542
108427405 543 31921112 543 16752036 543
108386793 544 31931796 544 16752608 544
108812621 545 32173957 545 17143900 545
108709589 546 32274793 546 17314954 546
109069424 547 32272727 547 17214844 547
109063871 548 32277585 548 17213155 548
109518755 549 32318566 549 17204231 549
109587388 550 32082522 550 17255347 550
110980299 551 32373977 551 17217734 551
109798646 552 32213821 552 17238903 552
110340398 553 32793632 553 17208315 553
110430937 554 32641599 554 17208796 554
117506886 555 32484895 555 17230207 555
110714358 556 32754320 556 17250549 556
111148175 557 32611997 557 17202654 557
111150200 558 32839946 558 17207253 558
111540211 559 32590178 559 17225406 559
111506355 560 32833311 560 17215775 560
111968154 561 33110870 561 17673357 561
111952229 562 33278423 562 17660497 562
112312487 563 33165654 563 17667477 563
112229342 564 33215236 564 17701629 564
112685179 565 33271277 565 17654404 565
112786402 566 33270635 566 17673132 566
113122520 567 33223901 567 17657121 567
113126360 568 33237501 568 17636278 568
123164619 569 33672207 569 17668828 569
113405671 570 33628399 570 17631338 570
113893396 571 33823368 571 17674853 571
114292432 572 33740622 572 17659519 572
114370958 573 33729749 573 17654778 573
114361507 574 33708025 574 17669216 574
114775756 575 33792173 575 17652477 575
114675556 576 33665999 576 17614952 576
114947455 577 34109162 577 18142886 577
115144967 578 34136002 578 18129626 578
115458458 579 34112312 579 18106841 579
115584254 580 34104774 580 18119835 580
115880282 581 34196385 581 18124389 581
115928636 582 34189739 582 18129493 582
132089735 583 34177422 583 18118822 583
116345685 584 34215649 584 18116020 584
116710103 585 34466787 585 18126864 585
116705149 586 34613372 586 18167643 586
116992356 587 34645245 587 18131397 587
117034081 588 34572536 588 18243038 588
117502798 589 34587184 589 18145557 589
117441862 590 34577362 590 18156917 590
118028756 591 34656379 591 18117970 591
117893233 592 34665034 592 18093474 592
118242938 593 35004609 593 18624213 593
118274835 594 35031636 594 18562993 594
118662606 595 35111792 595 18584382 595
123698683 596 35075655 596 18583148 596
119132622 597 35096460 597 18597961 597
119046845 598 35032093 598 18599701 598
119439843 599 34967779 599 18609718 599
119416623 600 34899966 600 18600710 600
119854387 601 35550882 601 18576692 601
119872966 602 35557887 602 18588879 602
120139310 603 35498762 603 18634796 603
120224544 604 35474400 604 18589284 604
120583334 605 35468747 605 18587455 605
120611925 606 35556551 606 18577835 606
121162897 607 35573254 607 18610973 607
121079492 608 35503380 608 18616011 608
121477227 609 36031743 609 29733205 609
125454868 610 35841462 610 19086703 610
121754976 611 36021598 611 19043397 611
121882065 612 36023731 612 19053825 612
122285559 613 35913946 613 19064694 613
122183564 614 36026698 614 19055417 614
122647444 615 35996665 615 19037989 615
122563293 616 36026703 616 19094009 616
123035103 617 36405521 617 19057166 617
123102663 618 36270787 618 19077217 618
123351131 619 36443742 619 19046052 619
123402408 620 36487355 620 19074856 620
123768546 621 36692299 621 19116668 621
123808271 622 41604785 622 19087171 622
124371932 623 36388441 623 19028317 623
124193607 624 36481431 624 19258880 624
124622218 625 36932549 625 19503494 625
124714875 626 36758615 626 19533155 626
124959006 627 36900748 627 19508341 627
125292012 628 36787388 628 19543425 628
125518490 629 37025185 629 19574356 629
125190868 630 36898674 630 19500065 630
125684880 631 36913966 631 19482689 631
125570461 632 36952742 632 19488547 632
126082644 633 37343270 633 19487671 633
126572331 634 37370569 634 19486266 634
143248459 635 38602407 635 19611192 635
126706659 636 37269392 636 19503648 636
127067426 637 37218558 637 19523604 637
126911433 638 37514901 638 19506307 638
127207918 639 37326262 639 19498130 639
127299213 640 37150248 640 19505428 640
127880934 641 37862946 641 19969062 641
127884198 642 37791719 642 19961572 642
127875560 643 37786829 643 20038827 643
128134469 644 37905035 644 20024764 644
128674772 645 37847619 645 19971222 645
128480284 646 37897095 646 19980113 646
128993598 647 37848440 647 24460496 647
133590214 648 37826109 648 19953954 648
129296234 649 38232809 649 19946999 649
130734547 650 38270681 650 19954690 650
129746938 651 38195041 651 19938192 651
129554328 652 38226688 652 20097433 652
130110914 653 38179247 653 19977496 653
130138430 654 38208720 654 19982953 654
130496699 655 38261850 655 20025480 655
130716573 656 38239105 656 19973915 656
130897106 657 38643000 657 20394818 657
130763867 658 38736360 658 20403117 658
131284578 659 38731227 659 20409336 659
143740389 660 38853110 660 20427754 660
131762459 661 38739070 661 20465442 661
131633436 662 38774441 662 20418198 662
132119871 663 38663772 663 20441350 663
131953514 664 38759595 664 20444293 664
132793144 665 39122352 665 20418693 665
132581389 666 39098977 666 20431089 666
132809805 667 39094622 667 20641115 667
133236304 668 39195403 668 20440348 668
133478043 669 39192795 669 20429975 669
133286166 670 39045658 670 20461751 670
133767439 671 39219417 671 20491206 671
141414871 672 39042003 672 20426370 672
133656352 673 39665712 673 20934787 673
134192449 674 39695205 674 20885646 674
134549870 675 39520572 675 20898618 675
134437050 676 39670531 676 20923876 676
134601395 677 39577526 677 20904601 677
134943487 678 39686352 678 20908302 678
135301360 679 39714693 679 20919838 679
135640458 680 39558617 680 20887607 680
135747909 681 40015399 681 20872412 681
135491800 682 40124848 682 20875690 682
136042004 683 46100983 683 20894316 683
136112137 684 40116306 684 20877155 684
136367728 685 40016402 685 21038610 685
136475921 686 40112808 686 20898826 686
136991715 687 40007695 687 20900648 687
136839014 688 40105056 688 20995203 688
137023043 689 40646730 689 21335470 689
137206804 690 40476631 690 21355755 690
138356716 691 40511093 691 21359277 691
137041675 692 40569303 692 21377285 692
138026135 693 40572481 693 21370050 693
137948113 694 40411506 694 21396340 694
155181590 695 40611450 695 21390293 695
138343449 696 40573930 696 21352939 696
138891082 697 41011925 697 21341219 697
138674966 698 40895454 698 21409997 698
139135018 699 41008447 699 21333482 699
139178036 700 40914473 700 21337530 700
139496081 701 40826977 701 21373215 701
139469443 702 41035134 702 21373147 702
139937066 703 40925923 703 21337467 703
140208877 704 40934417 704 21336772 704
140323065 705 41413232 705 21807198 705
140410130 706 47106669 706 21829301 706
140944526 707 41457410 707 21760417 707
140765834 708 41504754 708 22007930 708
141028450 709 41475273 709 21815403 709
141227412 710 41300679 710 21806726 710
141505483 711 41497305 711 21826068 711
141429960 712 41397831 712 21827075 712
141670053 713 41863687 713 21830821 713
142029811 714 41928483 714 21815212 714
142312119 715 41929468 715 21881143 715
142206757 716 41862622 716 21818387 716
142735714 717 41767550 717 21820253 717
154035630 718 41927827 718 21821277 718
143005868 719 41915963 719 21806608 719
143070656 720 41943856 720 21810805 720
143439579 721 42321580 721 22227798 721
143600208 722 42532102 722 22248349 722
143837787 723 42395942 723 22333087 723
143912574 724 42302899 724 22282670 724
144469918 725 42444183 725 22276861 725
144208080 726 42249348 726 22265774 726
144802033 727 42404414 727 22261290 727
144836701 728 42289798 728 22268625 728
160657011 729 42889192 729 22280938 729
145206608 730 42806852 730 22287460 730
145666843 731 42837838 731 22293891 731
145894561 732 42800511 732 22310513 732
145906363 733 42822165 733 22279820 733
145863791 734 42888946 734 22297422 734
146439548 735 42872769 735 22290893 735
148168520 736 42885254 736 22304142 736
146635958 737 43219849 737 22906658 737
146563066 738 43326457 738 22766359 738
147151124 739 43317272 739 22753995 739
153047396 740 43213663 740 22753383 740
147506023 741 43310421 741 22948752 741
147404017 742 43364892 742 22749432 742
148001171 743 43269271 743 22734073 743
147787755 744 43312499 744 22722973 744
148262436 745 43606545 745 22725182 745
148364447 746 43722170 746 22720423 746
148871316 747 43561023 747 22742875 747
148432354 748 43820237 748 22739806 748
149054168 749 43659622 749 22748199 749
149189875 750 53844293 750 24028028 750
149839763 751 43535011 751 22746257 751
149404840 752 43756443 752 22752052 752
149840093 753 44133637 753 23205446 753
149345103 754 44134443 754 23232465 754
150474233 755 44042100 755 23226491 755
150324730 756 44177792 756 23211757 756
150593206 757 44102976 757 23220134 757
150745580 758 44146897 758 23218638 758
151116303 759 44234339 759 23203995 759
151028249 760 44263205 760 23227974 760
162660911 761 44620752 761 23452195 761
151373523 762 44733272 762 23232114 762
151997901 763 44678256 763 23214248 763
151886505 764 44681994 764 23221873 764
152045213 765 44667160 765 23319282 765
152261699 766 44527086 766 23187776 766
152807203 767 44686923 767 23199298 767
152757202 768 44482213 768 23205838 768
153003756 769 45065375 769 23679955 769
152925428 770 44962945 770 23660057 770
153509681 771 52787120 771 25489173 771
153750845 772 45054024 772 23678266 772
153736387 773 45188321 773 23664138 773
153850734 774 45053011 774 23711320 774
154302977 775 45105852 775 23676234 775
154185553 776 44982039 776 23673067 776
154688375 777 45581575 777 23672810 777
154365369 778 45504848 778 23782571 778
155085184 779 45503045 779 23668268 779
155788745 780 45596058 780 23679881 780
155650916 781 45493176 781 23681031 781
164824949 782 45637474 782 23660892 782
155759189 783 45500949 783 23660066 783
155848683 784 45561938 784 23670901 784
156295582 785 45875283 785 24120829 785
156201360 786 45861754 786 24123611 786
156501786 787 46018288 787 24142989 787
156502778 788 45929882 788 24143151 788
157118044 789 45989203 789 24154458 789
157040874 790 45970709 790 24123377 790
157381731 791 46089966 791 24136379 791
163286839 792 45872639 792 24244407 792
158401278 793 46385147 793 24114083 793
157907025 794 46393902 794 24133824 794
158285570 795 46421239 795 24140612 795
157658468 796 46361280 796 24139871 796
158447310 797 46220241 797 24114989 797
158656215 798 46432069 798 24133199 798
158985647 799 46413495 799 24129408 799
159108555 800 46416304 800 24139484 800
159289101 801 46962789 801 24581379 801
169783970 802 46797500 802 24570537 802
159921436 803 46806824 803 24584550 803
159933286 804 46983461 804 24630760 804
160345468 805 47185064 805 24607255 805
160082184 806 47002386 806 24711956 806
160610328 807 46892478 807 24619263 807
160591415 808 46890238 808 24595755 808
160961816 809 47224542 809 24604011 809
161034288 810 47380508 810 24588489 810
161131522 811 47416504 811 24585459 811
177657662 812 47508372 812 24806167 812
161755324 813 47342262 813 24712296 813
161867494 814 47459647 814 24602265 814
162122945 815 47293688 815 24578800 815
162303821 816 47152373 816 24601309 816
162457325 817 47811170 817 25081601 817
163314874 818 47692662 818 25124193 818
162930955 819 47938177 819 25117024 819
163158042 820 47804518 820 25078276 820
163452268 821 47817517 821 25074491 821
169130794 822 47863078 822 25101583 822
163801039 823 47830602 823 25226401 823
163670888 824 47815822 824 25051556 824
164407309 825 48339104 825 25080007 825
164426542 826 48193220 826 25056293 826
164878663 827 48190499 827 25075067 827
164522041 828 48375198 828 25086349 828
164940125 829 48262929 829 25067852 829
165837743 830 48264864 830 25058940 830
165606246 831 56110932 831 26768363 831
165781320 832 48294019 832 25048236 832
165646262 833 48706363 833 25517736 833
165654457 834 48846737 834 25524240 834
166101674 835 48775743 835 25518852 835
165994149 836 48604392 836 25494566 836
166319328 837 48795123 837 25525408 837
166749314 838 48794747 838 25525445 838
167076689 839 48715408 839 25525131 839
166913217 840 48750351 840 25506827 840
173248881 841 49265137 841 25562828 841
168016222 842 49080523 842 25528377 842
167578777 843 49266683 843 25524821 843
167654391 844 49256799 844 25512851 844
168109877 845 49157635 845 25512225 845
167966674 846 49272489 846 25518756 846
168384419 847 49069259 847 25473618 847
168391792 848 49188433 848 25505779 848
168758419 849 49530656 849 26071235 849
168948231 850 55712038 850 31783272 850
171730624 851 49598855 851 25977834 851
169194817 852 49591931 852 26004833 852
169701846 853 49558979 853 25961083 853
169935309 854 49716348 854 25973980 854
170083949 855 49663642 855 26038880 855
170171296 856 49654004 856 25977238 856
170486130 857 50139971 857 26026154 857
170436553 858 50204800 858 26002872 858
170902093 859 50134478 859 25982302 859
183493952 860 50102376 860 25998025 860
171421477 861 50272229 861 25988248 861
171341224 862 50150967 862 25974420 862
171688640 863 50191339 863 26012865 863
171672154 864 50239563 864 26027584 864
172107245 865 50607349 865 26460049 865
172050363 866 50476530 866 26430521 866
172576890 867 50607536 867 26494917 867
172448995 868 50681343 868 26489469 868
178026203 869 50623883 869 26448496 869
172927311 870 50542849 870 26450429 870
173132216 871 50630229 871 26420514 871
173229682 872 50653636 872 26436468 872
173664939 873 51073670 873 26418075 873
173503800 874 51115660 874 26432338 874
173907389 875 51011618 875 26468945 875
173895167 876 51044106 876 26468997 876
174495430 877 51080344 877 26419596 877
174387409 878 55931746 878 26433756 878
174793332 879 51002925 879 26429974 879
174711240 880 51075235 880 26441910 880
175270082 881 51427839 881 26888577 881
175158374 882 51417544 882 26895690 882
175483928 883 51465572 883 26951130 883
175526395 884 51938527 884 27008845 884
175931541 885 51565188 885 26892054 885
176018345 886 51560670 886 26927010 886
176349368 887 58198444 887 26917716 887
177252556 888 51436354 888 26936766 888
176716568 889 51893301 889 26939561 889
176878454 890 52043431 890 26894847 890
177064163 891 51957255 891 26900243 891
177053154 892 51931134 892 26920723 892
177694590 893 51996645 893 26963235 893
177534016 894 51849875 894 26922128 894
177939001 895 51843515 895 26954693 895
178163076 896 57071923 896 26903786 896
179468916 897 52363307 897 27713081 897
178583062 898 52344162 898 27418611 898
178809055 899 52984902 899 27350429 899
178889486 900 52240624 900 27395764 900
179267276 901 52204104 901 27389558 901
179268983 902 52487208 902 27448637 902
179668028 903 52192136 903 27379807 903
179786626 904 52482753 904 27392567 904
180054457 905 61606598 905 27429223 905
180174699 906 52867535 906 27398387 906
180567449 907 52949211 907 27406653 907
180431691 908 52720874 908 27374429 908
180854728 909 52848241 909 27361961 909
180920101 910 52831235 910 28113956 910
181156191 911 52908425 911 27417451 911
181216491 912 52960348 912 27456174 912
181629996 913 53286691 913 27855326 913
193784995 914 53577895 914 27870444 914
182091610 915 53215855 915 27844998 915
181910758 916 53407850 916 27826228 916
182363042 917 53410402 917 27839855 917
182466198 918 53228223 918 27902250 918
182753510 919 53317461 919 27848475 919
182699943 920 53168855 920 27835666 920
183237474 921 54354144 921 27790142 921
183068295 922 53745674 922 27834742 922
194364881 923 53831308 923 27861444 923
183429062 924 53828344 924 27883745 924
183857092 925 53744639 925 28437998 925
183802830 926 53751932 926 27816835 926
184261686 927 53733512 927 27822492 927
184273305 928 53872380 928 28109536 928
184714748 929 54221299 929 28315178 929
184541834 930 54089645 930 28292421 930
185148929 931 54315454 931 35925537 931
185689935 932 54058150 932 28339090 932
185374811 933 54128073 933 28272638 933
185509947 934 54136092 934 28269574 934
185864315 935 54228615 935 28275574 935
185754962 936 54209392 936 28277269 936
187002175 937 54670784 937 28269585 937
186235700 938 54636881 938 28316807 938
186637462 939 54594960 939 28301658 939
202936038 940 54809873 940 28340627 940
187163272 941 54599668 941 28266572 941
187071833 942 54733937 942 28278414 942
188212558 943 54722588 943 28281175 943
187510458 944 54649177 944 28303107 944
187928135 945 55109506 945 28748334 945
187825100 946 55113218 946 28754194 946
188206158 947 55198417 947 28770496 947
188257559 948 55108788 948 28766371 948
194561240 949 54996211 949 28746526 949
190987158 950 55143162 950 28763852 950
189036450 951 55197248 951 28756011 951
188892887 952 55101341 952 28759998 952
189436231 953 55481954 953 29606547 953
189247097 954 55529912 954 28892121 954
189743846 955 55598643 955 28784069 955
190031256 956 55604550 956 28795098 956
203044480 957 55436767 957 28784085 957
190580749 958 55568286 958 28754777 958
190687659 959 55556052 959 28787218 959
190683253 960 55521728 960 28791427 960
191244147 961 56028380 961 29222234 961
191433739 962 56063953 962 29226282 962
191621426 963 56052674 963 29238542 963
192316133 964 55905064 964 29212348 964
191996448 965 61318033 965 31129717 965
192017119 966 56050742 966 29232229 966
192283585 967 56100035 967 29197933 967
192262222 968 56063397 968 29208400 968
192662028 969 56494565 969 29179815 969
192547225 970 56443825 970 29231659 970
193148505 971 56382007 971 29241924 971
192893316 972 56454440 972 29302919 972
193343063 973 56478250 973 29212126 973
199251095 974 57168802 974 29198378 974
193830317 975 56461047 975 29205008 975
193793454 976 56657594 976 29225495 976
194159003 977 56903193 977 29660427 977
194163230 978 56923322 978 29679121 978
194587545 979 56827760 979 29719803 979
194512934 980 56871739 980 29687179 980
194873058 981 56934847 981 29713343 981
212832593 982 56962107 982 29733872 982
195184676 983 56936840 983 29705478 983
195382289 984 56900099 984 29716729 984
195748703 985 57372566 985 29691633 985
195764204 986 57412069 986 29716748 986
196174357 987 57303950 987 29704645 987
196141233 988 57295112 988 29714709 988
196684720 989 57446284 989 29665460 989
202430071 990 57404883 990 29656046 990
197613427 991 75773972 991 29721549 991
197021374 992 57193277 992 29711541 992
197521895 993 57825296 993 30195030 993
197384678 994 57916247 994 30107733 994
197746410 995 57938535 995 30127456 995
197725878 996 57911073 996 30149676 996
198194635 997 57865430 997 30152617 997
208976960 998 57711726 998 30211603 998
198722926 999 57950099 999 30193462 999
198736001 1000 57864327 1000 30183491 1000
199129116 1001 58167189 1001 30165506 1001
199199262 1002 58335558 1002 30173004 1002
199511730 1003 58337998 1003 30193172 1003
199539913 1004 58339350 1004 30172297 1004
199967917 1005 58328194 1005 30179288 1005
207425766 1006 58190721 1006 30155922 1006
200157217 1007 58285709 1007 30148869 1007
200149383 1008 58294626 1008 30150718 1008
200616171 1009 58769550 1009 30612231 1009
200537049 1010 58763749 1010 30596687 1010
202268073 1011 58780453 1011 30634327 1011
201009661 1012 58748002 1012 31185874 1012
201691877 1013 58855136 1013 30640102 1013
207381269 1014 58663393 1014 30625186 1014
201913368 1015 58737091 1015 30612196 1015
201827003 1016 58802986 1016 30643414 1016
202349401 1017 59277016 1017 30661795 1017
202304314 1018 59256445 1018 30649783 1018
202543675 1019 59313259 1019 30683132 1019
202541051 1020 59268535 1020 30632373 1020
203073569 1021 59126913 1021 30648135 1021
214172214 1022 59293119 1022 30630836 1022
203443172 1023 59891232 1023 30610312 1023
203280792 1024 59193393 1024 30718663 1024
203850956 1025 59743106 1025 31098657 1025
203853645 1026 59454831 1026 31147806 1026
204202021 1027 59693933 1027 31100035 1027
204172512 1028 59632552 1028 31125455 1028
204678188 1029 59761275 1029 31136194 1029
216644426 1030 59360904 1030 31139514 1030
204999261 1031 59637659 1031 31123617 1031
205023747 1032 59760217 1032 31170989 1032
205488362 1033 60211879 1033 31129067 1033
205412721 1034 60230999 1034 31112637 1034
205794285 1035 60205003 1035 31094215 1035
205718398 1036 60153873 1036 31113697 1036
206152447 1037 60267835 1037 31095388 1037
211938056 1038 59943962 1038 31041314 1038
206536343 1039 60177801 1039 31052272 1039
206430293 1040 60184402 1040 31398588 1040
206970578 1041 60632540 1041 31550177 1041
207137048 1042 60608671 1042 31511130 1042
207316418 1043 60487675 1043 31539314 1043
207811795 1044 60673966 1044 31564914 1044
207843656 1045 66311722 1045 31555165 1045
207826846 1046 60485224 1046 31516867 1046
208253225 1047 60545674 1047 31493282 1047
208189744 1048 60510654 1048 31534056 1048
208578176 1049 60987033 1049 31516343 1049
208550570 1050 61000391 1050 31554428 1050
209238218 1051 60948832 1051 31480389 1051
212350902 1052 61005722 1052 31524396 1052
221581626 1053 61066346 1053 31715992 1053
209522212 1054 60961519 1054 31511830 1054
209662662 1055 61052488 1055 31654939 1055
209619823 1056 61013569 1056 31705463 1056
209853044 1057 61510258 1057 31976068 1057
209968336 1058 61510332 1058 31964861 1058
210336159 1059 61532448 1059 31981416 1059
210388842 1060 61530231 1060 32044274 1060
223109162 1061 61398923 1061 32021044 1061
211100439 1062 61541888 1062 31998812 1062
212493977 1063 61491618 1063 31966898 1063
211517294 1064 61404758 1064 31986708 1064
211894441 1065 61963512 1065 31987880 1065
211841634 1066 61821768 1066 31973804 1066
212243431 1067 61987346 1067 32029462 1067
224163238 1068 62362237 1068 32021849 1068
212647948 1069 61902498 1069 31979254 1069
212499068 1070 61851445 1070 31987624 1070
212944506 1071 61636613 1071 32001305 1071
212890749 1072 62530565 1072 32188085 1072
213284605 1073 62287026 1073 32572105 1073
213095660 1074 62258513 1074 32462292 1074
213464090 1075 62351679 1075 32535712 1075
228901969 1076 62530696 1076 32475114 1076
214230091 1077 62369000 1077 32456455 1077
214151750 1078 62307773 1078 32574610 1078
214665732 1079 62545551 1079 32458189 1079
214579593 1080 62455632 1080 32458952 1080
215088300 1081 63012533 1081 32521785 1081
215820123 1082 62825139 1082 32464648 1082
221282349 1083 62940111 1083 32473908 1083
215403552 1084 62934367 1084 32440497 1084
215787173 1085 62922132 1085 32454686 1085
215710674 1086 63021427 1086 32611994 1086
216112192 1087 62814448 1087 32734102 1087
216338099 1088 63014913 1088 32483614 1088
216251237 1089 63370502 1089 32873660 1089
216433997 1090 63347332 1090 43319840 1090
223545375 1091 63405685 1091 32929825 1091
216696596 1092 72599489 1092 33007835 1092
217459529 1093 63381811 1093 32955986 1093
217369883 1094 63282914 1094 32884197 1094
217752907 1095 63369521 1095 32971606 1095
217834579 1096 63374884 1096 32931049 1096
218297021 1097 63915347 1097 33097242 1097
237220548 1098 63826825 1098 32933004 1098
218208082 1099 63770630 1099 32868384 1099
219186464 1100 63938289 1100 32911548 1100
218885639 1101 63788363 1101 32905611 1101
218911049 1102 63939044 1102 32886078 1102
219241260 1103 63875008 1103 32916701 1103
219281297 1104 63873751 1104 32928916 1104
231662228 1105 64384715 1105 33376062 1105
219848358 1106 64262458 1106 33398413 1106
220012067 1107 64230700 1107 33536381 1107
219915228 1108 64289053 1108 33498198 1108
220834391 1109 64332406 1109 33400453 1109
220184366 1110 64146174 1110 33363900 1110
220784471 1111 64255898 1111 33408244 1111
220872837 1112 76637721 1112 33438169 1112
221356001 1113 64608388 1113 33370009 1113
221744782 1114 64565543 1114 33343475 1114
221530602 1115 64752754 1115 33384835 1115
221651174 1116 64807672 1116 33367076 1116
222057584 1117 64624402 1117 33496694 1117
222623135 1118 64662294 1118 33389584 1118
222293465 1119 64711279 1119 39800140 1119
222440153 1120 64619887 1120 33382360 1120
222845628 1121 65255595 1121 33844820 1121
222772830 1122 65061211 1122 33830656 1122
223326685 1123 65092207 1123 33839339 1123
224141879 1124 65214212 1124 34142555 1124
223757279 1125 65139187 1125 33864587 1125
223576459 1126 65027483 1126 33942095 1126
241021781 1127 65001803 1127 33876046 1127
224168734 1128 65020854 1128 33847570 1128
224533411 1129 65639581 1129 33888674 1129
224663643 1130 65659383 1130 33860803 1130
224881736 1131 65563783 1131 33874828 1131
225146680 1132 65659073 1132 33856485 1132
225387238 1133 65746816 1133 33906364 1133
236477559 1134 65671659 1134 34065789 1134
225568309 1135 65541255 1135 33797283 1135
226214015 1136 65646918 1136 33831724 1136
225939593 1137 66161346 1137 34286288 1137
225893195 1138 65940126 1138 34356209 1138
226522846 1139 66049179 1139 34306818 1139
226415807 1140 65925696 1140 34340040 1140
234050249 1141 66183362 1141 34244441 1141
226926501 1142 65881383 1142 34457727 1142
227146903 1143 65928805 1143 34334973 1143
227233572 1144 66076962 1144 34298504 1144
228374057 1145 66518911 1145 34345318 1145
227404802 1146 66512870 1146 34310525 1146
227882234 1147 66465711 1147 34292548 1147
238489051 1148 66663050 1148 34276278 1148
228430187 1149 66428355 1149 34476052 1149
228097652 1150 66578196 1150 34283418 1150
228732203 1151 66436748 1151 34305885 1151
228694069 1152 66541556 1152 34303427 1152
229063461 1153 66972316 1153 35528436 1153
229338074 1154 66992741 1154 34790552 1154
236261534 1155 66950195 1155 34745314 1155
229547787 1156 66909591 1156 34965318 1156
229766357 1157 66954579 1157 34748419 1157
229926463 1158 66983999 1158 34770886 1158
230294261 1159 66867783 1159 34793676 1159
230515928 1160 66929091 1160 34774890 1160
230945630 1161 67404688 1161 34806146 1161
242114325 1162 67414656 1162 34797377 1162
231238612 1163 67150578 1163 34732324 1163
230907605 1164 67290242 1164 34758399 1164
231630832 1165 67429372 1165 34770496 1165
250385306 1166 73890619 1166 34826312 1166
231847359 1167 67447715 1167 34770917 1167
231714846 1168 67571892 1168 34803232 1168
245717658 1169 67893373 1169 35213932 1169
232306471 1170 67791058 1170 35228999 1170
233647030 1171 68045108 1171 35285229 1171
232837517 1172 67846930 1172 35247677 1172
233260754 1173 67769520 1173 35267277 1173
233145997 1174 68016574 1174 35245390 1174
233592399 1175 67912305 1175 42354650 1175
237670461 1176 67999812 1176 35252564 1176
233986055 1177 68366444 1177 35255957 1177
233858098 1178 68306075 1178 35225872 1178
234207268 1179 68908635 1179 35205902 1179
234264323 1180 68347064 1180 35213599 1180
234603216 1181 68346383 1181 37978542 1181
234818422 1182 76846763 1182 37786319 1182
235179749 1183 68315496 1183 35226720 1183
235027335 1184 68400502 1184 35245278 1184
235324195 1185 68862984 1185 35690763 1185
235485363 1186 68798246 1186 38636032 1186
236291050 1187 68699735 1187 35691151 1187
237065604 1188 68779234 1188 35773003 1188
242407148 1189 68803415 1189 35714170 1189
236517452 1190 68922640 1190 35915679 1190
236800443 1191 68706786 1191 35729937 1191
236840143 1192 68829243 1192 35724491 1192
237232447 1193 69079583 1193 35685603 1193
237539171 1194 69414810 1194 35698606 1194
237721090 1195 69408795 1195 35803039 1195
252251313 1196 69463006 1196 35641331 1196
238256848 1197 69262496 1197 35809396 1197
237735705 1198 69369904 1198 35667816 1198
238374054 1199 69265591 1199 35648561 1199
238253504 1200 69393773 1200 35729241 1200
238961564 1201 69562105 1201 36111662 1201
238902564 1202 70562388 1202 36447726 1202
245199483 1203 69788347 1203 36174197 1203
239289526 1204 69760103 1204 36169806 1204
240685319 1205 69918790 1205 36157130 1205
239725428 1206 69585398 1206 36173070 1206
240053873 1207 69685608 1207 36220684 1207
240020174 1208 69895195 1208 36148018 1208
240551010 1209 78912824 1209 36313798 1209
240655732 1210 70274380 1210 36315554 1210
240758917 1211 69998641 1211 36122069 1211
240934629 1212 70246982 1212 36323197 1212
241913058 1213 70219607 1213 36206473 1213
241423297 1214 70267983 1214 36184835 1214
241616195 1215 70292528 1215 36250640 1215
253715040 1216 69921905 1216 36189824 1216
242084928 1217 70809803 1217 36793970 1217
242178259 1218 70846764 1218 36604661 1218
242437751 1219 70772287 1219 36645110 1219
242462897 1220 70786540 1220 36719442 1220
243378209 1221 70708354 1221 36611081 1221
242829470 1222 70697938 1222 42591755 1222
242804563 1223 70747578 1223 36608772 1223
243053290 1224 70732672 1224 36604415 1224
243274589 1225 70933422 1225 36901620 1225
243492487 1226 70876443 1226 37559466 1226
244250753 1227 71224129 1227 36608988 1227
243587969 1228 71069156 1228 36605641 1228
255861695 1229 71901935 1229 36664466 1229
244404933 1230 70831432 1230 36607653 1230
244578313 1231 71194227 1231 36749741 1231
244443052 1232 71110249 1232 36597216 1232
244869690 1233 71563429 1233 37060267 1233
244914303 1234 71650228 1234 37072148 1234
245295803 1235 71498944 1235 37085514 1235
252960324 1236 71614438 1236 37067439 1236
245707261 1237 71649250 1237 37817892 1237
245831800 1238 71749904 1238 37089211 1238
246128828 1239 71395793 1239 37093419 1239
246180776 1240 71821153 1240 37214798 1240
246466069 1241 72125026 1241 37084551 1241
255895785 1242 72989744 1242 37202277 1242
247266220 1243 72162330 1243 37077105 1243
247092479 1244 72166167 1244 37073511 1244
247569459 1245 72109832 1245 37090087 1245
248394618 1246 72176296 1246 37086639 1246
247880762 1247 71885910 1247 37112286 1247
248166551 1248 71997892 1248 37129723 1248
260055822 1249 72695789 1249 37514262 1249
248359316 1250 72685310 1250 37537146 1250
248548887 1251 72599950 1251 37597153 1251
248746285 1252 72445908 1252 37554397 1252
249111231 1253 72602514 1253 37651945 1253
249691158 1254 72632598 1254 37502894 1254
256571367 1255 72536294 1255 37541423 1255
249043391 1256 72501873 1256 37601760 1256
249566630 1257 73079162 1257 37529347 1257
249408578 1258 73135396 1258 37551739 1258
250012006 1259 73065845 1259 37590371 1259
249991392 1260 72833357 1260 37565458 1260
250429391 1261 73091761 1261 45635841 1261
255325207 1262 73178301 1262 37574262 1262
250876158 1263 72955593 1263 37594607 1263
250826398 1264 73052017 1264 37652967 1264
251265200 1265 73489522 1265 38085433 1265
251262040 1266 73583204 1266 38076490 1266
251812660 1267 73584934 1267 38111168 1267
264743933 1268 73414631 1268 38024543 1268
251910084 1269 73517550 1269 38009589 1269
252755967 1270 73465740 1270 38104855 1270
252371776 1271 73518784 1271 38081702 1271
252162968 1272 73487265 1272 38035824 1272
252558124 1273 74042986 1273 38003465 1273
263569438 1274 76664377 1274 38112571 1274
253697169 1275 73759158 1275 38075980 1275
253061232 1276 74022070 1276 38186666 1276
253434880 1277 73968347 1277 38747674 1277
253685357 1278 73807721 1278 38024607 1278
253974354 1279 73866471 1279 38032846 1279
253981760 1280 73967817 1280 46844197 1280
257846016 1281 74508466 1281 38478328 1281
254493494 1282 74292367 1282 38563175 1282
254905508 1283 74358438 1283 38462022 1283
254721622 1284 74239318 1284 38451709 1284
255182785 1285 74834042 1285 38509851 1285
255229700 1286 74194554 1286 38460190 1286
261620439 1287 74318701 1287 38452414 1287
255593637 1288 74415196 1288 38451841 1288
264738817 1289 74979209 1289 38580140 1289
256249137 1290 74546738 1290 38496568 1290
256936677 1291 74857531 1291 38619077 1291
256557488 1292 74738103 1292 38500656 1292
264659469 1293 74747191 1293 38453793 1293
256864458 1294 74774394 1294 38466222 1294
257219379 1295 74771529 1295 38462391 1295
257229476 1296 74907584 1296 38456000 1296
258714822 1297 75328767 1297 38935172 1297
258095367 1298 75303241 1298 39067933 1298
264745040 1299 78933779 1299 39013337 1299
258122451 1300 75187381 1300 38955802 1300
259542795 1301 75232450 1301 38965840 1301
258817270 1302 75284856 1302 38979986 1302
259015085 1303 75064815 1303 38913894 1303
259164968 1304 75233709 1304 38961117 1304
259193097 1305 83611210 1305 45377972 1305
259446858 1306 75870611 1306 38998285 1306
259650544 1307 75732318 1307 38981378 1307
259648824 1308 75824804 1308 38989514 1308
260692450 1309 75881117 1309 39041044 1309
259999107 1310 75731791 1310 38969136 1310
260152374 1311 75927693 1311 38993695 1311
267810921 1312 75838738 1312 38970958 1312
260737082 1313 75978239 1313 39463762 1313
260969971 1314 76291254 1314 39421781 1314
261217052 1315 76198825 1315 39447131 1315
261099655 1316 76484710 1316 39403527 1316
261528564 1317 76229414 1317 39400226 1317
267305034 1318 76122937 1318 39436391 1318
261954710 1319 76259684 1319 39454766 1319
262020334 1320 76375997 1320 39388112 1320
263383149 1321 76635183 1321 39404063 1321
262952094 1322 76519114 1322 39441127 1322
262893936 1323 76555361 1323 39426429 1323
276870470 1324 76623133 1324 39385873 1324
263171731 1325 76750988 1325 39424558 1325
262890855 1326 76483267 1326 39428050 1326
263440347 1327 76500080 1327 39319267 1327
263532889 1328 76700386 1328 39454666 1328
264068754 1329 77073798 1329 39867979 1329
277400794 1330 76986823 1330 39916398 1330
264379747 1331 77156936 1331 40654008 1331
264328125 1332 77041992 1332 39880461 1332
264400589 1333 77092209 1333 39854421 1333
264697684 1334 77204019 1334 39930040 1334
264859263 1335 77287762 1335 39879653 1335
277037650 1336 77150328 1336 39851407 1336
265571108 1337 77665876 1337 39924657 1337
265694743 1338 77842123 1338 39868169 1338
266739768 1339 77614493 1339 39953522 1339
266060117 1340 77667129 1340 39919887 1340
266189351 1341 77577878 1341 39916993 1341
272886739 1342 77375102 1342 39891792 1342
267587970 1343 77510960 1343 39885536 1343
266578782 1344 77762278 1344 39850871 1344
266866657 1345 78014582 1345 40297813 1345
267173903 1346 78050942 1346 40397719 1346
268161671 1347 78066562 1347 40376763 1347
280531425 1348 78049820 1348 40318495 1348
267791453 1349 78107757 1349 40369185 1349
267671400 1350 78147030 1350 40296477 1350
268121699 1351 78074419 1351 40297906 1351
268510804 1352 78011391 1352 40389567 1352
268769585 1353 78392086 1353 40348195 1353
280004774 1354 78551451 1354 40336564 1354
269054910 1355 78511362 1355 40366595 1355
268824743 1356 78328188 1356 40341207 1356
269550174 1357 78597501 1357 40329421 1357
269496794 1358 78442358 1358 40433994 1358
270043753 1359 78486059 1359 40337832 1359
288152743 1360 78428284 1360 40339047 1360
270239050 1361 78749237 1361 40861829 1361
270316702 1362 78427744 1362 40840999 1362
270730016 1363 78975168 1363 40785213 1363
270717888 1364 79137585 1364 40817551 1364
271185058 1365 78904486 1365 40786965 1365
285195726 1366 78725558 1366 40885755 1366
271706362 1367 78902471 1367 40809353 1367
271978712 1368 78991514 1368 40762767 1368
272060580 1369 79179049 1369 40895207 1369
271807089 1370 79190566 1370 40823024 1370
272139352 1371 79474650 1371 40786432 1371
278914621 1372 79450742 1372 40962601 1372
272483892 1373 79210276 1373 40773026 1373
272832741 1374 79308071 1374 40794873 1374
272958028 1375 79443326 1375 40800461 1375
273760627 1376 79443500 1376 40755291 1376
273310201 1377 79831830 1377 48764094 1377
277408872 1378 79880061 1378 41262992 1378
274212799 1379 79798458 1379 41279061 1379
273877578 1380 79857318 1380 41285927 1380
274383195 1381 79903007 1381 41294836 1381
274361428 1382 79887968 1382 41306094 1382
274707217 1383 92744413 1383 43032942 1383
274664026 1384 79815310 1384 41319296 1384
275088555 1385 80137493 1385 41272961 1385
274859622 1386 80345903 1386 41246422 1386
275578241 1387 80382941 1387 41265027 1387
275504339 1388 80301856 1388 41239824 1388
288510716 1389 84262253 1389 41250389 1389
276027749 1390 80123527 1390 41185301 1390
276822076 1391 80312753 1391 41375244 1391
276333546 1392 80288641 1392 41269847 1392
276212177 1393 80668496 1393 41734151 1393
276710719 1394 80856108 1394 41680349 1394
292345038 1395 80860937 1395 41737648 1395
277039889 1396 80605966 1396 42101402 1396
277624283 1397 80591398 1397 41773872 1397
277662981 1398 80631616 1398 41767751 1398
278048758 1399 80849805 1399 41740648 1399
278073023 1400 80764304 1400 41802817 1400
283514934 1401 81215174 1401 41860834 1401
278642978 1402 81323754 1402 41697800 1402
278387601 1403 81122913 1403 41696981 1403
278503911 1404 81328205 1404 41774951 1404
278822823 1405 81184132 1405 41730215 1405
278898224 1406 81230217 1406 49625413 1406
281833768 1407 80980380 1407 41712777 1407
279566227 1408 81175581 1408 41733929 1408
280086014 1409 81719529 1409 42249551 1409
281797989 1410 81728837 1410 42224987 1410
279721453 1411 81532692 1411 42163196 1411
286840355 1412 84439012 1412 42192465 1412
280752742 1413 81662612 1413 42222890 1413
280576665 1414 81800905 1414 42198212 1414
281078968 1415 81807377 1415 42221427 1415
281144606 1416 81702960 1416 42188577 1416
281489986 1417 82207490 1417 42183041 1417
297624902 1418 81782515 1418 42157313 1418
281641716 1419 82093516 1419 42200684 1419
281549476 1420 82181813 1420 42267178 1420
282145852 1421 82092528 1421 42171974 1421
281977951 1422 82098989 1422 42146394 1422
282546831 1423 82023854 1423 42178243 1423
296575822 1424 82210888 1424 42161511 1424
282714007 1425 82702776 1425 42721437 1425
282861646 1426 82593821 1426 42676187 1426
283267196 1427 82358601 1427 42652238 1427
283429097 1428 82502742 1428 42645299 1428
288866595 1429 82553077 1429 42690586 1429
284076107 1430 82694693 1430 42669231 1430
284184558 1431 82905749 1431 42706679 1431
284055316 1432 82587035 1432 42642809 1432
293384385 1433 82847459 1433 42684801 1433
284631477 1434 82960524 1434 42665344 1434
300694617 1435 82744766 1435 42669704 1435
285016350 1436 83023672 1436 42694249 1436
285495812 1437 83087169 1437 42661969 1437
285563695 1438 82958079 1438 42678140 1438
285821812 1439 83026466 1439 42660918 1439
285648817 1440 88345854 1440 47166576 1440
286212221 1441 83412910 1441 43109370 1441
296613837 1442 83895920 1442 43112100 1442
286420491 1443 83556655 1443 43199322 1443
286285846 1444 83487645 1444 43113043 1444
286735185 1445 83538024 1445 43133584 1445
298624792 1446 83583335 1446 43186591 1446
287838479 1447 83575594 1447 43159902 1447
287469176 1448 83425830 1448 43175569 1448
288002007 1449 83771873 1449 43257281 1449
287876481 1450 83885822 1450 43161603 1450
288567805 1451 83617158 1451 43104546 1451
309204488 1452 84205886 1452 43105210 1452
288527259 1453 83756737 1453 43098045 1453
288455381 1454 83816306 1454 43294334 1454
288770858 1455 83878126 1455 43116146 1455
289045021 1456 83811934 1456 43078891 1456
294512581 1457 84333868 1457 43624976 1457
289414134 1458 84450100 1458 43645578 1458
289897586 1459 84427669 1459 43605020 1459
289990500 1460 84219794 1460 43591872 1460
290467031 1461 84397452 1461 43718886 1461
290243233 1462 84465066 1462 43628132 1462
304655378 1463 84516999 1463 43626907 1463
290581031 1464 84459794 1464 43675226 1464
291009024 1465 84769872 1465 43629807 1465
290953450 1466 84942734 1466 43599007 1466
291352071 1467 84827292 1467 43630039 1467
299213825 1468 84806369 1468 43582006 1468
291679061 1469 84808831 1469 43685155 1469
291647119 1470 84954551 1470 43578460 1470
292227260 1471 84651602 1471 43590793 1471
292273408 1472 84503632 1472 43566896 1472
292526806 1473 85371088 1473 44036286 1473
302898403 1474 85307823 1474 44063861 1474
293120796 1475 85388096 1475 44050112 1475
292830877 1476 85357255 1476 44080206 1476
293343971 1477 85394819 1477 44088387 1477
293307531 1478 85164872 1478 55593140 1478
302966727 1479 85335635 1479 44022084 1479
293517776 1480 85320754 1480 44034138 1480
294277259 1481 85742062 1481 44075098 1481
293922451 1482 85752459 1482 44054410 1482
294202420 1483 86371062 1483 44053612 1483
294932510 1484 85870646 1484 49273634 1484
294865918 1485 85744326 1485 43996068 1485
294579348 1486 85560625 1486 44040156 1486
295273612 1487 85608062 1487 44092340 1487
295198985 1488 85738861 1488 44052234 1488
295785552 1489 86142580 1489 44520921 1489
311407368 1490 86131149 1490 44491600 1490
295977953 1491 86246286 1491 44467021 1491
296123819 1492 86312064 1492 44465328 1492
296931225 1493 86218021 1493 44526434 1493
296133110 1494 86138623 1494 44515238 1494
296629806 1495 95335667 1495 45672818 1495
296935733 1496 86280905 1496 44516946 1496
297244965 1497 86763483 1497 44514660 1497
297283371 1498 86638134 1498 44576690 1498
297690368 1499 86557442 1499 44553682 1499
297690002 1500 86379324 1500 44457687 1500
314235896 1501 86552648 1501 44505290 1501
297908094 1502 86631138 1502 44444885 1502
298996485 1503 86651424 1503 44498516 1503
299368687 1504 86466156 1504 44486872 1504
298748203 1505 87013101 1505 44966010 1505
308149124 1506 87404035 1506 44980794 1506
299082831 1507 87141414 1507 44944721 1507
299066841 1508 87075265 1508 44975963 1508
299695438 1509 87006515 1509 44941183 1509
299334264 1510 87131690 1510 44960467 1510
299983990 1511 86904495 1511 52230810 1511
300646696 1512 87249654 1512 44970042 1512
300597572 1513 87295758 1513 45050623 1513
300663483 1514 87515652 1514 45024193 1514
300982388 1515 87519353 1515 44987785 1515
300924233 1516 87431837 1516 44994174 1516
316553828 1517 87590605 1517 44969210 1517
301374197 1518 87666471 1518 45001495 1518
301879562 1519 87607227 1519 45036521 1519
301831982 1520 87501388 1520 44998325 1520
302201131 1521 87934926 1521 45436172 1521
321064755 1522 88270859 1522 45450790 1522
302310138 1523 88021591 1523 45445195 1523
303141095 1524 88041606 1524 45453665 1524
302659675 1525 88104689 1525 45402411 1525
302723075 1526 88040829 1526 45418773 1526
303169350 1527 95419405 1527 48049160 1527
303229771 1528 88072881 1528 45481128 1528
303675390 1529 88546765 1529 45364521 1529
303651177 1530 88382717 1530 45523466 1530
303842881 1531 88595295 1531 45432258 1531
304461755 1532 100272460 1532 45447933 1532
317696221 1533 88343145 1533 45585868 1533
304374347 1534 88043936 1534 45469032 1534
304977932 1535 88487974 1535 45682262 1535
304884870 1536 88331397 1536 45444603 1536
305349697 1537 88959786 1537 46047781 1537
311272103 1538 88900282 1538 45941544 1538
305703898 1539 88938718 1539 45857670 1539
305742700 1540 88818762 1540 45977493 1540
306084367 1541 88888560 1541 45935947 1541
306215856 1542 88970746 1542 45941012 1542
319058890 1543 89321606 1543 45884394 1543
306571009 1544 88779773 1544 45821881 1544
306878108 1545 89353472 1545 45925420 1545
306868267 1546 89219738 1546 45863068 1546
307161740 1547 89358077 1547 45920373 1547
307138340 1548 100471981 1548 45999086 1548
307891539 1549 89423430 1549 46006956 1549
307797683 1550 89324297 1550 45868802 1550
308008957 1551 89046677 1551 45983748 1551
308158844 1552 89296413 1552 46013919 1552
308480288 1553 89400561 1553 46523206 1553
313498342 1554 89870296 1554 46570396 1554
308883779 1555 89573498 1555 46538827 1555
308657129 1556 89834500 1556 46505502 1556
309015004 1557 89817933 1557 46444010 1557
309026643 1558 89789610 1558 46451107 1558
321806205 1559 89956766 1559 46449251 1559
309523942 1560 89789321 1560 46493852 1560
310042580 1561 90415689 1561 46508354 1561
310017540 1562 90190922 1562 46557393 1562
311248918 1563 90237439 1563 46433219 1563
315982092 1564 90070966 1564 46608866 1564
310488218 1565 90363185 1565 46548264 1565
310808694 1566 90276420 1566 46490708 1566
310992208 1567 90232251 1567 46478128 1567
312017008 1568 90273704 1568 46431874 1568
323343073 1569 90990801 1569 47047721 1569
311682332 1570 90809948 1570 47026525 1570
312073668 1571 90798453 1571 47068773 1571
313969733 1572 90973858 1572 46966745 1572
312467728 1573 90706415 1573 47019935 1573
319872306 1574 96771922 1574 47279883 1574
312701928 1575 90618423 1575 47036279 1575
313488337 1576 90871873 1576 47029169 1576
313264003 1577 91329690 1577 47036181 1577
313105637 1578 91254053 1578 47056874 1578
313827732 1579 104631585 1579 47147912 1579
313631437 1580 91747359 1580 47798053 1580
313868472 1581 91023674 1581 47145412 1581
314581561 1582 91168162 1582 47026477 1582
313978341 1583 91240593 1583 47028486 1583
314188730 1584 96390879 1584 47018338 1584
314650674 1585 91739358 1585 47646089 1585
314591055 1586 91671042 1586 47634957 1586
315838452 1587 91597939 1587 47597608 1587
314993931 1588 91605792 1588 47720361 1588
315399814 1589 91609687 1589 53104969 1589
315335928 1590 91808772 1590 47717699 1590
315918666 1591 91774097 1591 47682673 1591
315597125 1592 91635022 1592 47611885 1592
316781135 1593 92032698 1593 47611693 1593
315855673 1594 91891288 1594 47601727 1594
321598762 1595 92052868 1595 47615271 1595
316397122 1596 92086257 1596 47615433 1596
316766360 1597 92150652 1597 47592179 1597
316987508 1598 92140982 1598 47614179 1598
317175501 1599 92131806 1599 48364274 1599
327341932 1600 92065470 1600 47612572 1600
318362979 1601 92600141 1601 48092005 1601
317642994 1602 96409016 1602 51601291 1602
318256095 1603 93313093 1603 48121415 1603
318384167 1604 92632335 1604 48192773 1604
325003469 1605 92683164 1605 48136935 1605
319440163 1606 92339441 1606 48155155 1606
318961302 1607 92555617 1607 48135897 1607
319015552 1608 92549342 1608 48126536 1608
319697746 1609 93153415 1609 48161707 1609
326906430 1610 93195768 1610 48188719 1610
319975371 1611 93055527 1611 48128888 1611
320497366 1612 93092326 1612 48111578 1612
320250224 1613 93168866 1613 48127667 1613
320220921 1614 93240796 1614 48118017 1614
331193899 1615 93184924 1615 48176354 1615
320563285 1616 93175362 1616 48145739 1616
320758815 1617 93528610 1617 48670685 1617
320641259 1618 93946355 1618 48587855 1618
321209088 1619 93640513 1619 48652281 1619
332473638 1620 93400573 1620 48631462 1620
321718295 1621 93411956 1621 48669541 1621
321971629 1622 93631181 1622 48670474 1622
321205724 1623 93504233 1623 48627687 1623
321922925 1624 93522647 1624 49389658 1624
333422224 1625 93924197 1625 48621863 1625
322257224 1626 94028244 1626 48653708 1626
322783344 1627 94063343 1627 48681273 1627
323101808 1628 94059207 1628 48638375 1628
324366017 1629 93914114 1629 48774822 1629
338620744 1630 93988653 1630 48652428 1630
324395985 1631 93855161 1631 48590285 1631
323468136 1632 93981770 1632 48671156 1632
323990431 1633 94515623 1633 49125906 1633
323288328 1634 94488564 1634 49111553 1634
329760645 1635 94512315 1635 49153336 1635
324859411 1636 94403734 1636 49143446 1636
325650104 1637 94661926 1637 49246119 1637
324861313 1638 94628937 1638 49157101 1638
325373728 1639 94622332 1639 54422856 1639
326195081 1640 94652935 1640 49191528 1640
325761075 1641 95070330 1641 49158491 1641
326912533 1642 94811554 1642 49142823 1642
326997530 1643 95040939 1643 49185353 1643
326313011 1644 95000741 1644 54409349 1644
326562096 1645 95019638 1645 49213338 1645
326681457 1646 95064151 1646 49201765 1646
326974903 1647 94849970 1647 49171154 1647
326888564 1648 94999069 1648 49195177 1648
328085077 1649 100649979 1649 49642783 1649
327348153 1650 95434850 1650 49657226 1650
327558417 1651 95526856 1651 49729750 1651
327739626 1652 95352244 1652 49661718 1652
328175975 1653 95540864 1653 49687297 1653
328302360 1654 104942405 1654 49656245 1654
328419598 1655 96004296 1655 49643596 1655
328455375 1656 95510879 1656 49744215 1656
328997111 1657 95721111 1657 49659410 1657
328885406 1658 95933173 1658 49640044 1658
334475183 1659 95930173 1659 49710839 1659
329216021 1660 95865496 1660 49683962 1660
329471215 1661 96312277 1661 49629550 1661
329552461 1662 95884296 1662 49628635 1662
329744225 1663 95862296 1663 49634943 1663
341585827 1664 96009709 1664 49641292 1664
330331319 1665 96174622 1665 50088636 1665
330304215 1666 96254508 1666 50142459 1666
330747839 1667 96609486 1667 50188725 1667
330725916 1668 96277090 1668 50092304 1668
336378071 1669 96340117 1669 50133535 1669
330966082 1670 96274856 1670 50151461 1670
331421341 1671 96279044 1671 50084010 1671
331733260 1672 96364926 1672 50178043 1672
331981110 1673 96825456 1673 51035492 1673
344492975 1674 96671237 1674 50147400 1674
332797908 1675 96727651 1675 50190776 1675
332748634 1676 96916851 1676 50343898 1676
333110326 1677 96822324 1677 50129397 1677
332912559 1678 96632235 1678 57459191 1678
333293281 1679 97921490 1679 51072717 1679
333272034 1680 96864906 1680 50147962 1680
333604488 1681 97361138 1681 50692283 1681
333683818 1682 97337828 1682 50977639 1682
334657461 1683 103310799 1683 50629251 1683
334015820 1684 97289216 1684 50648611 1684
334484378 1685 97274612 1685 51457280 1685
334479395 1686 97346458 1686 50658861 1686
334824148 1687 97159074 1687 50675280 1687
347034353 1688 97187128 1688 50716884 1688
335391662 1689 97658751 1689 50699396 1689
335345503 1690 97644441 1690 50674995 1690
335474452 1691 97664155 1691 51470439 1691
335456714 1692 97650868 1692 50622467 1692
340965171 1693 97663936 1693 50654394 1693
335894328 1694 97707036 1694 50653976 1694
336608754 1695 97652567 1695 50623061 1695
336159430 1696 97485726 1696 50667173 1696
336605617 1697 98624918 1697 51181690 1697
341608589 1698 98220082 1698 51110555 1698
336840972 1699 98119542 1699 51140130 1699
337151219 1700 98403183 1700 51188460 1700
337313203 1701 98184707 1701 51143614 1701
337553923 1702 109017308 1702 54199984 1702
338184646 1703 98658075 1703 51100535 1703
338071638 1704 98274975 1704 51212770 1704
338328369 1705 98706127 1705 51158451 1705
338575080 1706 98634107 1706 51177015 1706
344608021 1707 98753681 1707 51206942 1707
339075061 1708 98579272 1708 51163095 1708
339114649 1709 98950563 1709 51133844 1709
339239726 1710 98760570 1710 51202262 1710
339649182 1711 98617924 1711 51146680 1711
351720182 1712 98581479 1712 51151244 1712
340053862 1713 99125193 1713 51676846 1713
340046336 1714 99023751 1714 51685015 1714
341200878 1715 99045357 1715 51669823 1715
340389058 1716 99241169 1716 51682075 1716
345743794 1717 99240864 1717 51660269 1717
340910218 1718 99126430 1718 51597448 1718
343358619 1719 98945090 1719 51650720 1719
341029604 1720 99303146 1720 51636729 1720
342457707 1721 108885819 1721 51675952 1721
341431219 1722 99697721 1722 51630420 1722
341608120 1723 99844598 1723 51640009 1723
341646396 1724 99626277 1724 51631675 1724
342252097 1725 99630183 1725 51570214 1725
348124735 1726 99460223 1726 51554279 1726
343127970 1727 99832410 1727 51634799 1727
342686224 1728 99674841 1728 51669881 1728
343108878 1729 100241687 1729 52104159 1729
342848959 1730 100278887 1730 52157490 1730
349381661 1731 100182714 1731 52147593 1731
343367090 1732 100179058 1732 52103329 1732
344416677 1733 100298521 1733 52072871 1733
343533717 1734 100218886 1734 52152432 1734
344196381 1735 109450158 1735 52170561 1735
344442854 1736 100251857 1736 52124824 1736
344514604 1737 100823734 1737 52170354 1737
344859791 1738 100830105 1738 52949331 1738
345222051 1739 100922691 1739 52151929 1739
355555442 1740 100637288 1740 52139611 1740
345689528 1741 100848948 1741 52130138 1741
345492792 1742 100830842 1742 52187084 1742
345937174 1743 100824215 1743 52211006 1743
345890481 1744 101304452 1744 52125134 1744
353652539 1745 101298874 1745 52668369 1745
346307239 1746 100892121 1746 52671915 1746
346743193 1747 101405882 1747 52670385 1747
346924636 1748 101354454 1748 52626773 1748
354952829 1749 104554596 1749 52684368 1749
347992536 1750 101082848 1750 52611536 1750
347641440 1751 101240003 1751 52639772 1751
347488306 1752 101314358 1752 52694534 1752
348034618 1753 101905889 1753 55578287 1753
355380618 1754 101658805 1754 52585718 1754
348187764 1755 101724951 1755 52616474 1755
348854516 1756 101635728 1756 52647899 1756
348608343 1757 101645226 1757 52621775 1757
352264251 1758 107577614 1758 52637193 1758
349359561 1759 101999999 1759 52669938 1759
349174261 1760 101705571 1760 52700890 1760
349665658 1761 102789745 1761 54051676 1761
349697964 1762 102200927 1762 53114677 1762
355203895 1763 102312019 1763 53139328 1763
350123461 1764 102140297 1764 53254552 1764
350051992 1765 102244689 1765 54520507 1765
350444933 1766 102270061 1766 53115151 1766
350905744 1767 102928229 1767 59731076 1767
361171839 1768 102224290 1768 53151242 1768
350890467 1769 102811223 1769 53273360 1769
351213526 1770 102723482 1770 53129615 1770
351408093 1771 102864834 1771 53155812 1771
357205893 1772 102670047 1772 53138482 1772
352336586 1773 102734863 1773 53111211 1773
351873793 1774 102722049 1774 53083577 1774
352074349 1775 102877092 1775 53114853 1775
351991267 1776 102820258 1776 53147739 1776
358484386 1777 103128057 1777 53805486 1777
352671396 1778 103222927 1778 53610707 1778
353639961 1779 103169886 1779 53644453 1779
352886642 1780 103400890 1780 53657862 1780
361074008 1781 103398171 1781 53646071 1781
353298505 1782 103360577 1782 53676600 1782
353824943 1783 103046294 1783 53635456 1783
353830881 1784 103967814 1784 53646695 1784
353995036 1785 103868507 1785 53580396 1785
365693518 1786 103964481 1786 53735472 1786
354924666 1787 103909087 1787 53635125 1787
354920117 1788 103986329 1788 53668925 1788
355231828 1789 103848672 1789 53681065 1789
363215315 1790 107119364 1790 53658300 1790
355681544 1791 103759129 1791 53631742 1791
355505768 1792 103753382 1792 53687282 1792
355827729 1793 104083877 1793 54177224 1793
355982629 1794 104240097 1794 54098954 1794
371390439 1795 104458149 1795 54920723 1795
356246873 1796 104105527 1796 54145987 1796
356840771 1797 104290355 1797 54108127 1797
356656255 1798 104328168 1798 54114278 1798
362635866 1799 104304367 1799 54071423 1799
356818651 1800 104188423 1800 54069873 1800
357968767 1801 104722070 1801 54049895 1801
357291714 1802 104927351 1802 54099617 1802
357791550 1803 104848158 1803 54134782 1803
369677305 1804 104511084 1804 54028995 1804
358003718 1805 104670156 1805 54056464 1805
357983250 1806 104718456 1806 54051700 1806
359185838 1807 104740147 1807 54146340 1807
376379251 1808 104840607 1808 54099376 1808
358852856 1809 105406035 1809 54560223 1809
358886559 1810 105377957 1810 54663014 1810
359709466 1811 105317211 1811 54573925 1811
359482895 1812 105741670 1812 54811984 1812
373236860 1813 105182265 1813 54725401 1813
360499825 1814 105350588 1814 54629936 1814
360534421 1815 105371001 1815 54594407 1815
360328533 1816 105281168 1816 54584236 1816
373511919 1817 105949987 1817 54706446 1817
361427711 1818 105808627 1818 54651880 1818
361110264 1819 105955671 1819 54582654 1819
361017475 1820 105794046 1820 54830022 1820
362711749 1821 113223482 1821 54583212 1821
361502913 1822 105974800 1822 54656385 1822
361784993 1823 106199783 1823 54629999 1823
361738391 1824 106014465 1824 54617441 1824
362047983 1825 106138872 1825 55050231 1825
375387529 1826 106237430 1826 55100168 1826
362903988 1827 106407560 1827 55167368 1827
362929953 1828 106458011 1828 55227591 1828
364017004 1829 106344521 1829 55098221 1829
363424688 1830 112487918 1830 55070317 1830
363545825 1831 106342655 1831 55081764 1831
363411186 1832 106256195 1832 55066445 1832
364045420 1833 106985273 1833 55266018 1833
363884951 1834 107360713 1834 55056611 1834
376776821 1835 107046056 1835 55084876 1835
364329797 1836 106743415 1836 55057691 1836
365093108 1837 106815059 1837 55193385 1837
364892450 1838 107036778 1838 55148946 1838
370509321 1839 106913275 1839 55268473 1839
366037857 1840 106838973 1840 55112750 1840
365859508 1841 107277965 1841 55542481 1841
365312703 1842 107434485 1842 55549391 1842
365859718 1843 113176030 1843 55622891 1843
365861319 1844 107228072 1844 55574964 1844
366075583 1845 107755165 1845 55530213 1845
366101719 1846 107347008 1846 55519597 1846
367123887 1847 107185952 1847 55580510 1847
379325417 1848 107308257 1848 55505055 1848
366926391 1849 107904417 1849 55542577 1849
366690845 1850 107892404 1850 55579890 1850
368004034 1851 107864191 1851 55489803 1851
372305206 1852 107812174 1852 55447596 1852
367597386 1853 107946379 1853 55506880 1853
367684714 1854 107891353 1854 55532247 1854
368403628 1855 107678304 1855 55526217 1855
369007379 1856 107901585 1856 65838074 1856
373789279 1857 108438623 1857 56108675 1857
368387158 1858 108416498 1858 56031424 1858
368852128 1859 108262402 1859 56044762 1859
368839800 1860 108344511 1860 56042122 1860
374661374 1861 108394753 1861 56080061 1861
370474142 1862 108292751 1862 56100457 1862
369857149 1863 108411434 1863 56109516 1863
370094321 1864 108326267 1864 56058530 1864
385815297 1865 110212827 1865 56039633 1865
370472271 1866 108811460 1866 56053512 1866
371206650 1867 108840087 1867 56067536 1867
371002183 1868 108907511 1868 56106161 1868
371055645 1869 108933231 1869 69777818 1869
371899978 1870 108826945 1870 56267818 1870
371930148 1871 108820138 1871 56179096 1871
372489602 1872 108750785 1872 56098699 1872
372753533 1873 109318014 1873 56558111 1873
377601206 1874 109321117 1874 56576682 1874
372811781 1875 108864898 1875 56573738 1875
373010543 1876 109505387 1876 56746939 1876
373084693 1877 109397080 1877 56685621 1877
382640375 1878 115655127 1878 56759485 1878
372967085 1879 109305506 1879 56519303 1879
373868644 1880 109364885 1880 56476814 1880
373626634 1881 109730825 1881 56522514 1881
373654074 1882 114748582 1882 56554630 1882
374161435 1883 109606842 1883 56528123 1883
373892694 1884 109842340 1884 56464656 1884
374319855 1885 109705054 1885 56656689 1885
374282939 1886 110535627 1886 56524478 1886
396425898 1887 109455055 1887 56476075 1887
375205060 1888 109899204 1888 56525771 1888
375326199 1889 110213223 1889 56989723 1889
375221115 1890 110080691 1890 56990368 1890
380367463 1891 110140742 1891 56999968 1891
375594587 1892 110292151 1892 57047702 1892
375668130 1893 110130734 1893 57074932 1893
375975634 1894 110158664 1894 57015922 1894
391694567 1895 110008752 1895 57031787 1895
376586363 1896 109849186 1896 57055360 1896
377067349 1897 110761344 1897 57029606 1897
377355601 1898 110666570 1898 57049391 1898
377587625 1899 123990862 1899 57172082 1899
377435047 1900 110637833 1900 56982788 1900
376301867 1901 110776823 1901 57050373 1901
377600536 1902 110637105 1902 57068093 1902
378202145 1903 110624806 1903 57046822 1903
383201452 1904 110900925 1904 57028492 1904
378843366 1905 111083920 1905 57556372 1905
378926638 1906 111168705 1906 57523878 1906
378947937 1907 110913040 1907 57548507 1907
394560916 1908 111432694 1908 57641801 1908
379542924 1909 111039089 1909 57581774 1909
379483907 1910 111175931 1910 57515245 1910
380022417 1911 111195617 1911 57620852 1911
394846196 1912 111251325 1912 57613890 1912
380326172 1913 111760486 1913 57553223 1913
380467446 1914 111708445 1914 57518568 1914
380948079 1915 111431054 1915 57528806 1915
386205502 1916 117199984 1916 57490838 1916
380208571 1917 111447408 1917 57539769 1917
382437794 1918 113495938 1918 57526166 1918
381817399 1919 111460319 1919 57553434 1919
381626286 1920 119716540 1920 64343208 1920
381934636 1921 112140693 1921 57960332 1921
381565809 1922 111945371 1922 57986906 1922
382268910 1923 112228746 1923 57960718 1923
382264564 1924 112064001 1924 57885171 1924
388728824 1925 112214737 1925 57981543 1925
382771316 1926 112122917 1926 57986622 1926
383174523 1927 112236547 1927 57939290 1927
383116561 1928 111929054 1928 57980525 1928
399674926 1929 112427998 1929 57848742 1929
383215816 1930 113111490 1930 58045742 1930
383643226 1931 112399307 1931 57940353 1931
383601028 1932 112493190 1932 57946470 1932
394930645 1933 112563265 1933 57970644 1933
384299822 1934 112679574 1934 58162301 1934
384724967 1935 112575990 1935 58030123 1935
385351109 1936 112516277 1936 57932452 1936
396462273 1937 112610915 1937 58450178 1937
385136611 1938 113041347 1938 58457500 1938
385528916 1939 113006297 1939 58441998 1939
385771805 1940 113121513 1940 58458512 1940
387760552 1941 118764742 1941 58407780 1941
385638037 1942 113029504 1942 58370785 1942
396057097 1943 113062898 1943 58438353 1943
385999643 1944 112951647 1944 58419022 1944
386503847 1945 118819874 1945 58414659 1945
387829842 1946 113281185 1946 58404517 1946
386788861 1947 113557105 1947 58482550 1947
386766206 1948 113322678 1948 58635969 1948
389068247 1949 113523863 1949 66244681 1949
395586510 1950 113285724 1950 58511093 1950
388397328 1951 113536519 1951 58426150 1951
387524289 1952 113422803 1952 58403211 1952
388007046 1953 113873780 1953 58861919 1953
397519223 1954 113673153 1954 58876941 1954
388677513 1955 113871306 1955 58917557 1955
388514198 1956 114353499 1956 58939212 1956
389054597 1957 113927658 1957 59036977 1957
404595048 1958 113895216 1958 58895998 1958
389474512 1959 113638458 1959 58917575 1959
389275049 1960 113857693 1960 58915330 1960
389775380 1961 114833706 1961 58832816 1961
405316514 1962 114422436 1962 58898098 1962
390459705 1963 114180835 1963 58930402 1963
390186941 1964 114139862 1964 58894955 1964
391661182 1965 114354961 1965 58919346 1965
396700817 1966 114335247 1966 59656124 1966
390738669 1967 114417156 1967 58913151 1967
390780031 1968 114403226 1968 58886665 1968
391355939 1969 114782014 1969 59321910 1969
406213300 1970 114883082 1970 59355998 1970
392216387 1971 114677223 1971 59297353 1971
392588606 1972 114793245 1972 59322453 1972
392337596 1973 114736468 1973 59257937 1973
397539958 1974 114706426 1974 59317881 1974
392708980 1975 114740491 1975 59219669 1975
392705820 1976 114800059 1976 59310644 1976
393880191 1977 115128256 1977 59292622 1977
404472086 1978 119482635 1978 59223041 1978
393575551 1979 115036978 1979 59240887 1979
394291406 1980 115380418 1980 59238829 1980
393673611 1981 115295903 1981 59271494 1981
394158295 1982 124448066 1982 59341343 1982
394445374 1983 115307254 1983 59327970 1983
394061132 1984 115203497 1984 59288128 1984
394414458 1985 115717215 1985 59823623 1985
394594370 1986 120756839 1986 59818843 1986
395488334 1987 115780558 1987 59774221 1987
394522672 1988 115627219 1988 59819850 1988
395160952 1989 115554502 1989 59805602 1989
395156734 1990 125672600 1990 60870324 1990
395944380 1991 115565200 1991 59799137 1991
396214873 1992 115614576 1992 59806069 1992
396104847 1993 116059671 1993 59909535 1993
396131706 1994 122560023 1994 70639067 1994
396378703 1995 116041898 1995 59855306 1995
396256744 1996 116153236 1996 59867065 1996
397346526 1997 116135556 1997 59917456 1997
396580179 1998 116169521 1998 65096552 1998
397087900 1999 116193867 1999 59831542 1999
