43482624 1 35045744 1 33540398 1
32683574 2 33281909 2 33296624 2
34347645 3 33280966 3 33319282 3
35688016 4 33286950 4 33299829 4
38228215 5 33293032 5 33300239 5
39936773 6 33281049 6 33301157 6
41239673 7 33289185 7 33300078 7
43276555 8 33282139 8 33311962 8
49857870 9 36050985 9 33607733 9
46140960 10 35937079 10 33299407 10
48253984 11 35623082 11 33304698 11
49837444 12 36027427 12 33238025 12
52376097 13 36175764 13 33300710 13
53895510 14 35671866 14 33295807 14
55000448 15 35715533 15 33304739 15
56664794 16 35498680 16 33203202 16
59540347 17 38695735 17 36504217 17
60593768 18 38700201 18 35996793 18
62246364 19 38710503 19 37809095 19
64102182 20 38687490 20 35782547 20
65995917 21 38696326 21 35729673 21
68299559 22 38690676 22 35470899 22
69675479 23 38685629 23 35794622 23
72093406 24 38736793 24 35477901 24
75039218 25 40856892 25 36156338 25
75174611 26 40844313 26 35683988 26
76116837 27 40650026 27 36066980 27
78620746 28 40785601 28 35667134 28
80823833 29 43398916 29 36347077 29
83786323 30 41086974 30 35641779 30
86364045 31 40805382 31 35358535 31
88377541 32 40807683 32 36004971 32
89316504 33 42387418 33 38734045 33
91846777 34 42589375 34 38736670 34
92573000 35 41955038 35 38713151 35
94180224 36 42342465 36 38724096 36
96154062 37 42397408 37 38719652 37
105635304 38 44755739 38 38904268 38
99496240 39 43166492 39 38786901 39
101371387 40 42492951 40 38727894 40
103724285 41 47203616 41 38879738 41
105104230 42 45038308 42 39049186 42
106423573 43 45376652 43 38729359 43
108785152 44 45319069 44 38947704 44
113388628 45 45075012 45 39264875 45
111577786 46 45463145 46 38732838 46
114160169 47 45264488 47 38905342 47
115804403 48 45012859 48 39153020 48
116244248 49 50363158 49 41656583 49
119172094 50 51241246 50 42319017 50
124199910 51 50963907 51 41629775 51
120985117 52 49889642 52 41618522 52
122542120 53 50192886 53 41622304 53
134352359 54 47720984 54 41633099 54
126182297 55 49832819 55 41638522 55
127795465 56 50098284 56 42055103 56
129312853 57 54919695 57 41643648 57
130782940 58 54921969 58 41639964 58
132834847 59 54929400 59 41632450 59
134225290 60 54917832 60 41630266 60
135737515 61 54936356 61 41624926 61
144224362 62 54966428 62 41640402 62
139215122 63 54926161 63 41637278 63
140990347 64 54911821 64 41672497 64
142658221 65 58061735 65 42750852 65
143864784 66 57883125 66 42631925 66
148997830 67 58056615 67 42976048 67
147884314 68 62883937 68 43681928 68
149603915 69 57761286 69 43484393 69
151248543 70 58018320 70 43959211 70
152740287 71 57620468 71 42677609 71
156768244 72 57696218 72 43843759 72
156032062 73 60768434 73 43449610 73
157431765 74 60748792 74 44389823 74
169943671 75 60752492 75 43741840 75
160782268 76 60744837 76 43269917 76
165373705 77 60782116 77 43278191 77
164138302 78 60749295 78 43562545 78
168520700 79 60749930 79 42551338 79
176687159 80 60784982 80 43999447 80
169265194 81 65914726 81 46411409 81
171968923 82 62961355 82 45928418 82
172568989 83 62502067 83 45446400 83
174134746 84 63096929 84 45975565 84
175913579 85 62737237 85 46012225 85
177461137 86 63644811 86 45739614 86
178953125 87 63042509 87 51436309 87
181169528 88 62561799 88 45879975 88
182755320 89 64897796 89 45733411 89
184205106 90 64947324 90 45289569 90
188874464 91 64913689 91 45639731 91
187558789 92 64926570 92 45642889 92
188943818 93 64941187 93 48053393 93
190908306 94 64903209 94 46487890 94
192544761 95 66063391 95 45979170 95
195023634 96 64955469 96 45978101 96
195963289 97 67447150 97 48992110 97
197422694 98 67420752 98 48717439 98
199058895 99 72601241 99 49676154 99
201742535 100 67400366 100 48657783 100
202344399 101 67426704 101 48755086 101
203963870 102 67400625 102 48561865 102
205987177 103 67506334 103 48937885 103
210544794 104 67426667 104 48717746 104
214317495 105 69892238 105 48904219 105
211041541 106 69880208 106 49183705 106
212429701 107 69899130 107 48521027 107
213853521 108 69945859 108 48646920 108
216196149 109 69930276 109 48544285 109
217404315 110 83222122 110 48406519 110
219199033 111 69897068 111 48624300 111
220756285 112 69961457 112 49264189 112
222620077 113 72091656 113 50873671 113
223877963 114 72335044 114 50839809 114
225905182 115 72071183 115 50891507 115
232576277 116 71851494 116 50827905 116
229415106 117 72024047 117 50885769 117
230999079 118 72045718 118 50829518 118
232709699 119 72082528 119 50916121 119
234154490 120 71978013 120 50809634 120
235959195 121 74072684 121 50907668 121
237356163 122 74060658 122 50843790 122
238946919 123 74164465 123 50823458 123
240845475 124 74088490 124 50855790 124
242733394 125 90230884 125 52945248 125
256449895 126 74153019 126 50767163 126
245781246 127 74099042 127 50842472 127
247369485 128 74068723 128 50792020 128
251918772 129 76616279 129 53345162 129
250908495 130 76608729 130 53312587 130
267655040 131 76619682 131 53300345 131
254089332 132 76667374 132 55263800 132
262683527 133 77477846 133 54009635 133
261034260 134 76569078 134 53599141 134
260661994 135 76769931 135 53913325 135
279122058 136 77301429 136 53880758 136
264210753 137 79559992 137 53321530 137
268325927 138 78973552 138 54547291 138
265816028 139 79046195 139 53292433 139
267309874 140 85906637 140 53289227 140
269112021 141 79012298 141 53297578 141
270655044 142 79104502 142 53278753 142
272191345 143 79061954 143 53303286 143
274167098 144 79223249 144 53270179 144
280749526 145 84014673 145 55838799 145
277349876 146 81701582 146 55809573 146
279065955 147 80813639 147 55803625 147
282998746 148 81128302 148 55788029 148
282394142 149 81204810 149 55830973 149
295406223 150 81348076 150 55797092 150
285761723 151 81280578 151 55798041 151
287008860 152 81353292 152 55806128 152
288832521 153 83224279 153 55934968 153
298390627 154 83237959 154 55789998 154
292391308 155 83460716 155 55816079 155
294027381 156 83226444 156 55837395 156
295912066 157 83235873 157 55793090 157
297425791 158 83757289 158 61825657 158
301180590 159 83268310 159 55802300 159
300869496 160 83231902 160 55805418 160
303554667 161 85824175 161 58309426 161
303992822 162 85773238 162 58317330 162
311623105 163 85793081 163 58313445 163
307386858 164 85729948 164 58302059 164
309129161 165 85721373 165 58325187 165
310924167 166 85743089 166 58305587 166
322566137 167 86178406 167 58398395 167
314110838 168 85718216 168 58273720 168
315784444 169 88270288 169 58337187 169
317418074 170 89019226 170 58295268 170
318972884 171 90810432 171 58326791 171
320779626 172 89903078 172 58318025 172
322475276 173 88407542 173 58278910 173
324116199 174 88923524 174 58280917 174
328142889 175 88201404 175 63473610 175
327113765 176 88559969 176 58293469 176
328786774 177 92424831 177 61043224 177
330556202 178 91908806 178 61194100 178
332950454 179 91165519 179 71072248 179
333721479 180 92251066 180 61585595 180
335673146 181 93743785 181 61283823 181
337216326 182 90278944 182 61221827 182
338985028 183 91078569 183 66461920 183
340845898 184 91245836 184 60960578 184
342242956 185 94797882 185 60992565 185
343970188 186 94975690 186 61415456 186
345666227 187 93679095 187 63831147 187
347361992 188 93705499 188 61231668 188
349001368 189 93568764 189 61436563 189
350729775 190 95013335 190 61179688 190
352248647 191 98762025 191 61256958 191
354045272 192 93285103 192 60952859 192
355970240 193 95537379 193 63659206 193
357427728 194 94864821 194 63607335 194
364492261 195 102941176 195 63673677 195
360683990 196 95096448 196 63490429 196
362149835 197 96674902 197 63837142 197
364052077 198 94940697 198 63787589 198
373544355 199 95719903 199 63407243 199
367495017 200 97929139 200 63499807 200
369143723 201 98942093 201 63552572 201
370733332 202 98119762 202 63712667 202
378213831 203 98384207 203 63698345 203
373765651 204 98746339 204 63770238 204
375739587 205 97489069 205 64070086 205
377623767 206 108226493 206 63667572 206
379278636 207 98813014 207 64035129 207
380973807 208 98252530 208 63931014 208
382474863 209 100163581 209 66638306 209
389135801 210 100715276 210 66631452 210
385833007 211 101428184 211 66594686 211
387470575 212 99755141 212 66733594 212
388931354 213 100937948 213 66667724 213
397526830 214 101071548 214 66643977 214
392458042 215 100216677 215 66604748 215
394094530 216 102718331 216 66660215 216
410799479 217 103799612 217 66591301 217
397105875 218 101606187 218 66601333 218
401905246 219 102966928 219 66598468 219
400652199 220 103318436 220 66672313 220
419324163 221 111351510 221 66650514 221
404233809 222 101908212 222 66655737 222
405993825 223 103364297 223 71307973 223
421793955 224 103853006 224 67366841 224
412510578 225 108959521 225 69121551 225
417400728 226 111626134 226 69583275 226
416758415 227 107668852 227 75073520 227
415247541 228 106731769 228 69088577 228
415973526 229 104017121 229 69130612 229
417447647 230 105731138 230 69125444 230
424406039 231 106170981 231 69175446 231
420596446 232 105750090 232 69024618 232
422315399 233 110483184 233 69650660 233
424176883 234 122252915 234 69207440 234
425888047 235 109506973 235 69009759 235
427620529 236 109281889 236 69178879 236
428947638 237 109209591 237 69130954 237
436044239 238 111157463 238 69093379 238
432430227 239 108775350 239 69109253 239
433898774 240 109559205 240 69053516 240
457671553 241 120118409 241 71682697 241
437230479 242 120495032 242 71631032 242
438857400 243 120700872 243 71674082 243
457487266 244 121717032 244 71601121 244
442496190 245 120071434 245 71689967 245
444788214 246 120312208 246 71592266 246
445961553 247 123148532 247 71663174 247
447397170 248 120622620 248 71640851 248
449147128 249 119538923 249 71663202 249
451855154 250 123298931 250 77012380 250
452726028 251 122597902 251 71657312 251
454006086 252 117730311 252 71624614 252
455857425 253 116762257 253 71604305 253
462582979 254 116028789 254 71610041 254
459084881 255 118254632 255 71626933 255
461408975 256 117740406 256 71649804 256
472960275 257 125002688 257 75360310 257
464025843 258 125049931 258 74189368 258
465821527 259 125064499 259 74044612 259
488065974 260 125209790 260 74145269 260
468945142 261 125258344 261 74266895 261
470890489 262 124984053 262 74051066 262
489107723 263 125127535 263 76815871 263
474134776 264 124868861 264 74102577 264
477823580 265 129559313 265 74554474 265
486248450 266 129006446 266 74132230 266
478940801 267 129481935 267 74880025 267
480581483 268 127944413 268 74178304 268
489351159 269 129372840 269 74097073 269
484574126 270 130359147 270 74934855 270
490581662 271 130970296 271 74610167 271
507039369 272 128918893 272 74142967 272
498085255 273 129462699 273 76616792 273
490765654 274 129749883 274 76646727 274
497749077 275 128841913 275 76597194 275
493701378 276 130408675 276 79156725 276
495420888 277 129736587 277 76617886 277
502919880 278 129828741 278 87191691 278
506789421 279 129817112 279 76676778 279
501553674 280 129898890 280 81807194 280
504217190 281 131867704 281 76621974 281
508770231 282 132195330 282 76608245 282
508811667 283 146745938 283 77021693 283
507187293 284 132131889 284 76645459 284
512181477 285 132559470 285 77285484 285
513278892 286 132001776 286 77029932 286
517095763 287 132369111 287 76772713 287
514297598 288 132392609 288 76631369 288
533638736 289 138285838 289 79144865 289
517357280 290 139229576 290 79450729 290
518798628 291 140301979 291 80862904 291
536319166 292 135300066 292 79026067 292
522100921 293 137782711 293 79781910 293
523804484 294 137732120 294 78935952 294
530612194 295 137492446 295 81317001 295
527198112 296 139045236 296 79096110 296
528788623 297 146407890 297 80693493 297
531761770 298 136309032 298 79125532 298
531870601 299 136855362 299 83021219 299
543383542 300 136373788 300 79107383 300
536227278 301 135794447 301 78886700 301
541156740 302 136855174 302 79082096 302
543749417 303 136714441 303 79109400 303
543897587 304 136937668 304 79072801 304
541989908 305 139662503 305 81565822 305
561662528 306 140523173 306 81671799 306
545605567 307 139451210 307 81621546 307
550868190 308 144692749 308 82080082 308
548558328 309 139712812 309 81581931 309
556413114 310 139750670 310 82296656 310
566969661 311 139760326 311 81590712 311
555140977 312 139855364 312 81656597 312
555517607 313 144336154 313 81562907 313
571326217 314 144884926 314 82056332 314
558997933 315 144710680 315 83432683 315
565345904 316 149946961 316 81986818 316
562104568 317 144732773 317 82057670 317
563894016 318 144235233 318 81604908 318
569192408 319 145490799 319 82468842 319
568987699 320 143419842 320 81644144 320
573824341 321 144464367 321 92847295 321
570940936 322 144789641 322 88180844 322
583831106 323 145508655 323 88184092 323
583873786 324 145584080 324 88210083 324
590492605 325 145567520 325 88484874 325
586799582 326 144384135 326 87230681 326
584169395 327 144231882 327 88280106 327
580875488 328 154080452 328 90195373 328
598690721 329 147167129 329 86207334 329
583720915 330 148309107 330 90349640 330
585607631 331 146999323 331 86133128 331
601309098 332 151065070 332 90503984 332
589232272 333 146796341 333 86187185 333
594286613 334 146716904 334 88007818 334
592837682 335 147222025 335 86884568 335
594071018 336 146794560 336 89288471 336
600969238 337 152805489 337 89301056 337
597142976 338 150938377 338 87687762 338
598877491 339 163554916 339 94347649 339
602066951 340 150659222 340 88836087 340
602915142 341 151028092 341 94042447 341
622194433 342 150799564 342 91005935 342
605821021 343 151252627 343 90729386 343
609739809 344 151658511 344 89415924 344
608811668 345 151484618 345 91756308 345
610753141 346 151676324 346 90057519 346
617302788 347 151788483 347 88781938 347
615129242 348 151944213 348 92999301 348
621325367 349 151847476 349 91323438 349
617008136 350 151845001 350 91165395 350
618934417 351 151861411 351 105666049 351
620586894 352 151617416 352 90686333 352
621931255 353 154794580 353 94438328 353
639640953 354 154664881 354 93161688 354
625228153 355 154590627 355 95424491 355
626904268 356 165354198 356 93084722 356
628622780 357 154633244 357 93570904 357
631284344 358 154468015 358 92191890 358
638548160 359 154283106 359 93035554 359
634660263 360 154458560 360 91422703 360
643702551 361 157316353 361 95519845 361
636742020 362 157423691 362 91992177 362
638378803 363 157221783 363 102443030 363
640679154 364 157240001 364 91917912 364
660271149 365 164189959 365 92978374 365
650371921 366 157469202 366 94666621 366
646407870 367 157260937 367 93249549 367
654154039 368 157136335 368 92128977 368
648588169 369 158929377 369 97400257 369
650440125 370 158957668 370 101137258 370
651784958 371 159014462 371 94413193 371
653445029 372 159068043 372 95281230 372
661289640 373 158935117 373 95348748 373
657190639 374 158970421 374 92754869 374
674039185 375 158892633 375 94353940 375
663082433 376 160236899 376 94373180 376
668475693 377 178376191 377 93421947 377
668362597 378 162953042 378 98631744 378
668303102 379 162913539 379 98632194 379
691608921 380 162650936 380 99040331 380
673192987 381 161890581 381 103349282 381
694518101 382 161995018 382 99118232 382
673873530 383 161750638 383 94664254 383
690383176 384 161940650 384 93884807 384
676649971 385 165370208 385 96615630 385
679033851 386 180692280 386 102659060 386
736840403 387 175513204 387 102879975 387
696112657 388 167425008 388 107903989 388
683990955 389 169221209 389 98011264 389
694947632 390 166030306 390 99541389 390
709094925 391 172742752 391 102572169 391
719783054 392 170317152 392 100967743 392
709448896 393 169505099 393 100341264 393
732662628 394 173979808 394 102297321 394
739875033 395 174799887 395 101907954 395
724948260 396 173327076 396 104218933 396
762564295 397 179431387 397 108379331 397
724622978 398 173411445 398 102725519 398
749006742 399 176742829 399 103863038 399
747735167 400 179961234 400 105822521 400
770517290 401 180450793 401 107379994 401
763013509 402 182075337 402 107695648 402
747406766 403 185079762 403 106690888 403
746329413 404 172668590 404 101620848 404
710938300 405 175442046 405 99587665 405
724791893 406 180992279 406 108284652 406
750019767 407 176920039 407 113629460 407
750106557 408 178306116 408 104880003 408
755555522 409 181717306 409 115623035 409
753608473 410 181814291 410 103583747 410
756208646 411 178984261 411 107902890 411
773844792 412 187815361 412 108205631 412
778093857 413 183563075 413 117486414 413
790496920 414 182181841 414 108171680 414
775323278 415 186674390 415 111348092 415
761647532 416 181192833 416 106401136 416
775098929 417 182526454 417 122419589 417
777167792 418 183751422 418 111713427 418
779543395 419 183030217 419 119309466 419
778985660 420 186027254 420 113378966 420
797188953 421 188017268 421 117959424 421
798491646 422 184107424 422 112292162 422
780951132 423 182236428 423 104020827 423
753997186 424 181973538 424 108794988 424
800931580 425 201404805 425 114528816 425
802030566 426 188921770 426 108887554 426
795288655 427 200284663 427 112162845 427
845959335 428 192425793 428 110285845 428
774408243 429 200588711 429 108498133 429
837171485 430 194144696 430 113394335 430
791704113 431 178656497 431 104408575 431
773414976 432 197163226 432 116252337 432
807948302 433 189316576 433 104473648 433
758790977 434 183058442 434 106591554 434
763972114 435 182249367 435 104347459 435
785295509 436 199655778 436 113751316 436
833486788 437 190787730 437 107948841 437
774864872 438 182646707 438 103849060 438
774361161 439 184107696 439 105720597 439
767386923 440 183596381 440 104315713 440
773986936 441 182421822 441 107130183 441
770607185 442 182255298 442 107564696 442
829660401 443 190065634 443 105527081 443
773889095 444 181610981 444 108070832 444
796422318 445 182330690 445 105862709 445
778730463 446 182350494 446 104118078 446
784456802 447 182138377 447 106535057 447
782110137 448 181988838 448 104321721 448
795656880 449 184402825 449 111869121 449
784023322 450 184435391 450 106747646 450
790737561 451 184507925 451 108136845 451
786993056 452 185118241 452 104831611 452
804433355 453 184475674 453 106678469 453
791494676 454 184351302 454 109673986 454
805019051 455 184496946 455 108455200 455
794529531 456 184367515 456 106536131 456
809881578 457 189051463 457 110547908 457
797291902 458 189309852 458 108368639 458
811183386 459 188512249 459 108975155 459
801654799 460 189779859 460 105862438 460
808025762 461 189755405 461 108427419 461
803652652 462 190090073 462 106724493 462
823528624 463 190288526 463 112989883 463
807463041 464 190604658 464 106527455 464
814195524 465 189493957 465 115980873 465
811800614 466 189680201 466 109567080 466
831567584 467 189397227 467 111686708 467
814263471 468 189646334 468 111313556 468
820583739 469 189424627 469 112529931 469
817221964 470 189717015 470 115822555 470
818740893 471 189177437 471 111124290 471
820434101 472 196631093 472 113611175 472
823302213 473 192168010 473 110794535 473
828259264 474 194928607 474 116422644 474
825393954 475 191909824 475 112205411 475
832391485 476 192169601 476 126400977 476
845778865 477 191897427 477 113305201 477
838005734 478 192205681 478 116197647 478
832401096 479 192239637 479 114127160 479
841089319 480 192434967 480 115858495 480
836359463 481 196905353 481 116331309 481
843037044 482 196786124 482 117669552 482
838631791 483 196781128 483 116063929 483
847531831 484 195985082 484 119307679 484
843743309 485 195414108 485 124246317 485
844133791 486 196031939 486 118561295 486
846351754 487 210304870 487 113659547 487
849268611 488 196511633 488 115689934 488
857128218 489 197904015 489 113633589 489
851016549 490 197604430 490 115180680 490
862599590 491 203064872 491 121881681 491
883750738 492 202354778 492 118464243 492
889789423 493 201007383 493 121893987 493
862112893 494 197678778 494 115733629 494
896322917 495 202874166 495 120004661 495
877867259 496 209306390 496 125909101 496
882145734 497 200116956 497 120227499 497
900753927 498 214297949 498 130418899 498
879572102 499 204484555 499 118751661 499
875670954 500 200185821 500 115052250 500
871521962 501 216180499 501 116582649 501
884945073 502 199825553 502 116747479 502
872872836 503 199949427 503 119069310 503
891642614 504 199937486 504 118258158 504
876793031 505 209904226 505 115695304 505
876958283 506 203703104 506 118094434 506
892830310 507 205984324 507 120028615 507
881699448 508 203702165 508 120236811 508
888051474 509 204321755 509 115491397 509
883942028 510 204056176 510 117160414 510
892503620 511 203876273 511 119636026 511
889640602 512 203836645 512 122172617 512
898778797 513 205138728 513 124907658 513
916833592 514 210031450 514 124693602 514
899235541 515 204273754 515 124668378 515
901170789 516 204807878 516 125018763 516
901001127 517 205633375 517 125068255 517
904968663 518 204889172 518 125204733 518
899658088 519 204420376 519 127446344 519
907422525 520 204290602 520 124767177 520
902089335 521 222696142 521 125410175 521
903581693 522 206787248 522 124642646 522
915736913 523 207023788 523 124642284 523
908234886 524 206842083 524 124807824 524
915097759 525 206646296 525 124800019 525
910398002 526 206637124 526 124835795 526
917974473 527 206763528 527 124810689 527
914107689 528 221917392 528 124788578 528
916175433 529 210411541 529 122848033 529
932711001 530 210245476 530 123039836 530
918304936 531 210342645 531 120101019 531
925765509 532 211149134 532 123139485 532
922030136 533 210058598 533 128424456 533
923403664 534 210326202 534 120055563 534
932278777 535 211067647 535 118939856 535
926590445 536 210558222 536 121524832 536
934168777 537 211772608 537 120160073 537
930096982 538 211842909 538 121882776 538
951554597 539 212055208 539 119058797 539
934711258 540 217631459 540 124735661 540
936224492 541 211960797 541 123822516 541
952852906 542 211599776 542 124170936 542
938531582 543 212100099 543 124648968 543
957644885 544 211961359 544 122303790 544
942262414 545 220333478 545 120900858 545
943479077 546 214850598 546 126607121 546
958724978 547 215152131 547 125409838 547
948103126 548 214964244 548 125220042 548
955566922 549 214990700 549 124014125 549
950603198 550 214768881 550 138487436 550
951758894 551 214490673 551 124685298 551
965280870 552 214644315 552 125210289 552
955623722 553 218778255 553 123313101 553
965001270 554 219337668 554 129182158 554
959885894 555 224974678 555 126141726 555
960443474 556 219062409 556 125635612 556
967825294 557 218714127 557 125833807 557
964679632 558 219246493 558 125352993 558
976923036 559 219941553 559 126320996 559
967159679 560 225825195 560 124313451 560
968784781 561 219490869 561 130608728 561
985729625 562 219283118 562 129559690 562
972743067 563 219604917 563 131323817 563
987125366 564 219303273 564 128788671 564
976818444 565 225043357 565 126523436 565
977379037 566 219470083 566 128485163 566
990129987 567 219385084 567 129056658 567
980467232 568 219547046 568 125915677 568
998962965 569 221909491 569 131309449 569
994358209 570 221618451 570 128177850 570
985991410 571 222113124 571 127568844 571
999390346 572 221916526 572 129989833 572
989347849 573 222203636 573 131729104 573
990758479 574 222385414 574 127829378 574
1004387813 575 221711550 575 131725658 575
993616731 576 222149569 576 128518796 576
1003287148 577 226084661 577 134157161 577
997131165 578 230867373 578 134819279 578
998724043 579 225978478 579 132992097 579
1005473675 580 226200574 580 134028803 580
1002225332 581 225707399 581 140895279 581
1003817052 582 226689393 582 133107629 582
1016329848 583 225270015 583 132541785 583
1006601889 584 226153384 584 131210485 584
1023907335 585 226666623 585 128613608 585
1016500972 586 226985323 586 132925115 586
1012172052 587 227064313 587 132198937 587
1018992135 588 227053800 588 132510682 588
1017678996 589 236794269 589 127005865 589
1017070258 590 226811919 590 130559169 590
1036695929 591 226736890 591 130806437 591
1020289277 592 226840213 592 128783098 592
1027316828 593 229170779 593 137006307 593
1041178294 594 229256358 594 137487436 594
1026670270 595 229177095 595 137176409 595
1033209141 596 229749886 596 137208146 596
1035660971 597 229418250 597 136703236 597
1030485881 598 229210153 598 137333016 598
1046026460 599 229187479 599 137125377 599
1033461434 600 235976253 600 137083285 600
1035101152 601 233277341 601 136836404 601
1052794446 602 233392205 602 136538116 602
1038312789 603 238973503 603 136959795 603
1040009868 604 233120277 604 137057684 604
1048146596 605 234615666 605 137107658 605
1043446436 606 233974202 606 142995261 606
1045270995 607 233643683 607 137449405 607
1059113586 608 234266744 608 136828437 608
1048163722 609 234539829 609 136686596 609
1075141291 610 234543932 610 135003808 610
1057284833 611 234474770 611 137697068 611
1053057846 612 234981845 612 134091827 612
1068758559 613 234570597 613 136258199 613
1075626332 614 234892116 614 134442870 614
1061803007 615 237183745 615 136302485 615
1074666560 616 234656180 616 136742953 616
1071009148 617 237291010 617 135531131 617
1063694490 618 237253299 618 136762109 618
1071944885 619 237205809 619 139133510 619
1082291731 620 237195534 620 135210276 620
1068690614 621 237379556 621 136549358 621
1076042962 622 237052422 622 139416851 622
1078465812 623 236876360 623 138841332 623
1075688857 624 237085776 624 133680979 624
1085207291 625 242706959 625 143097571 625
1083945282 626 241470244 626 144467732 626
1078697086 627 242518325 627 143272532 627
1102092145 628 242579266 628 145160404 628
1089910337 629 241459231 629 144430999 629
1088711901 630 241421120 630 143010834 630
1095886724 631 242055644 631 143848205 631
1103148434 632 243257968 632 142810486 632
1089934011 633 243327034 633 144301858 633
1100564638 634 243571796 634 151379721 634
1105040539 635 242408531 635 143322761 635
1097435881 636 242329666 636 143377911 636
1103968184 637 243298582 637 145083583 637
1114183756 638 242281379 638 144584041 638
1104584146 639 243458942 639 149830457 639
1102736805 640 242032732 640 143423159 640
1109565134 641 244680347 641 138261060 641
1109115457 642 252944284 642 146831813 642
1111720691 643 246054972 643 141371312 643
1110710179 644 245120970 644 143030554 644
1112519233 645 257194142 645 138454722 645
1112929153 646 245960440 646 140952917 646
1125302730 647 246122660 647 143172363 647
1122842903 648 245191858 648 138573613 648
1120840836 649 249495363 649 144766770 649
1128740470 650 247871326 650 142868631 650
1137962346 651 248570537 651 142914233 651
1121036524 652 247586424 652 141812133 652
1141924350 653 247987586 653 143540628 653
1133245273 654 248124302 654 141665497 654
1128921147 655 247740822 655 152501689 655
1174050891 656 249177893 656 142344044 656
1149067307 657 251266093 657 148508852 657
1137869899 658 266499809 658 148099638 658
1140304755 659 249532293 659 147456415 659
1139092178 660 249222143 660 147200508 660
1146696487 661 251530063 661 150177445 661
1173649486 662 252204482 662 159975203 662
1228594573 663 270699958 663 159450590 663
1249276254 664 271535852 664 160331143 664
1241774185 665 276024934 665 159015573 665
1235293406 666 271298193 666 171458218 666
1238442466 667 273415279 667 162550014 667
1170796362 668 252313234 668 150080599 668
1155936004 669 252467257 669 147571218 669
1150120730 670 251651117 670 147177326 670
1161957775 671 251786816 671 147486803 671
1164393361 672 251766511 672 147354345 672
1155179747 673 260108673 673 152306946 673
1156726183 674 255495418 674 149911691 674
1163620855 675 255646224 675 149446294 675
1171125883 676 255886935 676 149515400 676
1161455277 677 255652629 677 145961817 677
1177561481 678 256582430 678 148478538 678
1179008564 679 255532868 679 147635157 679
1166233098 680 271926181 680 145934955 680
1168055173 681 257194582 681 149449395 681
1174958094 682 257472944 682 147744422 682
1182835004 683 257241363 683 149863302 683
1173465257 684 257578250 684 149456756 684
1188814958 685 257396779 685 149362394 685
1190708309 686 257821345 686 145573466 686
1185791377 687 271198499 687 148465362 687
1180885610 688 257064355 688 148632621 688
1187262224 689 259817001 689 152187997 689
1188833036 690 259545669 690 150179710 690
1185243485 691 259566940 691 159891693 691
1186426121 692 259509182 692 151910595 692
1199958657 693 259675176 693 150601884 693
1202281803 694 259678196 694 153672181 694
1192469279 695 259558828 695 149370171 695
1200155750 696 259785514 696 152266098 696
1200845297 697 264711632 697 152419810 697
1200427968 698 269202317 698 148735453 698
1198179822 699 263678622 699 149434741 699
1212780782 700 263693290 700 150329145 700
1217157069 701 263235367 701 153584075 701
1204354679 702 269895724 702 150836861 702
1211551878 703 262867792 703 149493949 703
1228112875 704 263394495 704 147807251 704
1230099467 705 264780982 705 155498431 705
1218041163 706 281270466 706 155790328 706
1212963841 707 264586522 707 155294033 707
1228127761 708 264583679 708 158194490 708
1221421770 709 264631219 709 155549597 709
1216688344 710 278340740 710 155204639 710
1218196963 711 264719156 711 154284315 711
1234288262 712 264510064 712 155119883 712
1227306456 713 266714944 713 155742667 713
1223307143 714 275427158 714 158578567 714
1224863614 715 267084532 715 154410145 715
1233796683 716 267292723 716 155174684 716
1240269652 717 266794713 717 155267229 717
1230687486 718 280558070 718 155186355 718
1232696112 719 266804336 719 155260907 719
1250655520 720 266802818 720 154409604 720
1247499638 721 270612924 721 158037295 721
1238232227 722 276588527 722 157731234 722
1238352676 723 270530235 723 158260766 723
1252024448 724 270758187 724 157901880 724
1259212037 725 271058664 725 157863108 725
1243442941 726 276494603 726 157798445 726
1276059907 727 271375567 727 158010382 727
1253708947 728 270773193 728 158382173 728
1254388790 729 275889057 729 157967044 729
1261128541 730 276167737 730 157586916 730
1251651381 731 271830452 731 171803858 731
1255489499 732 271699535 732 157677904 732
1264855460 733 271555847 733 159759948 733
1262482467 734 271993494 734 157616126 734
1261382827 735 282012866 735 157972373 735
1260192362 736 271659746 736 157560959 736
1276376407 737 282670084 737 159213427 737
1274447781 738 274664583 738 159837845 738
1265841420 739 289815416 739 159820584 739
1272382364 740 276465287 740 159438305 740
1297649934 741 274316335 741 159173858 741
1276408026 742 274499040 742 159420687 742
1281843597 743 274549136 743 159115239 743
1275870479 744 274620523 744 175085274 744
1276666853 745 278948259 745 159293822 745
1282942241 746 279557114 746 159969630 746
1288092140 747 279051886 747 159111777 747
1284176541 748 285363518 748 159557294 748
1285985256 749 279558886 749 161496781 749
1299376726 750 283640224 750 160571294 750
1296192522 751 298424489 751 160161027 751
1293042001 752 281669539 752 159497789 752
1289418409 753 287590162 753 161928422 753
1289726060 754 282361428 754 162791669 754
1316547699 755 279717497 755 162315534 755
1309112294 756 279687514 756 162132786 756
1303413011 757 279598599 757 162543173 757
1297334953 758 285037675 758 161872813 758
1297933672 759 279673287 759 162091229 759
1307243580 760 279324364 760 161758958 760
1307010110 761 281769977 761 162203748 761
1318373116 762 281719582 762 162246150 762
1305055489 763 281693320 763 174168918 763
1306153519 764 281554352 764 162398898 764
1319956180 765 281175900 765 162160891 765
1315699884 766 281656603 766 162054029 766
1317739236 767 281811742 767 162291324 767
1313941244 768 281936929 768 172322564 768
1315643677 769 286402037 769 165794050 769
1330306466 770 286712906 770 164966939 770
1332467790 771 285282695 771 164935287 771
1326153327 772 285126749 772 165066035 772
1321476121 773 287302355 773 178418511 773
1323468654 774 285760664 774 165228273 774
1342901395 775 285852387 775 165256528 775
1332042933 776 286624758 776 165644812 776
1338687363 777 286497010 777 165299778 777
1329629027 778 293184897 778 165812377 778
1331140764 779 287121224 779 165438470 779
1348406160 780 287209807 780 164990237 780
1340391372 781 286455678 781 165074710 781
1343104705 782 286511433 782 164750762 782
1337912665 783 296389372 783 165551130 783
1339587198 784 287012758 784 165407872 784
1347183549 785 289422541 785 167194676 785
1349774486 786 289218141 786 167759672 786
1360657535 787 289190163 787 166740553 787
1353331394 788 296656569 788 166718361 788
1347791019 789 289375146 789 177608376 789
1349837476 790 289285759 790 167362987 790
1358679252 791 289334034 791 167090768 791
1368813190 792 290317395 792 167586520 792
1367442697 793 292534719 793 167574347 793
1358185626 794 303533887 794 166869285 794
1359181421 795 293258206 795 167392996 795
1366207239 796 292601022 796 167924493 796
1368449798 797 292515734 797 167262898 797
1369604557 798 298616819 798 167764235 798
1381321029 799 292481570 799 167932313 799
1377061651 800 315065993 800 167579264 800
1371899316 801 297681752 801 169699941 801
1378505744 802 294143838 802 169323876 802
1383854769 803 294363720 803 169637008 803
1386889760 804 294338773 804 169501025 804
1387371860 805 294377950 805 169542996 805
1377067488 806 304859656 806 169379065 806
1379150766 807 294984044 807 169693953 807
1388268932 808 294283834 808 170250923 808
1388346577 809 296949959 809 169507577 809
1390102981 810 297018383 810 170033535 810
1397848841 811 308986005 811 169465005 811
1390508461 812 303618943 812 169431473 812
1389391674 813 301394214 813 175316248 813
1390117118 814 297030411 814 170765604 814
1407967181 815 296748939 815 169416370 815
1399298919 816 296978047 816 169684833 816
1400641578 817 305135449 817 173346451 817
1396464883 818 310789423 818 173639634 818
1398385015 819 300272866 819 178883522 819
1400372764 820 300761044 820 173548253 820
1408008248 821 302240025 821 173569270 821
1409522761 822 300819547 822 173103237 822
1411985995 823 301157920 823 173516380 823
1418723873 824 300433172 824 173545763 824
1408755708 825 308478683 825 173218379 825
1411165413 826 302356714 826 184128055 826
1412986976 827 302356475 827 173495154 827
1432360017 828 302148093 828 173327020 828
1436994386 829 302474456 829 174072369 829
1422472226 830 301866248 830 173130256 830
1423996263 831 302162954 831 173523575 831
1420508263 832 318889617 832 173194776 832
1422064012 833 304690011 833 184970536 833
1423458201 834 304422975 834 174408141 834
1430728100 835 305333375 835 174743875 835
1433350041 836 304489952 836 175277588 836
1433576498 837 304258674 837 175076411 837
1436525157 838 304519288 838 174692050 838
1431345631 839 316531006 839 175315151 839
1433592052 840 304541221 840 188977299 840
1439989277 841 307249563 841 174953954 841
1491783133 842 308019196 842 174904454 842
1444771291 843 308476887 843 175134297 843
1445953129 844 307813800 844 175208835 844
1447962819 845 308329714 845 175202491 845
1452920793 846 307856685 846 175037993 846
1446583997 847 313290392 847 175079553 847
1447121595 848 307898998 848 182182914 848
1448629769 849 309798374 849 178947946 849
1468482702 850 309539530 850 178063937 850
1463850942 851 309503644 851 177890767 851
1465626676 852 309778524 852 178016743 852
1459722848 853 309608867 853 178240391 853
1471467264 854 309405608 854 178040262 854
1465514920 855 317598554 855 178281293 855
1461315842 856 316004612 856 181750981 856
1467263234 857 312163652 857 177969202 857
1469329085 858 311983733 858 178007972 858
1470279340 859 312253095 859 178006108 859
1471193678 860 312103996 860 178280001 860
1480617890 861 311928015 861 178183648 861
1482497621 862 312089829 862 178310759 862
1476148479 863 311986287 863 178327903 863
1475562560 864 317064623 864 178256878 864
1474687419 865 316809608 865 194133118 865
1477245167 866 317237333 866 180851139 866
1496211112 867 317549120 867 180695406 867
1489974271 868 318555615 868 180341690 868
1499377626 869 317058694 869 180833349 869
1489053405 870 316450570 870 180588761 870
1490183682 871 318085257 871 180428154 871
1495007729 872 318176595 872 179976144 872
1487967828 873 321806799 873 180657109 873
1489220950 874 321640130 874 180432648 874
1491279105 875 316793061 875 187390063 875
1493820014 876 316903836 876 180276858 876
1499875725 877 316758249 877 180009417 877
1507389146 878 316723464 878 179953208 878
1514600658 879 316842669 879 180459798 879
1506569927 880 316758600 880 182882348 880
1506967981 881 319550237 881 181909976 881
1508981288 882 319350755 882 181823464 882
1504577637 883 325456063 883 182012252 883
1507480972 884 325262736 884 182201530 884
1515843523 885 319630395 885 188297356 885
1510850882 886 319540239 886 181677535 886
1522049706 887 319935399 887 182000448 887
1528186554 888 319539989 888 181677114 888
1527341432 889 323153917 889 182271436 889
1522086450 890 323515880 890 182057316 890
1524010207 891 323692811 891 182132510 891
1532626411 892 323211980 892 182287290 892
1527120548 893 322882458 893 182171295 893
1535388889 894 326262309 894 181799955 894
1525379693 895 334540383 895 182220397 895
1526703548 896 328463631 896 181977469 896
1529468041 897 324490435 897 186940931 897
1530823954 898 329655404 898 185010890 898
1550963426 899 326479100 899 184867619 899
1553906474 900 324900219 900 185333576 900
1550260971 901 324828745 901 185245769 901
1542329701 902 324809273 902 185046489 902
1551360949 903 324812488 903 185315980 903
1551094409 904 324688302 904 185164346 904
1549093823 905 327168693 905 185148977 905
1552213448 906 327215477 906 184983225 906
1551599184 907 326993763 907 185172623 907
1547097627 908 341932398 908 185182928 908
1549243602 909 340539955 909 185537984 909
1550684513 910 327084361 910 190214822 910
1551996575 911 326957635 911 185410837 911
1565124191 912 326956618 912 185135849 912
1568255852 913 330651704 913 190442874 913
1561481723 914 331638567 914 190402831 914
1573626827 915 330765996 915 190238074 915
1570364686 916 331025372 916 188630803 916
1567331075 917 331295115 917 190628788 917
1569417191 918 332154472 918 189976838 918
1579238304 919 331100308 919 189820162 919
1577056637 920 332362023 920 189663164 920
1582724872 921 331158386 921 190870241 921
1581116904 922 331724027 922 188875641 922
1576059092 923 331893371 923 190078582 923
1579512284 924 350548529 924 207068036 924
1574844255 925 342009003 925 190801257 925
1577595206 926 336469290 926 190094312 926
1578344743 927 331558101 927 194029127 927
1580069794 928 331614001 928 189652744 928
1586851882 929 334427692 929 190231779 929
1593499617 930 334231825 930 189966583 930
1602081463 931 334495518 931 189806057 931
1598165168 932 334578367 932 189535955 932
1604068244 933 334393905 933 189928217 933
1598384158 934 334624117 934 189200163 934
1603869668 935 334524145 935 190175399 935
1598737018 936 334562477 936 190484362 936
1612838210 937 338092187 937 190184054 937
1603403772 938 337793464 938 189341200 938
1610109633 939 337668362 939 189567680 939
1610552326 940 337583050 940 189951749 940
1617225778 941 338008393 941 189392302 941
1615863529 942 338269185 942 189349879 942
1612408014 943 338148385 943 189701084 943
1616732833 944 337981384 944 190278700 944
1609376922 945 344652195 945 192949964 945
1609985656 946 348928515 946 192619378 946
1612534782 947 349583053 947 192851512 947
1615470020 948 346331230 948 192834644 948
1615690454 949 344514940 949 193020629 949
1616421058 950 340338113 950 203248122 950
1618406839 951 339255160 951 199255152 951
1620441825 952 340354082 952 198796777 952
1623821995 953 342251722 953 192889418 953
1628713925 954 342117217 954 192693089 954
1641958968 955 341823738 955 192634939 955
1639880651 956 342441674 956 192707350 956
1643909622 957 341981956 957 192635658 957
1650170015 958 342053321 958 192977177 958
1636673618 959 342162405 959 193523165 959
1638929804 960 341851992 960 192619194 960
1647747650 961 346418586 961 196700306 961
1641236872 962 345822822 962 195947779 962
1644403400 963 345679774 963 196568642 963
1652626983 964 345605180 964 198419061 964
1661296132 965 345648495 965 196665361 965
1655543352 966 346123989 966 196533215 966
1651529029 967 345923116 967 196863068 967
1652833212 968 345770823 968 195407058 968
1654482541 969 346886968 969 197688166 969
1668808762 970 347338151 970 196031733 970
1657498354 971 347104004 971 197442670 971
1660341624 972 347229428 972 196610817 972
1668425137 973 347192083 973 197511043 973
1662864221 974 346920615 974 196465962 974
1674296725 975 347156206 975 197642045 975
1673482751 976 347110016 976 197564047 976
1677264614 977 349469119 977 197887676 977
1669299031 978 349224740 978 205896476 978
1671456010 979 349383303 979 197969868 979
1678120060 980 349278069 980 197789292 980
1675351164 981 349587224 981 199603919 981
1675838219 982 349680734 982 197954116 982
1677602881 983 349181922 983 199495583 983
1678787480 984 349452075 984 197830574 984
1698367200 985 354580517 985 198054929 985
1691734259 986 353494408 986 198864957 986
1683014297 987 354589478 987 197750234 987
1685974006 988 353790685 988 198188004 988
1697819107 989 355205251 989 197875130 989
1819718567 990 354241848 990 199546224 990
1695702209 991 354515139 991 200289842 991
1712765117 992 354131999 992 197765144 992
1696477170 993 356751553 993 199678898 993
1696143797 994 355063230 994 199719461 994
1704409720 995 354308573 995 203723115 995
1708105226 996 354787188 996 199636785 996
1707070728 997 354391179 997 199452858 997
1707971700 998 356832806 998 199755958 998
1712411791 999 355058096 999 199778298 999
