3029660 0 4483581 0 4480518 0
11091548 1 11640533 1 10334766 1
8499067 2 6437002 2 5200236 2
3762710 3 3444573 3 3531933 3
2933943 4 2642403 4 3478876 4
2646299 5 2589457 5 3110532 5
1941763 6 2035135 6 2238015 6
1730047 7 1706507 7 1856823 7
1644416 8 1732318 8 1910487 8
2386593 9 1588956 9 1601180 9
2257257 10 1512055 10 1571171 10
2191208 11 1297892 11 1392743 11
1958329 12 1297126 12 1379543 12
1958378 13 1324154 13 1304313 13
1855990 14 1221719 14 1299088 14
1846503 15 1231038 15 1298972 15
1867649 16 1224065 16 1298970 16
2811040 17 1222599 17 1311412 17
2624268 18 1222124 18 1300152 18
2625259 19 1221931 19 1305467 19
2625531 20 1222135 20 1317148 20
2625224 21 1226251 21 1301739 21
2624288 22 1222044 22 1301639 22
2630096 23 1222024 23 1300141 23
2632067 24 1221843 24 1301595 24
3306182 25 1221921 25 1298721 25
3302639 26 1221946 26 1304588 26
3306447 27 1221720 27 1299089 27
3264071 28 1221577 28 1299223 28
3262877 29 1221260 29 1310306 29
3262039 30 1221346 30 1310414 30
3257307 31 1221439 31 1313948 31
3408021 32 1607413 32 1640604 32
5364393 33 1223010 33 1299520 33
4093460 34 1220978 34 1299231 34
4077978 35 1221319 35 1310872 35
4080688 36 1221488 36 1375377 36
4122663 37 1230254 37 1300608 37
4069698 38 1222049 38 1325788 38
4069766 39 1221970 39 1316928 39
4097653 40 1222176 40 1302450 40
4972904 41 1222157 41 1312978 41
4686455 42 1222241 42 1300214 42
4978919 43 1222057 43 1298512 43
4689791 44 1222024 44 1316937 44
4686585 45 1222013 45 1313561 45
4995619 46 1221891 46 1299246 46
4856193 47 1221411 47 1310449 47
4739063 48 1221530 48 1299065 48
5828895 49 1220958 49 1315239 49
5712378 50 1223810 50 1301565 50
5691247 51 1223827 51 1298912 51
5705499 52 1223317 52 1298775 52
5668714 53 1223605 53 1301548 53
5669135 54 1225882 54 1298685 54
5703241 55 1221075 55 1298899 55
5813295 56 1221672 56 1301184 56
6317672 57 1221360 57 1301459 57
6332304 58 1221141 58 1301314 58
6329781 59 1221486 59 1310318 59
6505494 60 1223982 60 1325783 60
6324043 61 1226424 61 1299198 61
6340152 62 1221647 62 1306464 62
6340233 63 1221219 63 1298925 63
6444680 64 1221449 64 1299384 64
9892646 65 1813427 65 1361447 65
7080185 66 1811407 66 1351459 66
7329918 67 1811743 67 1375309 67
7089237 68 1805401 68 1341904 68
7163665 69 1805155 69 1342664 69
7191330 70 1805012 70 1339440 70
7051080 71 1805338 71 1338782 71
7050086 72 1805373 72 1334435 72
7914013 73 1805113 73 1337038 73
7976487 74 1805447 74 1332307 74
7881712 75 1825327 75 1331933 75
7921308 76 1819488 76 1298925 76
7844884 77 1816811 77 1300989 77
7765932 78 1808738 78 1339736 78
7737579 79 1804264 79 1338519 79
7855105 80 1809842 80 1333087 80
8558923 81 1809387 81 1347768 81
8598881 82 1817458 82 1340858 82
8508779 83 1810044 83 1336623 83
8510324 84 1808198 84 1343842 84
8564529 85 1810800 85 1350205 85
8806610 86 1810826 86 1334809 86
8702935 87 1812694 87 1316843 87
8674813 88 1811142 88 1678069 88
11424198 89 1809467 89 1334313 89
9485814 90 1930141 90 1303728 90
9321197 91 1818895 91 1351011 91
9262898 92 1815000 92 1333125 92
9257385 93 1810740 93 1350225 93
9367057 94 1811031 94 1344573 94
9408870 95 1811082 95 1351574 95
9255794 96 1811139 96 1346767 96
10052287 97 1816855 97 1298622 97
10069995 98 1829575 98 1302430 98
10220007 99 1809509 99 1347986 99
10081554 100 1809718 100 1343044 100
10305196 101 1807444 101 1338583 101
10232077 102 1803157 102 1334980 102
10078940 103 1804411 103 1346269 103
10082500 104 1804483 104 1346513 104
10731594 105 1804603 105 1347889 105
10807646 106 1804827 106 1346332 106
10727234 107 1800702 107 1345673 107
10710380 108 1808051 108 1300462 108
13596218 109 1803800 109 1335688 109
10781559 110 1923119 110 1312358 110
10850788 111 1811259 111 1352050 111
10770989 112 1810973 112 1334248 112
11614642 113 1811008 113 1337642 113
11458905 114 1811218 114 1334373 114
11517537 115 1811113 115 1332710 115
11468382 116 1816692 116 1298594 116
11485663 117 1810871 117 1334730 117
11562187 118 1810832 118 1340962 118
11475175 119 1810850 119 1334103 119
11521762 120 1810071 120 1334592 120
12240820 121 1808884 121 1347768 121
12171403 122 1810476 122 1335606 122
12181277 123 1810163 123 1337632 123
12216706 124 1805011 124 1344869 124
12381986 125 1809506 125 1344254 125
12232085 126 1819447 126 1300624 126
14699045 127 2081913 127 1299492 127
12340232 128 1818870 128 1329634 128
12896106 129 2375837 129 1988059 129
13027550 130 2375559 130 1988721 130
12885513 131 2380210 131 1992831 131
13024480 132 2375557 132 1994668 132
13017126 133 2377545 133 1991471 133
12912627 134 2366329 134 1977020 134
13016152 135 2369393 135 1993760 135
12978040 136 2375103 136 1990749 136
13762880 137 2369859 137 1991954 137
13678889 138 5402261 138 1960265 138
13656408 139 2370793 139 2024687 139
16020153 140 2371728 140 1989324 140
13944364 141 2384717 141 2109090 141
13720516 142 2475186 142 1974893 142
13723685 143 2389729 143 1956195 143
13831283 144 2366976 144 1996745 144
14456547 145 2364715 145 2003995 145
14162640 146 2363376 146 1982348 146
14277371 147 2365867 147 2000381 147
14267107 148 2365121 148 1995577 148
14263720 149 2367759 149 1973328 149
14355227 150 2366258 150 1981520 150
14450074 151 2374253 151 1938663 151
14308805 152 2367650 152 1976175 152
15027758 153 2367825 153 1978613 153
15075015 154 2365300 154 2006682 154
15026363 155 2387780 155 1953470 155
15028144 156 2377744 156 2002422 156
15202953 157 2380322 157 1950667 157
15077977 158 2375641 158 1992133 158
15055508 159 2367312 159 2011854 159
15021965 160 2381709 160 1993790 160
15735422 161 2375014 161 2008260 161
15832808 162 2367416 162 1985000 162
15762374 163 2358847 163 1995338 163
15693435 164 2362203 164 1992210 164
15694976 165 2376322 165 1997824 165
15792765 166 2366758 166 1985895 166
15841850 167 2370070 167 2000505 167
15782589 168 2374376 168 2004500 168
16507014 169 2375319 169 2005805 169
16493288 170 2374386 170 1998269 170
16587610 171 2388339 171 1958102 171
16505366 172 2369989 172 1990893 172
16493689 173 2370033 173 1997618 173
16474223 174 2375440 174 1992532 174
16567178 175 2382232 175 1957582 175
16517587 176 2386012 176 1990935 176
17179342 177 2370268 177 2002622 177
17256298 178 2369700 178 2003910 178
17259129 179 2370833 179 2046495 179
17201465 180 2370280 180 2004539 180
17370035 181 2364827 181 2003723 181
17246263 182 2364644 182 2010095 182
17337818 183 2370144 183 2009726 183
17320505 184 2376338 184 1994160 184
17958303 185 2376272 185 2002309 185
17971944 186 2368015 186 2004448 186
17970829 187 2374564 187 2003747 187
17891372 188 2376117 188 2002012 188
17951634 189 2374943 189 1994940 189
17964851 190 2375079 190 1975865 190
17941139 191 2375952 191 1998422 191
18026859 192 2380106 192 1987649 192
18670814 193 2939313 193 1940948 193
18697469 194 2939518 194 1998633 194
18632074 195 2928941 195 1995581 195
18770950 196 2960654 196 1950303 196
18595147 197 2939133 197 2011996 197
18612537 198 2938771 198 1996489 198
18789120 199 2944321 199 1986399 199
18636684 200 2958332 200 1970198 200
19340842 201 2929414 201 1999078 201
19526331 202 2939367 202 1980742 202
19338857 203 2941503 203 2003092 203
19287643 204 2941988 204 1992202 204
19452098 205 2959560 205 1955881 205
19339693 206 2965530 206 1979809 206
19337343 207 2939218 207 2013511 207
19491827 208 2935747 208 1997750 208
20086700 209 2944158 209 1986969 209
20011044 210 2939791 210 1995155 210
20014476 211 2949821 211 1978250 211
20058961 212 2935829 212 1975360 212
20015183 213 2939188 213 1984983 213
20177116 214 2937634 214 1982742 214
20242399 215 2938855 215 1991166 215
21860922 216 3170991 216 1996604 216
20673842 217 3007977 217 1989938 217
20721732 218 2939042 218 1998868 218
21042117 219 2929564 219 1992385 219
20949654 220 2944056 220 1992029 220
20868961 221 2944281 221 2009319 221
20743675 222 2942324 222 2005701 222
20752044 223 2939489 223 2001547 223
20732270 224 2939058 224 1997522 224
21472426 225 2942969 225 1996515 225
21475864 226 2943078 226 2000308 226
21511724 227 2938633 227 1996598 227
21445090 228 2937441 228 1984030 228
21393770 229 2974135 229 1994816 229
21455592 230 2939308 230 2001687 230
21454137 231 2942473 231 1997577 231
21541282 232 2939428 232 1996431 232
22186220 233 2941693 233 1958142 233
22126861 234 2925887 234 1999728 234
22185613 235 2934328 235 1989858 235
30122831 236 3011420 236 1952834 236
30049897 237 2976694 237 1998035 237
22162408 238 2941417 238 1998080 238
22175529 239 3044292 239 1977259 239
22275520 240 3025169 240 1995465 240
22862333 241 2937730 241 1948936 241
22906424 242 2932809 242 1996159 242
22922252 243 2956299 243 1950368 243
22931573 244 2940739 244 1992506 244
22979275 245 2963908 245 1951703 245
22880208 246 2995009 246 1996667 246
22904428 247 2962030 247 1986415 247
22910541 248 2938933 248 2003327 248
23580986 249 2988166 249 1992127 249
23709256 250 2923261 250 2018312 250
23681309 251 2929937 251 1997900 251
23767462 252 2930402 252 1996864 252
23628942 253 2938632 253 1998906 253
23517164 254 2948375 254 1997382 254
23618278 255 2926065 255 2004978 255
23589981 256 2939543 256 2007206 256
24344174 257 3517401 257 2647479 257
24517816 258 3520207 258 2655964 258
24416955 259 3507800 259 2640690 259
24538964 260 3520526 260 2647117 260
24463862 261 3508551 261 2646710 261
24513644 262 3507632 262 2644934 262
24532786 263 3539473 263 2640892 263
24421678 264 3512640 264 2646069 264
25018376 265 3565441 265 2609976 265
25033918 266 3518548 266 2640239 266
25052909 267 3517745 267 2642487 267
26096607 268 6096652 268 4107582 268
30891857 269 3518474 269 2644326 269
25218592 270 3507267 270 2649692 270
25102785 271 3507926 271 2640716 271
25083053 272 3520027 272 2645685 272
25616871 273 3532831 273 2651979 273
25954687 274 3640364 274 2664929 274
25787388 275 3806550 275 2643902 275
25607092 276 3529482 276 2629083 276
30884587 277 3732987 277 2602133 277
25903850 278 3512373 278 2651809 278
25966542 279 3520686 279 2653478 279
25903003 280 3519871 280 2645685 280
26419017 281 3514860 281 2650407 281
26455103 282 3558367 282 2628938 282
26474112 283 3520762 283 2639614 283
26400634 284 3512473 284 2645907 284
27533284 285 5295011 285 2601980 285
26631311 286 3515015 286 2648421 286
26475800 287 3520873 287 2641294 287
26414323 288 3501372 288 2636922 288
27170382 289 3518828 289 2649798 289
27125729 290 3521077 290 2647701 290
27188177 291 3520335 291 2652018 291
27164272 292 3540785 292 2652312 292
33242293 293 6111361 293 3967729 293
38316612 294 3528495 294 2643582 294
27453071 295 3518905 295 2681595 295
27215014 296 3511434 296 2646793 296
27906326 297 3526876 297 2646346 297
28198236 298 3516373 298 2648254 298
27846782 299 3518537 299 2642202 299
27793894 300 3527368 300 2651366 300
27723157 301 3559076 301 2626589 301
29786268 302 3576350 302 2630134 302
27929199 303 3507128 303 2653249 303
27852413 304 3515839 304 2641154 304
28632557 305 3511593 305 2645117 305
35590563 306 3538265 306 2711624 306
33371033 307 3507921 307 2667659 307
28665871 308 3547730 308 2651729 308
29456461 309 3834513 309 3728926 309
32911986 310 3524146 310 2664274 310
28626698 311 3543231 311 2661793 311
28577399 312 3532494 312 2641132 312
29193945 313 3524086 313 2640418 313
29289016 314 3509661 314 2651151 314
29734521 315 3807462 315 2658825 315
29197459 316 3517528 316 2643188 316
29808147 317 4566801 317 3640622 317
30566345 318 3522083 318 2652718 318
29372099 319 3515627 319 2644855 319
29232631 320 3561624 320 2610579 320
29994722 321 4116401 321 2647289 321
30119568 322 4303739 322 2901495 322
30217705 323 4320492 323 2651097 323
30074009 324 4096979 324 2663898 324
34466544 325 4096264 325 2639540 325
30071467 326 4095486 326 2650319 326
30041588 327 4108409 327 2647692 327
30036729 328 4113734 328 2638504 328
30660028 329 4140322 329 2646644 329
30889344 330 4104890 330 2622435 330
30699464 331 4161208 331 2601200 331
30544696 332 4106917 332 2640490 332
34553010 333 4110527 333 2649610 333
31646345 334 4099709 334 2631371 334
30667911 335 4181793 335 2665052 335
30669472 336 4102215 336 2647686 336
31439986 337 4101428 337 2653610 337
31392308 338 4112181 338 2642248 338
34173004 339 4116344 339 2651734 339
34927238 340 4096948 340 2640642 340
31475078 341 4103065 341 2715655 341
31388269 342 4103163 342 2640631 342
31270055 343 4098270 343 2619765 343
31452780 344 4100224 344 2655544 344
32070937 345 4100819 345 2658116 345
32171843 346 4108337 346 2647360 346
32170523 347 4344685 347 3684268 347
34465563 348 4131038 348 2646505 348
32091487 349 4108750 349 2655625 349
32088109 350 4113621 350 2645501 350
32109250 351 4102563 351 2646373 351
32186220 352 4110886 352 2647741 352
32793067 353 4102129 353 2629606 353
32750435 354 4107256 354 2646092 354
32937467 355 4107258 355 2641695 355
32881538 356 4134530 356 2649595 356
32739318 357 4102838 357 2646084 357
33033829 358 4107581 358 2642512 358
32804578 359 4109793 359 2661656 359
32807434 360 4116225 360 2661351 360
33531775 361 4100669 361 2653278 361
33701995 362 4095170 362 2641173 362
33585065 363 4107124 363 2647278 363
34138129 364 4100645 364 2646083 364
40206969 365 4101874 365 3027550 365
33846873 366 4198318 366 2651539 366
33751645 367 4111868 367 2622510 367
34928464 368 4103362 368 2642966 368
34626550 369 4241578 369 2648501 369
34226706 370 4106552 370 2652772 370
34191423 371 4102890 371 2663310 371
34351507 372 4094181 372 2649011 372
34213895 373 4128992 373 2652696 373
34218599 374 4096464 374 2645997 374
34268175 375 4109051 375 2647451 375
34539029 376 4199299 376 2665739 376
34997769 377 4100118 377 2639649 377
35079577 378 4096804 378 2642890 378
35025467 379 4106660 379 2651903 379
35101145 380 4102618 380 2641974 380
34927215 381 4100917 381 2650644 381
34991259 382 4143965 382 2627401 382
34995288 383 4096841 383 2671049 383
34921555 384 4101794 384 2647772 384
35716857 385 4712620 385 3325622 385
35750183 386 4719881 386 3281072 386
35679594 387 4690345 387 3276640 387
35696026 388 4686403 388 3281137 388
35834228 389 4722305 389 3294949 389
35790229 390 4668950 390 3319272 390
35774601 391 4683457 391 3310948 391
35791151 392 4688312 392 3284128 392
36422257 393 4697085 393 3288577 393
36295557 394 4710898 394 3292242 394
36310854 395 4710305 395 3316847 395
36457440 396 4700634 396 3287359 396
36289080 397 4694530 397 3291725 397
36310465 398 4724736 398 3278474 398
36441121 399 4694590 399 3284578 399
36392754 400 4686292 400 3295029 400
36978277 401 4684191 401 3295054 401
37356074 402 4687127 402 3300598 402
37055299 403 4682633 403 3300796 403
36747135 404 4669038 404 3295863 404
38126395 405 4687369 405 3283166 405
37278909 406 4687522 406 3301722 406
36976720 407 4686561 407 3295279 407
37054352 408 4748322 408 3306725 408
37829101 409 4686622 409 3296792 409
37809919 410 4721641 410 3287791 410
37879598 411 4726275 411 3279303 411
37724824 412 4716352 412 3280850 412
37836162 413 4694201 413 3279866 413
37772994 414 4710693 414 3311991 414
37911663 415 4716102 415 3292533 415
37738409 416 4706711 416 3287148 416
48440389 417 4894468 417 3932829 417
38633761 418 4703614 418 3277317 418
38524507 419 4696609 419 3279702 419
38524598 420 4738449 420 3269543 420
50821330 421 4701777 421 3379048 421
38511868 422 4663871 422 3338681 422
38548565 423 4693365 423 3276965 423
38544013 424 4694281 424 3292528 424
39248979 425 4699533 425 3291625 425
39211024 426 4936865 426 3296302 426
39354378 427 4688771 427 3295132 427
39177890 428 4684254 428 3298127 428
39203704 429 4691082 429 3292677 429
39199909 430 4686843 430 3284337 430
39182183 431 4723264 431 3287031 431
39130588 432 4804669 432 3286667 432
40018933 433 4707534 433 3290848 433
39928969 434 4696308 434 3288170 434
39978450 435 4706724 435 3287104 435
39984221 436 4695444 436 3295707 436
39955983 437 4700532 437 3401213 437
40615387 438 4780379 438 3272342 438
39965633 439 4702182 439 3295700 439
39921761 440 4722153 440 3281520 440
41998023 441 4673871 441 3289951 441
40715711 442 4689620 442 3291165 442
40524460 443 4682446 443 3290334 443
40878329 444 4731706 444 3304145 444
40772615 445 4699366 445 3285416 445
40602885 446 4703287 446 3291067 446
40612011 447 4676535 447 3294302 447
40716665 448 4695265 448 3293363 448
41321761 449 5257810 449 3288961 449
41445992 450 5306224 450 3245584 450
41332629 451 5234386 451 3282341 451
41437900 452 5279606 452 3291690 452
41371830 453 5242621 453 3290623 453
41334243 454 5242694 454 3277161 454
41378874 455 5243032 455 3302829 455
41471316 456 5264205 456 3291437 456
42041162 457 5278996 457 3301909 457
41974992 458 5279126 458 3291698 458
42002746 459 5274763 459 3299114 459
41973497 460 5277807 460 3291550 460
42123497 461 5268866 461 3308036 461
42124600 462 5253628 462 3285247 462
50621582 463 5885752 463 3415053 463
44307008 464 5284299 464 3307562 464
42800522 465 5246845 465 3276658 465
42738966 466 5284018 466 3310850 466
42993698 467 5251049 467 3377368 467
42742357 468 5282143 468 3301481 468
43059091 469 5250105 469 3280994 469
42762762 470 5261735 470 3288902 470
42763359 471 5242767 471 3291078 471
42785912 472 5254592 472 3333887 472
43535830 473 5274897 473 3296691 473
43753268 474 5269752 474 3676391 474
44192246 475 5285289 475 3297666 475
43587533 476 5276426 476 3295596 476
43499504 477 5315360 477 3281925 477
43653078 478 5280953 478 3293467 478
43517750 479 5245832 479 3283810 479
43621378 480 5235865 480 3279478 480
44176593 481 5232445 481 3303778 481
44225326 482 5244084 482 3284528 482
44296383 483 5338694 483 3283151 483
44235518 484 5278102 484 3301691 484
44406124 485 5278323 485 3290906 485
46018689 486 7637220 486 3242944 486
44300137 487 5264685 487 3290387 487
44202898 488 5242815 488 3285046 488
45227610 489 5248795 489 3267493 489
44828657 490 5508516 490 3235032 490
44830597 491 5275516 491 3310500 491
46200091 492 5264067 492 3321581 492
44884826 493 5289411 493 3287169 493
45144838 494 5260884 494 3271750 494
44882292 495 5248167 495 3290114 495
45077974 496 5244634 496 3277247 496
45881625 497 5259389 497 3284101 497
45768630 498 5246282 498 3288497 498
45884435 499 5336116 499 3342096 499
45725640 500 5243693 500 3294140 500
45869426 501 5244046 501 3278166 501
45949430 502 5262222 502 3276514 502
45747460 503 5244756 503 3291516 503
45604760 504 5276181 504 3291431 504
46495209 505 5273744 505 3301512 505
58207651 506 6483706 506 3269828 506
46418742 507 5279110 507 3301746 507
46298494 508 5263795 508 3279329 508
46330462 509 5258047 509 3281539 509
46723258 510 5255402 510 3288583 510
46317281 511 5223918 511 3285432 511
46246509 512 5279502 512 3307593 512
47182728 513 6060751 513 3942813 513
47702864 514 6057836 514 3906950 514
47273836 515 6063981 515 3952249 515
47306336 516 6055300 516 3943329 516
47242563 517 6058244 517 3933361 517
47221278 518 6057392 518 3926123 518
47437166 519 6062067 519 3940597 519
47605608 520 6150325 520 3926646 520
47789472 521 6048982 521 3925135 521
47718614 522 6069901 522 3927299 522
47645428 523 6140469 523 3933296 523
47876635 524 6055620 524 3900226 524
47768277 525 6054169 525 3920943 525
47716931 526 6047505 526 3933316 526
47803946 527 6051909 527 3922678 527
47644358 528 6047336 528 3928290 528
48648948 529 6048633 529 3937772 529
48517472 530 6048974 530 3935882 530
48665914 531 6058342 531 3901958 531
48819170 532 6058591 532 3923484 532
48411683 533 6054711 533 3925367 533
49850717 534 6061958 534 3922292 534
60295909 535 6044780 535 3924557 535
49006583 536 6063314 536 3922903 536
49098042 537 6056117 537 3928067 537
49332443 538 6053731 538 3921384 538
49089461 539 7293795 539 4134652 539
49193143 540 6120416 540 4003756 540
49350206 541 6080839 541 3933682 541
49132614 542 6065448 542 3939563 542
49388911 543 6048556 543 3941296 543
52328704 544 6054769 544 3936946 544
70790538 545 6076751 545 3918501 545
49993777 546 6046369 546 3923631 546
49872490 547 6314531 547 3947803 547
49843716 548 6058177 548 3939587 548
53188846 549 6069980 549 3900334 549
50122373 550 6044325 550 3928792 550
49897514 551 6056066 551 3936449 551
50049419 552 6050328 552 3924195 552
51384542 553 8298865 553 3954256 553
50796333 554 6067600 554 3904635 554
50513305 555 6007442 555 3923575 555
50518866 556 6077862 556 3928036 556
50726195 557 6061624 557 3934085 557
53704739 558 6073998 558 3952421 558
50577787 559 6057503 559 3902567 559
50565526 560 6061685 560 3931867 560
52064890 561 6406238 561 3969981 561
51275920 562 6096216 562 3945579 562
53144265 563 6064595 563 3906254 563
52068432 564 6083775 564 3935393 564
51319048 565 6073078 565 3924035 565
51297394 566 6065318 566 3933717 566
51351104 567 6192848 567 3910677 567
51498044 568 6048802 568 3905098 568
51987938 569 6067629 569 3916134 569
51959564 570 6048797 570 3907270 570
51911317 571 6061271 571 3923736 571
52137531 572 6057316 572 3941893 572
52109397 573 6049210 573 3920782 573
51934539 574 6073278 574 3920541 574
51958635 575 6065700 575 3930305 575
52037450 576 6049483 576 3940461 576
52839448 577 6504361 577 3920894 577
52712256 578 6458729 578 3920723 578
52786029 579 6456874 579 3927574 579
52824612 580 6437063 580 3939314 580
52844547 581 11607911 581 3936909 581
52717997 582 6437620 582 3902859 582
52723257 583 6453898 583 3936193 583
52675156 584 6440016 584 3899689 584
53311253 585 6461957 585 3946512 585
53570035 586 6458351 586 3921057 586
53389592 587 6457692 587 3925662 587
52961514 588 6418790 588 3915384 588
53297601 589 6439853 589 3902392 589
53494650 590 6417476 590 3947055 590
55442714 591 6770619 591 3931846 591
53368825 592 6471382 592 3931497 592
54091382 593 6447925 593 3937382 593
54126224 594 6443043 594 3918748 594
54344769 595 6456846 595 3921955 595
54115306 596 6431247 596 3913577 596
54092845 597 6487350 597 3937076 597
54265990 598 6438698 598 3949305 598
54284862 599 6437393 599 3944951 599
54126717 600 6437285 600 3902266 600
54840236 601 6454791 601 3944428 601
54858220 602 6453869 602 3923861 602
54821457 603 6449921 603 3914231 603
54963672 604 6425352 604 3933734 604
54821568 605 6454742 605 3901888 605
55045764 606 6448567 606 3933431 606
54903922 607 6456134 607 3921195 607
54924361 608 6500525 608 3899751 608
55521103 609 6439141 609 3928277 609
55561832 610 6433547 610 3957989 610
55593999 611 6433823 611 3950738 611
55570047 612 6559029 612 3891813 612
55651472 613 6458920 613 3920868 613
55519470 614 6450704 614 3936628 614
55674563 615 6453284 615 3926682 615
55609865 616 6441258 616 6513078 616
68757457 617 6449126 617 4033731 617
56320940 618 6452776 618 3946289 618
56285049 619 6455146 619 3919359 619
56308447 620 6439462 620 3933806 620
56475870 621 6459688 621 3921974 621
56281861 622 6443097 622 3934796 622
56263491 623 6433005 623 3923584 623
56150041 624 6432585 624 3919339 624
57079109 625 6430895 625 3983552 625
69059954 626 6461222 626 3913125 626
57135409 627 6454974 627 3936351 627
57058934 628 6437716 628 3946833 628
57084362 629 7482153 629 6247845 629
65970520 630 6468639 630 3875940 630
57162894 631 6443721 631 3902783 631
56973379 632 6438950 632 3918097 632
57508187 633 7227673 633 5039359 633
57738081 634 6452993 634 3933197 634
57721440 635 6441166 635 3951549 635
57700971 636 6439564 636 3929725 636
57596246 637 6448322 637 3930984 637
58034543 638 6440329 638 3931094 638
57672679 639 6436845 639 3923955 639
57636010 640 6434296 640 3946494 640
58522423 641 7054994 641 4587927 641
60003699 642 7055340 642 4587852 642
58599418 643 7067202 643 4591842 643
58539230 644 7061146 644 4580593 644
58495146 645 7063910 645 4596961 645
58942761 646 7055950 646 4583704 646
58498669 647 7071174 647 4570124 647
58808586 648 7048520 648 4567028 648
59010105 649 13068033 649 4632053 649
68404149 650 7668856 650 4717604 650
59242049 651 7017064 651 4567099 651
58973058 652 7043418 652 4577177 652
59078760 653 7075268 653 4590008 653
59429962 654 7043323 654 4667516 654
59069015 655 7064253 655 4570603 655
59034321 656 7061630 656 4571189 656
59798334 657 7073232 657 4666637 657
60279337 658 7074499 658 4589307 658
59821072 659 7084229 659 4582010 659
59868519 660 7055799 660 4597331 660
59878732 661 7049447 661 4594077 661
60473197 662 7067456 662 4659200 662
59985381 663 7083435 663 4582046 663
59831919 664 7054033 664 4596457 664
60620913 665 7042979 665 4572355 665
64749880 666 8247706 666 6077334 666
65748176 667 7083903 667 4596596 667
60513672 668 7067618 668 4594415 668
60606692 669 7046509 669 4565984 669
65882692 670 7079744 670 4630533 670
60540469 671 7037167 671 4580025 671
60668300 672 7106418 672 4577274 672
61256310 673 7080136 673 4582082 673
64924393 674 7095254 674 4545206 674
61296495 675 7047946 675 4532446 675
61266754 676 7051623 676 4570759 676
61251484 677 7042467 677 4566578 677
64914681 678 7101627 678 4590663 678
61314194 679 7043278 679 4565688 679
61234975 680 7078337 680 4594444 680
67026379 681 7105547 681 5833264 681
63709417 682 7039653 682 4590449 682
61867333 683 7045739 683 4588794 683
62006970 684 7061837 684 4592146 684
62029509 685 10311097 685 4539998 685
61910390 686 7047262 686 4565225 686
62812788 687 7066745 687 4574675 687
61989140 688 7045919 688 4569736 688
69418337 689 7117705 689 4599006 689
62605159 690 7108476 690 4601213 690
62662155 691 7054731 691 4533290 691
62622600 692 7076358 692 4587874 692
65867382 693 7069167 693 4586450 693
62836403 694 7036844 694 4579163 694
62626698 695 7057259 695 4587088 695
62726666 696 7043662 696 4571538 696
66523901 697 7050423 697 4590363 697
63387476 698 7050332 698 4569829 698
63292459 699 7038163 699 4583256 699
63328450 700 7126834 700 4571072 700
66497799 701 7093030 701 4588258 701
63414042 702 7073921 702 4586538 702
63319836 703 7074897 703 4570329 703
63535132 704 7076870 704 5036096 704
66832644 705 7621570 705 4579876 705
64131207 706 7613087 706 4586636 706
64095508 707 7578158 707 4573108 707
67301415 708 7619258 708 4588559 708
64248110 709 7599171 709 4587086 709
64143058 710 7573575 710 4573589 710
81021740 711 7596482 711 4597781 711
83479553 712 7727502 712 4602136 712
64736447 713 7607319 713 4576090 713
64773803 714 7591625 714 4582447 714
64817594 715 9590619 715 4667303 715
64802146 716 7612867 716 4588735 716
64664625 717 7604755 717 4586635 717
64793338 718 7606586 718 4607973 718
65057995 719 7608520 719 4567369 719
65955326 720 7627283 720 4681998 720
65555468 721 7599703 721 4580592 721
65505429 722 7615825 722 4591494 722
65792135 723 7608615 723 4582846 723
65573371 724 7633455 724 4579749 724
65506597 725 7609697 725 4570392 725
65540356 726 7580996 726 4876176 726
66452973 727 7624090 727 4580583 727
65504467 728 7605907 728 4554251 728
66203423 729 7567411 729 4584322 729
66342140 730 7642163 730 4594546 730
66248960 731 7570225 731 4568424 731
66182662 732 7649876 732 4588302 732
66975319 733 7710942 733 4574802 733
66256016 734 7613136 734 4601859 734
66165105 735 7570471 735 4572044 735
66139788 736 7616125 736 4587296 736
66826799 737 7607111 737 4578037 737
67347309 738 7659746 738 4602675 738
67441974 739 7611731 739 4582920 739
72000418 740 8776691 740 6797864 740
67313984 741 7605102 741 4664597 741
66895532 742 7607913 742 4570201 742
66888732 743 7604164 743 4587778 743
71123716 744 7612050 744 4592325 744
67846188 745 7621168 745 4581399 745
67500601 746 7621651 746 4580420 746
67598134 747 7601614 747 4585813 747
67520881 748 7687059 748 4580990 748
67532677 749 7625351 749 4583777 749
67580666 750 7602158 750 4581188 750
67583864 751 7611033 751 4586809 751
67685729 752 7639072 752 4581486 752
68337006 753 7602584 753 4566202 753
68378823 754 7606077 754 4588134 754
68386524 755 7620728 755 4579897 755
68473117 756 7624097 756 4580404 756
68348692 757 7631318 757 4586805 757
68429476 758 7616880 758 4581445 758
68423760 759 7655901 759 4684997 759
68358428 760 7632027 760 4590150 760
68967345 761 7621596 761 4586120 761
69073947 762 7608260 762 4586290 762
69038032 763 7598598 763 4596193 763
68902390 764 7614416 764 4586628 764
68973759 765 7615620 765 4574557 765
69093593 766 7583448 766 4630281 766
68893943 767 7605120 767 4586289 767
74141765 768 7617858 768 4595372 768
69908344 769 8184501 769 5260360 769
69925744 770 8224271 770 5278565 770
69849893 771 8196885 771 5263863 771
69881671 772 8179274 772 5264236 772
69933908 773 8245998 773 5258931 773
69871715 774 8180105 774 5260097 774
70443868 775 8215979 775 5260379 775
69818958 776 13568925 776 6513661 776
70446785 777 8177756 777 5282404 777
70363949 778 8232433 778 5277494 778
70337669 779 8232014 779 5286190 779
70641556 780 8228913 780 5281026 780
70455074 781 8239291 781 5282106 781
70321975 782 8239300 782 5265214 782
70281394 783 8216275 783 5571394 783
70362435 784 8184875 784 5261080 784
71191280 785 8238924 785 5278933 785
71197598 786 8233275 786 5277813 786
83760172 787 8197669 787 5356596 787
71062007 788 8166278 788 5261552 788
71204157 789 8185249 789 5260901 789
76277559 790 8449630 790 5225147 790
71207764 791 8219820 791 5262566 791
71141525 792 8269131 792 5277313 792
71906849 793 8295013 793 5895309 793
75202446 794 8184242 794 5260073 794
76970003 795 8239202 795 5279163 795
71864789 796 8182884 796 5263919 796
75076378 797 8185126 797 5257300 797
71826230 798 8176730 798 5286693 798
71820731 799 8232375 799 5277786 799
74925826 800 8430592 800 5280594 800
72558942 801 8232694 801 5298498 801
72624818 802 8194608 802 5258714 802
72581489 803 8186096 803 6184951 803
74643337 804 8238771 804 5277947 804
72531216 805 8176847 805 5282990 805
72602480 806 8183010 806 5273552 806
75765918 807 8185376 807 5265985 807
72546177 808 8189947 808 5282516 808
73207721 809 8240195 809 5277185 809
77012968 810 8210769 810 5272125 810
73383618 811 8177117 811 5279715 811
73296510 812 8186762 812 5264325 812
73286731 813 8234423 813 7773436 813
73487620 814 8184236 814 5282384 814
73210173 815 8183617 815 5324215 815
73229670 816 8260611 816 5284899 816
77114613 817 8235970 817 5278157 817
73976153 818 8204118 818 5277084 818
74024693 819 8185781 819 5275491 819
77108257 820 8217843 820 5261784 820
79098389 821 8223942 821 5277754 821
73959868 822 8218852 822 5264484 822
77157829 823 8213837 823 5288807 823
74140662 824 8242388 824 5284053 824
74704108 825 8176830 825 5282185 825
75893986 826 8227631 826 5861349 826
77185338 827 8218719 827 5276181 827
74674889 828 8249716 828 5275008 828
74689501 829 8180795 829 5279153 829
77928866 830 8186787 830 5262172 830
74667470 831 8233111 831 5286812 831
74784326 832 8257673 832 5262035 832
79027257 833 8806089 833 5270234 833
75466266 834 8790029 834 5279084 834
75491196 835 8807955 835 5259800 835
78680892 836 8725442 836 5263424 836
75528117 837 8716151 837 5258919 837
75456587 838 8840716 838 5283455 838
75464753 839 11326765 839 5868861 839
75427293 840 8799905 840 5281050 840
114498381 841 15926646 841 6606647 841
79686619 842 8783587 842 5293090 842
76020736 843 8839886 843 5284117 843
76393447 844 8742960 844 5263965 844
79424196 845 8783680 845 5271132 845
93110257 846 9448693 846 5255803 846
76428424 847 8777044 847 5327725 847
79448930 848 8853399 848 5278627 848
76965171 849 8781671 849 5261955 849
77048980 850 8802750 850 5282783 850
76886004 851 11028066 851 6250684 851
76931551 852 8804473 852 5276817 852
76990061 853 8803440 853 5274168 853
76823352 854 8838068 854 5280230 854
95955040 855 8781860 855 5264385 855
77043893 856 8800646 856 5268536 856
78202229 857 8840804 857 5284003 857
77862970 858 8801213 858 5275583 858
78300272 859 8714177 859 5263435 859
77499826 860 8797409 860 5280092 860
77882280 861 8798385 861 5266697 861
77779239 862 8805262 862 5567737 862
77533649 863 8803933 863 5282750 863
78131067 864 8853238 864 5280699 864
78489654 865 8807115 865 5274795 865
78522725 866 8736095 866 5259133 866
78581312 867 8777601 867 5269076 867
78557190 868 9041315 868 5277893 868
78257610 869 8796384 869 5258724 869
78507582 870 8888410 870 5269898 870
83182082 871 11591025 871 6208494 871
78360655 872 8720861 872 5311641 872
79125587 873 8809309 873 5269793 873
78986371 874 8782340 874 5310054 874
79056707 875 8741987 875 5264308 875
79153333 876 8787208 876 5264418 876
78976073 877 8740194 877 5260996 877
79038891 878 8715501 878 5262206 878
78871693 879 8899176 879 5282969 879
78966096 880 8779124 880 5258093 880
79714452 881 8806012 881 5286010 881
79616215 882 8811964 882 5357219 882
79949389 883 8926768 883 5289740 883
79682516 884 8847875 884 5278295 884
79620364 885 8848062 885 5292655 885
79897830 886 8847525 886 5288342 886
79717144 887 8853757 887 5284273 887
79783245 888 8800679 888 5283501 888
80438442 889 8740510 889 5261493 889
80427957 890 8828949 890 5260763 890
80299869 891 8710090 891 5263869 891
80421797 892 8798985 892 5280558 892
80455057 893 8803288 893 5304284 893
80371151 894 8847167 894 5280666 894
102094651 895 8991614 895 5272950 895
80457122 896 8866475 896 5282117 896
81105796 897 9350743 897 5941725 897
81264095 898 9389718 898 6019009 898
81159890 899 9321035 899 6018503 899
81033877 900 9340383 900 6012049 900
81225140 901 9546270 901 6009058 901
81148065 902 9347215 902 6031122 902
81165908 903 9368128 903 6024449 903
81159268 904 9358287 904 5989516 904
81879747 905 9375045 905 6003159 905
81636086 906 9404795 906 6013635 906
81863869 907 9358822 907 5998108 907
81761700 908 9340253 908 5995863 908
81624471 909 9370271 909 6019491 909
81794211 910 9371286 910 6025645 910
81761237 911 9372413 911 6013130 911
81702229 912 9372683 912 6026808 912
82558414 913 9361844 913 6027708 913
82549579 914 9320904 914 6019814 914
82446100 915 9338177 915 6004166 915
82602863 916 9356368 916 6010923 916
82715512 917 9327442 917 6011762 917
82591988 918 14583669 918 8643477 918
104831448 919 9378289 919 6025709 919
82432551 920 9344960 920 5997645 920
88299557 921 9563688 921 6023984 921
83737524 922 9415519 922 6016449 922
83226013 923 9320290 923 6027948 923
86373300 924 9354130 924 6035623 924
83225388 925 9369566 925 5997995 925
81837551 926 9325136 926 6014496 926
86390646 927 9354232 927 5993544 927
83266461 928 9364083 928 6014333 928
83895691 929 9349277 929 5984873 929
90748655 930 9435584 930 6006883 930
85170399 931 9331495 931 6012158 931
83986401 932 9354447 932 6007444 932
87595538 933 9413035 933 6024100 933
83168230 934 9375159 934 6020064 934
83057161 935 9365712 935 6016292 935
87314421 936 9377328 936 5956687 936
84561136 937 9390311 937 6018187 937
84617678 938 9374721 938 6017824 938
87924655 939 9375966 939 6011996 939
84783353 940 9353091 940 5997379 940
90733530 941 11886804 941 6023047 941
84695443 942 9358850 942 5991612 942
84721077 943 9353294 943 6011883 943
87756305 944 9353868 944 5993911 944
85367005 945 9890866 945 6410920 945
85385800 946 9388891 946 6015584 946
88461833 947 9358685 947 5997252 947
85438346 948 9347685 948 5983550 948
85283275 949 9386603 949 5992996 949
88458012 950 9384204 950 5989780 950
85345670 951 9353211 951 5996706 951
85409622 952 9370936 952 6020564 952
89267797 953 9367760 953 6020778 953
86073673 954 9344992 954 6000518 954
86109797 955 9343924 955 6017336 955
89173065 956 9397027 956 6011534 956
85963581 957 9385793 957 6016277 957
86023192 958 11710156 958 6732054 958
86088907 959 9354515 959 5992773 959
85990072 960 9402220 960 5989797 960
86873914 961 9924404 961 6018057 961
86874002 962 10002817 962 5988314 962
86726990 963 10013754 963 12773528 963
95545583 964 10039602 964 6004062 964
86897142 965 10034810 965 6012548 965
86286477 966 10078737 966 6017563 966
86376407 967 10015516 967 5995309 967
85534172 968 10077195 968 6022109 968
87267888 969 9995288 969 5985541 969
87648278 970 10052386 970 5988629 970
87409672 971 10035459 971 5998080 971
87444827 972 10033762 972 6012423 972
87616400 973 10037354 973 6006817 973
87426438 974 10041949 974 5987539 974
87591297 975 9952145 975 6000732 975
87489647 976 9988300 976 5992709 976
88221717 977 10028774 977 5992299 977
100188121 978 10089744 978 6057135 978
88184346 979 10035332 979 6014389 979
88154220 980 10059787 980 5999704 980
93929512 981 9967801 981 6012070 981
88177112 982 9955023 982 6020077 982
88183335 983 13156990 983 6015328 983
88637290 984 10017614 984 5997798 984
94031843 985 10036410 985 6011183 985
107366237 986 13832668 986 5966314 986
89292550 987 10064326 987 6000291 987
88864150 988 10068181 988 5995987 988
96700658 989 10098876 989 6046664 989
101367488 990 9992461 990 5998986 990
88950848 991 10231247 991 6003076 991
88990187 992 9990143 992 5989548 992
89637416 993 9987313 993 5991097 993
92133026 994 10118598 994 5989116 994
89574855 995 9880397 995 6048550 995
89582732 996 10049145 996 6024473 996
98219612 997 10026602 997 5997258 997
89593231 998 9988449 998 5993400 998
89611422 999 10078469 999 5963559 999
