154803867 1 116579413 1 129804397 1
116608347 2 116425163 2 130372900 2
116671347 3 121764827 3 130742492 3
116848486 4 117821606 4 129945894 4
116467148 5 117134676 5 130421645 5
116574963 6 117433832 6 130186763 6
116521389 7 116973317 7 130576403 7
126825465 8 116977981 8 129781095 8
195146993 9 117058310 9 130173440 9
186517576 10 115997786 10 130125004 10
189894223 11 116710372 11 129665716 11
186255913 12 126751305 12 130858491 12
186148621 13 116039789 13 130702778 13
191423477 14 116519495 14 130445494 14
186090176 15 116726959 15 130731695 15
184826232 16 123285550 16 130612964 16
260973842 17 116366094 17 130439394 17
260291866 18 116163110 18 130428430 18
260127992 19 116222018 19 130425695 19
275888636 20 116662802 20 130199265 20
260801101 21 117755783 21 130618588 21
260316229 22 116509855 22 130333495 22
260026518 23 116749816 23 136443359 23
260340282 24 116250832 24 130309471 24
326063583 25 118049771 25 131574137 25
327905409 26 116029425 26 130100303 26
333664341 27 116090970 27 130407769 27
329955362 28 117085305 28 130353148 28
326743966 29 116131348 29 129757733 29
327436311 30 120426952 30 136692026 30
327308003 31 116288785 31 130743862 31
325936771 32 116599163 32 129321834 32
406807210 33 117315983 33 134287575 33
406726583 34 117127987 34 130554007 34
407044012 35 117245321 35 129994675 35
405933080 36 116866930 36 134979247 36
406726079 37 117068203 37 130191390 37
404856051 38 116340776 38 130641173 38
405624408 39 117115739 39 135954842 39
406241125 40 117140693 40 130254222 40
474121507 41 115785163 41 130157045 41
470860902 42 122633939 42 131727603 42
471050149 43 117067213 43 130873169 43
472855966 44 115554567 44 129506161 44
482139360 45 116408433 45 130361035 45
471774494 46 116293494 46 130762451 46
473434303 47 116922281 47 130642809 47
488677082 48 115925597 48 130282719 48
567773127 49 116163907 49 130774922 49
569020193 50 120064402 50 132097903 50
570976523 51 117483029 51 129867784 51
572630506 52 117673510 52 130040380 52
573613894 53 123851641 53 130815142 53
568292836 54 115829754 54 130218206 54
567959440 55 124982458 55 130901287 55
567725337 56 116873319 56 130035085 56
645048498 57 116732289 57 129620006 57
657061059 58 116591126 58 130274227 58
646110162 59 117079732 59 130565484 59
658631003 60 116171095 60 128946435 60
645777275 61 116361841 61 129985979 61
651707896 62 121656353 62 129465466 62
645402746 63 115674128 63 131229770 63
645345689 64 117304828 64 130257020 64
723233479 65 173309578 65 131567386 65
758640685 66 173917110 66 136908510 66
769009320 67 174793003 67 130940679 67
724120327 68 173343307 68 138894216 68
726252203 69 173797068 69 129300031 69
722561431 70 173621487 70 140866226 70
720650651 71 173247504 71 130885985 71
724799115 72 174378818 72 137626629 72
794757875 73 173749973 73 130889207 73
792730514 74 178225376 74 130435814 74
793714471 75 173374802 75 130185409 75
792602606 76 182716087 76 130376178 76
792992808 77 172985167 77 130362199 77
804042071 78 173522279 78 130874129 78
792492127 79 172909370 79 130518585 79
808530796 80 173678499 80 130528892 80
871128443 81 171679559 81 129670563 81
878384383 82 173209563 82 130031878 82
870360806 83 173495357 83 130457045 83
881815738 84 172359202 84 129924301 84
871570488 85 173130584 85 137497515 85
871683672 86 173232588 86 130464754 86
872117898 87 180098143 87 130578474 87
870739396 88 174355551 88 130917478 88
951784919 89 173798917 89 131006594 89
946525334 90 173328969 90 130955038 90
953524832 91 174233223 91 129849725 91
945817894 92 179421522 92 130756727 92
952922133 93 174212771 93 129637952 93
960409567 94 172827719 94 129548514 94
947645174 95 173620401 95 130808709 95
955590708 96 173590077 96 131231854 96
1020254419 97 178219574 97 130748317 97
1018400257 98 172955682 98 129499313 98
1025427937 99 172931689 99 130700947 99
1019706105 100 173397177 100 130721390 100
1030368464 101 173167204 101 130160912 101
1033807819 102 173739610 102 130515034 102
1019697877 103 173098186 103 130264449 103
1025955169 104 173582374 104 130385116 104
1091295371 105 185884273 105 130693111 105
1088782169 106 173788345 106 130830953 106
1136739199 107 173268580 107 130887499 107
1089413803 108 184491780 108 130066138 108
1088926207 109 173046515 109 131110289 109
1104820601 110 173957165 110 129871044 110
1091311028 111 173267546 111 138106501 111
1088880548 112 174253296 112 131152073 112
1170719012 113 174243827 113 129541762 113
1163031005 114 178312129 114 130528203 114
1163210470 115 173283021 115 130183185 115
1177200989 116 173698655 116 131088207 116
1162997618 117 183699036 117 130494478 117
1162592284 118 172914187 118 130387270 118
1177509159 119 173060429 119 129754390 119
1173388505 120 173399611 120 130094679 120
1229192864 121 173182507 121 130855580 121
1236597910 122 173739056 122 130004614 122
1245679530 123 172942085 123 129893113 123
1231816178 124 173098444 124 132795888 124
1233793916 125 173550911 125 130421850 125
1240670351 126 174053740 126 130566708 126
1251179684 127 173713955 127 129656357 127
1231338187 128 173470126 128 130973798 128
1311624543 129 232440379 129 193833322 129
1319178817 130 232604914 130 194880827 130
1326056217 131 237662001 131 195651369 131
1309813827 132 243205356 132 194140852 132
1307772825 133 232317035 133 194584856 133
1322411671 134 232422107 134 193976316 134
1314730724 135 232361206 135 195041207 135
1324071192 136 232163858 136 194433704 136
1362456466 137 241603799 137 195421676 137
1364649785 138 232349934 138 205028933 138
1363795089 139 233034565 139 195422944 139
1373965952 140 232456583 140 194460233 140
1368835994 141 232313811 141 195244466 141
1367772564 142 233169424 142 195016560 142
1363567564 143 245503639 143 195335673 143
1361186220 144 232405678 144 195276731 144
1459429622 145 232759709 145 195318716 145
1452521022 146 232081442 146 194514255 146
1449539584 147 232941392 147 195500711 147
1446630932 148 232283301 148 195207913 148
1453208625 149 232309338 149 194091879 149
1443326432 150 240959713 150 194810085 150
1442319127 151 232590968 151 195324740 151
1447534722 152 232603465 152 196016739 152
1529225344 153 232444066 153 194388741 153
1523771759 154 232836113 154 195396211 154
1525808982 155 233495906 155 194918771 155
1518240983 156 232133689 156 194766580 156
1516946876 157 232517423 157 195226235 157
1512564018 158 244942339 158 194877425 158
1511486106 159 232289766 159 205597692 159
1511105952 160 232472237 160 195356737 160
1593301128 161 233050973 161 195175843 161
1609324126 162 232718526 162 195302265 162
1594678532 163 232514062 163 194174628 163
1603196485 164 232545015 164 195400211 164
1597858517 165 232515909 165 194526671 165
1604408223 166 232492036 166 195191716 166
1593709136 167 232485112 167 195069063 167
1591837693 168 232435665 168 195307580 168
1658796799 169 232327100 169 194815513 169
1665186515 170 238376415 170 195308390 170
1675188159 171 232918453 171 194764138 171
1657612905 172 246936885 172 195136989 172
1653497329 173 237494656 173 195119568 173
1654297277 174 232372138 174 203173370 174
1652233064 175 232166007 175 210457807 175
1652673716 176 232497824 176 201212349 176
1726313766 177 232136219 177 194475295 177
1729179705 178 232160842 178 195134174 178
1723313316 179 232674877 179 195138328 179
1733065116 180 232349117 180 194969139 180
1722520996 181 232389910 181 194584413 181
1734498471 182 232248894 182 194383391 182
1721821154 183 232405465 183 194430137 183
1723773688 184 232282920 184 195345002 184
1804469892 185 232273333 185 194575533 185
1810720179 186 232680807 186 194725517 186
1804891502 187 232071311 187 195124048 187
1800539637 188 232241079 188 194575953 188
1799622686 189 232612966 189 195153977 189
1803190831 190 232319786 190 195286124 190
1804457735 191 232182270 191 195072145 191
1806407539 192 232297297 192 195093402 192
1879170432 193 291219240 193 197298401 193
1872516523 194 291088103 194 199913783 194
1873601084 195 300882479 195 194616773 195
1873423549 196 303915286 196 194129117 196
1891557503 197 290755461 197 195404487 197
1879046039 198 290854698 198 195725819 198
1887442972 199 290062579 199 194438048 199
1884276983 200 290907734 200 195088412 200
1948929628 201 291498079 201 194655299 201
1946912378 202 291685538 202 194785158 202
1953280032 203 291006318 203 195491126 203
1959411485 204 293814267 204 195509464 204
1940014111 205 290709205 205 203325505 205
1935353761 206 295425072 206 194501892 206
1935322595 207 296070729 207 194070596 207
1939603868 208 290927836 208 194088193 208
2028856246 209 290948930 209 194453100 209
2018893320 210 290772124 210 194456925 210
2013879556 211 291068621 211 195302932 211
2020350171 212 291510120 212 194788467 212
2023801660 213 291318188 213 194480523 213
2024015430 214 290905156 214 208667901 214
2010505021 215 296270299 215 195560966 215
2021954226 216 290662085 216 195482859 216
2091439090 217 290936185 217 194731697 217
2120140413 218 291028130 218 195240135 218
2086778275 219 290733489 219 194881110 219
2084708899 220 291809796 220 201563794 220
2081005002 221 299627334 221 195393310 221
2091295250 222 291275081 222 194477932 222
2091010738 223 291223790 223 194516277 223
2085332823 224 291565378 224 194614104 224
2162118425 225 290915412 225 195102877 225
2162921240 226 291089658 226 201627859 226
2152045795 227 305504961 227 194788748 227
2155644519 228 290969452 228 194907114 228
2164802628 229 290602482 229 194933468 229
2164012383 230 291064673 230 193960795 230
2161678355 231 291213413 231 200721024 231
2150138599 232 298610563 232 194963145 232
2236077849 233 291144726 233 195365775 233
2227439375 234 291079803 234 195206329 234
2234677088 235 290914909 235 195128346 235
2232761695 236 290826553 236 201089698 236
2237847196 237 291199767 237 195554575 237
2236544080 238 291984312 238 195009402 238
2228413017 239 297863696 239 194952656 239
2235152287 240 291056757 240 195569831 240
2304174344 241 302544884 241 194815613 241
2311975761 242 291160452 242 194192823 242
2304083634 243 290676180 243 195163510 243
2307137102 244 291389438 244 202491547 244
2303638451 245 291144211 245 194758152 245
2299221492 246 291246771 246 194708077 246
2302005014 247 290688595 247 195041474 247
2304067734 248 290615243 248 202175551 248
2372185254 249 290843886 249 194963071 249
2371318673 250 290823897 250 195002487 250
2375584528 251 290414521 251 195382599 251
2371544959 252 304155600 252 194871915 252
2377420952 253 291074579 253 195304680 253
2375265074 254 290591347 254 195333205 254
2370718881 255 290730552 255 197491004 255
2370416310 256 291004341 256 194033996 256
2455479204 257 348537815 257 259415057 257
2450917020 258 348145323 258 276566902 258
2446476014 259 348505224 259 260091603 259
2454970568 260 348598076 260 259574444 260
2451420730 261 353731984 261 259624777 261
2450776657 262 353059333 262 259661710 262
2447475998 263 348197995 263 259785183 263
2452634018 264 354836951 264 259898968 264
2502406263 265 348348768 265 259504982 265
2494856083 266 347971646 266 267125897 266
2497669656 267 347925838 267 259561346 267
2504104271 268 349233967 268 259735652 268
2499986170 269 358753730 269 259674420 269
2503702771 270 348314962 270 259779609 270
2507556198 271 348081790 271 259885583 271
2517799679 272 348186859 272 259841488 272
2568831651 273 352636594 273 260232139 273
2570520733 274 353735196 274 259764574 274
2568961477 275 348152327 275 259970305 275
2573922028 276 348101283 276 272682437 276
2570303541 277 348147087 277 260022894 277
2569229220 278 348817743 278 259531506 278
2579692150 279 347823214 279 259818381 279
2573182542 280 347929164 280 260259716 280
2648034694 281 354631540 281 259690422 281
2663878910 282 347936927 282 259968671 282
2660400594 283 348296696 283 277273717 283
2652965907 284 348020451 284 260077590 284
2656951977 285 347695426 285 268358133 285
2654608664 286 348294326 286 259982234 286
2649764481 287 348082963 287 260056500 287
2674897161 288 347946001 288 260044705 288
2726012927 289 348441682 289 259452225 289
2746424595 290 347969606 290 259240593 290
2724981754 291 347865100 291 259236124 291
2745524718 292 348385044 292 259386710 292
2773465763 293 348074008 293 260052336 293
2790448576 294 348255401 294 259691741 294
2724783458 295 348088167 295 259363185 295
2913551371 296 349277301 296 260178629 296
2814984643 297 348354786 297 261315275 297
2848776935 298 348463411 298 260391829 298
2898172340 299 351961246 299 276523083 299
2866538448 300 349897380 300 259979223 300
2795443851 301 355067285 301 259718043 301
2803090788 302 347680380 302 259818627 302
2801859589 303 352941854 303 261426738 303
2797043423 304 348072381 304 259760292 304
2872513310 305 353362170 305 259708537 305
2865595191 306 348093889 306 259797696 306
2883043541 307 355780001 307 259809680 307
2865572685 308 348372394 308 259408115 308
2884040485 309 348228228 309 259908293 309
2865847547 310 348116969 310 274924112 310
2873794790 311 348493782 311 259962712 311
2890455656 312 348201501 312 271106605 312
2982614841 313 347829562 313 259397474 313
2944562140 314 352658927 314 259953123 314
2938309638 315 348402691 315 259958221 315
2957219506 316 348346581 316 262788199 316
2939961357 317 348547889 317 264886024 317
2937928036 318 348355225 318 260588943 318
2936070606 319 359066359 319 259775125 319
2944900067 320 348229222 320 260013152 320
3014708463 321 404659475 321 259353053 321
3011725055 322 405401663 322 264671811 322
3022152187 323 405380439 323 260417651 323
3023284350 324 408344257 324 259971263 324
3012776568 325 404840950 325 260084932 325
3029571979 326 405458939 326 259406476 326
3026741057 327 413612685 327 259797288 327
3012249208 328 404832660 328 259716111 328
3091420921 329 403079122 329 260074144 329
3089745484 330 417805130 330 259705393 330
3078680599 331 406606413 331 260069299 331
3170062910 332 405955225 332 260172214 332
3106397215 333 411632103 333 259940770 333
3080071977 334 406477061 334 260351201 334
3095670716 335 405917159 335 259718512 335
3090026672 336 417566787 336 259824156 336
3153300139 337 405484797 337 259615288 337
3158661859 338 404894131 338 260005031 338
3169997208 339 405280652 339 259602612 339
3159874439 340 404741123 340 266741896 340
3212092266 341 406519495 341 260104304 341
3171010554 342 404541407 342 259931085 342
3155314001 343 417893925 343 259897488 343
3151025969 344 405520806 344 259472340 344
3222819950 345 403198615 345 260022850 345
3226620036 346 409121751 346 259891231 346
3238145136 347 406140447 347 267917969 347
3217165452 348 405095025 348 260083913 348
3242655693 349 406501283 349 259315134 349
3223009457 350 408064356 350 259651079 350
3216192544 351 405144501 351 259502533 351
3226646512 352 405995114 352 260026007 352
3314490541 353 406251793 353 259492810 353
3294888986 354 417459982 354 259712897 354
3298313628 355 404661023 355 259900138 355
3308904343 356 404088545 356 259792424 356
3308069386 357 432694256 357 260113453 357
3296684588 358 424103221 358 259803353 358
3297531020 359 406157593 359 264875207 359
3310894701 360 404864415 360 260533708 360
3388714501 361 404068935 361 259324539 361
3382119374 362 403656000 362 260033392 362
3376599282 363 416746855 363 259780347 363
3370885583 364 405054214 364 260130707 364
3378823635 365 402307159 365 259830417 365
3373149450 366 407170803 366 259899455 366
3388707521 367 405768857 367 259693462 367
3362055617 368 411449713 368 263687968 368
3440743869 369 404168013 369 259423627 369
3440723721 370 406880139 370 259732382 370
3481050900 371 429814835 371 272742373 371
3628225675 372 429284326 372 271108059 372
3590422815 373 407431941 373 261259685 373
3475760303 374 437821303 374 266272564 374
3458243701 375 407773473 375 272172303 375
3455968813 376 406590660 376 260672216 376
3521131753 377 407049672 377 260168300 377
3575089805 378 404900598 378 259819383 378
3497132302 379 404840878 379 259245945 379
3496339901 380 405312145 380 259851852 380
3498047476 381 406694453 381 259738151 381
3506005375 382 404899660 382 259626479 382
3528806858 383 406810055 383 260117197 383
3497080628 384 405923972 384 259753890 384
3572021521 385 464714853 385 323862472 385
3570450557 386 464565521 386 324207980 386
3571760540 387 464257033 387 324276645 387
3617012963 388 468910022 388 323628904 388
3573157345 389 464407871 389 324559538 389
3574722233 390 479184428 390 324148618 390
3572548192 391 464813944 391 324178689 391
3603838096 392 465122369 392 324406603 392
3629806430 393 464957331 393 324131286 393
3626407628 394 465332359 394 324682709 394
3625892002 395 464655378 395 323566453 395
3626646481 396 464087832 396 324813397 396
3632421250 397 464329120 397 323747894 397
3625520645 398 464462081 398 325217990 398
3625104269 399 464758873 399 324143398 399
3626478176 400 465665135 400 325171075 400
3715900673 401 464818155 401 324702461 401
3714280259 402 464615464 402 324298228 402
3712975877 403 464440019 403 324980911 403
3713838746 404 464667461 404 325101955 404
3713606495 405 464851711 405 324185630 405
3714266445 406 465033586 406 324234095 406
3713453319 407 464396519 407 324209342 407
3711343477 408 464186417 408 324211367 408
3780810890 409 464556871 409 324592345 409
3778981650 410 464473710 410 324170939 410
3778657480 411 464124202 411 324118863 411
3778468405 412 464281431 412 324157737 412
3782701070 413 464379614 413 323710219 413
3779302725 414 464477838 414 323433643 414
3779944702 415 464180283 415 324840980 415
3779396301 416 464545233 416 323913004 416
3854799913 417 464636203 417 324752225 417
3854245236 418 464488491 418 324555557 418
3855946560 419 465008266 419 324224584 419
3868623445 420 465116364 420 324651989 420
3894717333 421 464644794 421 324817431 421
3856573269 422 465128223 422 324336289 422
3854439634 423 464667371 423 324770647 423
3869802904 424 464030649 424 324524439 424
3922930109 425 464971350 425 326712252 425
3930552495 426 464899596 426 324769950 426
3924526104 427 465325328 427 324806014 427
3926188343 428 465203223 428 323750252 428
3926114757 429 464568702 429 324510172 429
3925626015 430 464385960 430 324733533 430
3924260773 431 464818730 431 323604830 431
3923800066 432 464647230 432 324812133 432
3995077910 433 464155154 433 324694158 433
3995048047 434 465397264 434 324515321 434
3997388595 435 465110524 435 324170809 435
3994143113 436 465016237 436 324844968 436
3995501336 437 465340992 437 324358149 437
3996935749 438 465701177 438 324946631 438
3996303468 439 465620398 439 324917870 439
3997288582 440 465074917 440 323437723 440
4067700332 441 464880135 441 324566140 441
4067313031 442 465561425 442 324452919 442
4066669001 443 465393152 443 324584513 443
4066418971 444 465506733 444 324121715 444
4068716309 445 465926187 445 323673438 445
4065997487 446 464458471 446 325385460 446
4065561954 447 464894579 447 323408712 447
4064596413 448 464744166 448 324102917 448
4139779569 449 527027273 449 324754115 449
4138997831 450 527771026 450 324219906 450
4139221022 451 527235571 451 324435747 451
4140866192 452 527097304 452 324598890 452
4139537411 453 527571179 453 324298057 453
4139876023 454 527719043 454 324462123 454
4141840490 455 527595459 455 325075758 455
4185362966 456 527820042 456 324324435 456
4208351080 457 527840949 457 323977453 457
4209516201 458 527155336 458 324170800 458
4207503609 459 526823507 459 324134948 459
4205921111 460 526509873 460 324234690 460
4207170556 461 527644855 461 324415996 461
4205166433 462 528527615 462 324722029 462
4206012650 463 526603763 463 325440539 463
4206927438 464 527187096 464 324488418 464
4277974536 465 527091586 465 323750375 465
4279049256 466 527012049 466 323585000 466
4278122065 467 528056871 467 324344608 467
4279478247 468 526960122 468 324414292 468
4299765001 469 526953075 469 323972057 469
4281207832 470 527425865 470 324350273 470
4281083380 471 526534307 471 324560927 471
4279718839 472 528736125 472 324521390 472
4347990024 473 526442167 473 324049925 473
4349198162 474 526983506 474 325048563 474
4347344061 475 526798786 475 324114423 475
4352304848 476 527445101 476 324387471 476
4346219128 477 527282306 477 324469684 477
4346691293 478 526785347 478 323876688 478
4346680068 479 527366187 479 324646426 479
4346614535 480 527377359 480 324614826 480
4422581732 481 527121912 481 324615889 481
4423104789 482 527203544 482 324113924 482
4421284068 483 527292705 483 324149847 483
4421547125 484 527520269 484 324276441 484
4422524094 485 527265881 485 324175923 485
4422563878 486 526756245 486 324385767 486
4421745328 487 526615436 487 324344694 487
4425710222 488 531875452 488 324622839 488
4512074960 489 527162658 489 324330899 489
4491069801 490 526758304 490 324374356 490
4490259066 491 527900287 491 323863754 491
4490217089 492 528184032 492 324646825 492
4490209569 493 527360062 493 324550940 493
4488494218 494 526897678 494 324156441 494
4497600241 495 526366024 495 324306413 495
4488356435 496 526701400 496 324407564 496
4591363195 497 527031012 497 324392223 497
4596712393 498 526859285 498 324374783 498
4590187470 499 526973706 499 323784195 499
4595474895 500 527507290 500 324881734 500
4597357246 501 526823972 501 324563940 501
4596088380 502 527163063 502 324441176 502
4597259148 503 528200654 503 324521301 503
4594473575 504 527935702 504 324278837 504
4639656863 505 527297781 505 324241824 505
4638899066 506 528970262 506 324379868 506
4637325210 507 527786542 507 324404147 507
4634958194 508 527420952 508 324292944 508
4634102404 509 527172177 509 324208265 509
4635677106 510 527502917 510 324590541 510
4634765022 511 527047429 511 323813938 511
4633566585 512 527028721 512 323941840 512
4701077082 513 604785009 513 388117172 513
4703355892 514 605043178 514 387431502 514
4703142511 515 604701800 515 387880656 515
4703462454 516 604678027 516 388202897 516
4703746855 517 604803108 517 388576441 517
4703613909 518 605630752 518 387870657 518
4702907607 519 606528541 519 388141272 519
4712028431 520 604776409 520 388301059 520
4759607043 521 604854290 521 388038975 521
4759503816 522 604997859 522 387988836 522
4759894120 523 604631226 523 387866072 523
4756717692 524 604229320 524 387953381 524
4757424345 525 604701189 525 387241198 525
4758623973 526 605205294 526 388131919 526
4760052767 527 605145430 527 388084079 527
4761421485 528 605217218 528 387872036 528
4848343416 529 604895809 529 388574047 529
4849420691 530 605451797 530 388181579 530
4850206945 531 605705109 531 388439947 531
4862942926 532 604891536 532 388503452 532
4849642141 533 605247012 533 388981718 533
4846486211 534 605437623 534 390290790 534
4847922724 535 605102099 535 387217086 535
4848651704 536 606015794 536 386939151 536
4921540789 537 605079511 537 388657692 537
4921575925 538 604949521 538 389553442 538
4923841044 539 605199227 539 388621994 539
4924074197 540 605272312 540 387770111 540
4925242552 541 605420794 541 387803760 541
4924185973 542 604893470 542 388177551 542
4930076683 543 604913976 543 388074934 543
4921922024 544 604872117 544 388375652 544
5000596240 545 604528614 545 388173980 545
4999888146 546 604406455 546 387570442 546
4998019210 547 604826062 547 388424329 547
5002292464 548 604834062 548 390878919 548
5060744066 549 605346888 549 388066162 549
5004018764 550 604873104 550 387720374 550
5004263359 551 604802707 551 388188764 551
5003845217 552 604595964 552 387627404 552
5073811842 553 605584478 553 387947263 553
5072273719 554 605151045 554 388143156 554
5070470400 555 605355098 555 387639824 555
5071601790 556 605881825 556 388774170 556
5069457093 557 605789975 557 388255616 557
5072834557 558 605770364 558 388453149 558
5070294323 559 604502441 559 387990377 559
5071612086 560 605243665 560 388118770 560
5142523130 561 605386282 561 388170615 561
5146207138 562 604651931 562 388301852 562
5143519417 563 605006506 563 388767021 563
5142627571 564 605155048 564 387672546 564
5144720101 565 605499738 565 388419992 565
5142590996 566 604277701 566 388849389 566
5143864581 567 605553100 567 388386296 567
5144054485 568 605297180 568 388031965 568
5214183997 569 605135968 569 387664516 569
5212515699 570 604440536 570 387638857 570
5216172777 571 604360504 571 388908931 571
5213275748 572 604704342 572 388398136 572
5213039813 573 604499941 573 387176402 573
5212861771 574 604713776 574 388422030 574
5217843319 575 606246299 575 388244314 575
5215526579 576 619509466 576 387317920 576
5294801557 577 643118628 577 388018763 577
5281834736 578 643137238 578 388230122 578
5281378774 579 642252753 579 389305865 579
5280910488 580 643772373 580 417095417 580
5324122586 581 642841198 581 387857931 581
5283923401 582 642869403 582 388366116 582
5322110173 583 643342019 583 388386569 583
5335905950 584 643472606 584 388180931 584
5351097205 585 643235674 585 387867198 585
5352575403 586 643406169 586 388082196 586
5413004093 587 642560853 587 390135488 587
5354666018 588 644435866 588 388366582 588
5355670446 589 640165299 589 388964033 589
5356440368 590 644692433 590 387614411 590
5359027984 591 644179142 591 388279592 591
5353517774 592 643309438 592 387591678 592
5429941982 593 644109270 593 388163273 593
5429565611 594 643025985 594 388654802 594
5428725933 595 643651359 595 388060069 595
5428299235 596 642177293 596 388485819 596
5426900568 597 643012207 597 388214094 597
5429293870 598 643079011 598 387948997 598
5426974496 599 643451093 599 388537132 599
5426206849 600 643211534 600 388528464 600
5492911741 601 642695846 601 388754637 601
5495818773 602 643963498 602 388790155 602
5515449210 603 643687630 603 403736284 603
5498095452 604 641560259 604 388072985 604
5493679150 605 643873284 605 388151447 605
5492058203 606 642868336 606 387729044 606
5497712415 607 644540905 607 388618813 607
5495877589 608 644527535 608 388250905 608
5569699592 609 643308386 609 387854362 609
5570340360 610 644289531 610 388278557 610
5577217798 611 642842736 611 388618877 611
5570346794 612 643563933 612 387509545 612
5574472616 613 644613048 613 388478792 613
5575397964 614 643375530 614 387966334 614
5572848139 615 643541652 615 388512881 615
5574007436 616 643928678 616 388251539 616
5641722979 617 643238054 617 388663539 617
5640483200 618 643498925 618 388038583 618
5635136269 619 643255057 619 387803702 619
5636254643 620 643951408 620 388006640 620
5636501301 621 643457523 621 387393345 621
5637266687 622 643220840 622 387738064 622
5637040380 623 642513469 623 387816857 623
5638245557 624 643747731 624 388281433 624
5712383002 625 643639302 625 387769540 625
5710412623 626 642813765 626 388811235 626
5711700533 627 643609014 627 388348290 627
5711024953 628 642414002 628 387551918 628
5717512020 629 642805347 629 388801535 629
5707674685 630 640178987 630 388523080 630
5711051945 631 644124448 631 388616091 631
5714201903 632 644142347 632 388604798 632
5812592631 633 643559703 633 388154491 633
5791380829 634 643880777 634 387578137 634
5789540022 635 643039112 635 388703219 635
5790528168 636 642212723 636 388741792 636
5793290636 637 644807625 637 387447088 637
5789697968 638 643962523 638 389104149 638
5828348339 639 642785271 639 388658213 639
5788886998 640 643663898 640 388034916 640
5853572012 641 701851154 641 451861799 641
5851111955 642 700336741 642 452126194 642
5849207862 643 702723481 643 451964670 643
5851823005 644 699880865 644 452620986 644
5850688396 645 701578422 645 452175630 645
5849895619 646 700934096 646 451932293 646
5850718832 647 699367904 647 451419278 647
5847722774 648 700681919 648 452161944 648
5922319420 649 700964249 649 452167472 649
5919982197 650 700519022 650 452842353 650
5921425635 651 701332065 651 452681151 651
5924053697 652 702199264 652 452495508 652
5926347011 653 700457830 653 452237776 653
5976546776 654 701261399 654 453173771 654
5921077170 655 700744926 655 451716238 655
5921073574 656 701594354 656 452899853 656
6002928080 657 701296337 657 455496235 657
5994740416 658 701274430 658 453282021 658
6011248489 659 700931453 659 452020386 659
5992642957 660 700352191 660 452610232 660
5993538672 661 700138131 661 451592490 661
5992305238 662 701664067 662 453277432 662
5995600812 663 701898842 663 453632363 663
5994543057 664 700326400 664 451205331 664
6066391901 665 699830359 665 451501819 665
6070337354 666 700302730 666 451743010 666
6068422168 667 700544111 667 452007635 667
6070743522 668 701667297 668 452774567 668
6069893826 669 699369855 669 452297099 669
6068870402 670 699648260 670 452316574 670
6067072197 671 701634149 671 452860245 671
6069699345 672 700791666 672 452471350 672
6138461810 673 701109883 673 452134433 673
6135017980 674 700166455 674 453033849 674
6137801490 675 701353848 675 452617478 675
6140106934 676 700558145 676 452205389 676
6138874623 677 702091327 677 452487217 677
6199715324 678 699773061 678 452064079 678
6142945399 679 700930077 679 451412736 679
6143142566 680 699921080 680 452564850 680
6206598311 681 700631206 681 453237803 681
6208760305 682 706408308 682 451678327 682
6211891362 683 701689170 683 453717042 683
6201402406 684 699491366 684 452319870 684
6208416933 685 701076400 685 452289002 685
6206363422 686 724891881 686 451103820 686
6204675787 687 700536923 687 452808047 687
6204562409 688 700734803 688 452497454 688
6284474791 689 700868529 689 451469187 689
6292040920 690 702193624 690 453880759 690
6287350147 691 699821884 691 454464375 691
6283906883 692 700683248 692 452195784 692
6275011446 693 700501693 693 452139670 693
6275335972 694 701365908 694 453291281 694
6276173477 695 699834745 695 453140886 695
6277743909 696 699510598 696 452792688 696
6349228524 697 700307625 697 451901564 697
6348843615 698 702032711 698 452123765 698
6350852921 699 700008131 699 450789683 699
6348884247 700 700728900 700 452438919 700
6391063051 701 699170133 701 452782631 701
6356730361 702 701232013 702 453161963 702
6348817504 703 699461611 703 451616863 703
6347207019 704 700000709 704 452282239 704
6412090732 705 768760703 705 453051945 705
6413231720 706 754330955 706 452613695 706
6410288647 707 756559725 707 452643573 707
6411764603 708 756767083 708 452707019 708
6413161979 709 758337836 709 452306150 709
6412918967 710 757762844 710 451403909 710
6412614295 711 758938160 711 451684535 711
6423966065 712 757378666 712 452327950 712
6495288599 713 754329791 713 451260641 713
6487091041 714 757924506 714 452565238 714
6486717223 715 757933270 715 452150744 715
6487322440 716 758257953 716 451132747 716
6486772091 717 758387240 717 452125522 717
6487530456 718 758447576 718 453352145 718
6488017826 719 758082419 719 453039108 719
6489190610 720 757251380 720 451881372 720
6566362047 721 758629901 721 452922902 721
6565191971 722 756376861 722 452867378 722
6587747860 723 758232329 723 452532523 723
6560945993 724 758074045 724 453154051 724
6563345876 725 754698917 725 452382219 725
6565516423 726 757020997 726 452668305 726
6563104753 727 758448503 727 453706990 727
6563548813 728 755780246 728 451771539 728
6629556382 729 755409239 729 452574094 729
6629281493 730 758563661 730 453042024 730
6629978173 731 757916702 731 451979759 731
6650206373 732 758616614 732 452882496 732
6631833776 733 759169384 733 453153921 733
6631914285 734 754378829 734 452209149 734
6641355788 735 758616759 735 452631344 735
6634190653 736 757224291 736 452137156 736
6708612771 737 758109010 737 452204020 737
6706115395 738 758891164 738 451186704 738
6706629545 739 758670907 739 453292035 739
6706436846 740 759316583 740 451355332 740
6711088653 741 762383990 741 453215643 741
6709066419 742 759073770 742 451581175 742
6714604737 743 756525359 743 452842606 743
6709816336 744 759255072 744 451445229 744
6820801848 745 756120924 745 452330050 745
6796807574 746 756730368 746 452709204 746
6779831186 747 754706475 747 452462633 747
6775209887 748 757305844 748 452095948 748
6772906513 749 758665631 749 453185161 749
6770935079 750 757971792 750 452637048 750
6772401707 751 756265426 751 453084982 751
6771575245 752 758612474 752 450865739 752
6845811417 753 759198866 753 452865319 753
6846107111 754 759835401 754 452112439 754
6851280872 755 753056708 755 452507059 755
6852714127 756 758757367 756 451766747 756
6850635898 757 771313108 757 451932552 757
6850515012 758 758299156 758 453099098 758
6849211436 759 756573367 759 452144760 759
6846802017 760 757965197 760 452106188 760
6921317323 761 753912780 761 452100792 761
6922085700 762 755803211 762 451304551 762
6919079099 763 757918083 763 451504093 763
6919943342 764 754068808 764 451204147 764
6919168611 765 757887114 765 452648031 765
6926995361 766 763408270 766 453101305 766
6921282734 767 755935469 767 453166495 767
6920575064 768 758699479 768 462495694 768
6984914971 769 817472829 769 544518539 769
6979813696 770 816322619 770 516696117 770
6981589972 771 815868032 771 516599697 771
6981893585 772 815957540 772 517034819 772
6981492718 773 814806751 773 518701123 773
6998895878 774 815433282 774 516030196 774
6995300498 775 815765976 775 516283155 775
6976644219 776 815573021 776 516025850 776
7056229557 777 817078452 777 516972300 777
7047803956 778 814729334 778 516595378 778
7044941078 779 816107288 779 516300998 779
7043906701 780 815100721 780 516626837 780
7044616840 781 816658900 781 516542754 781
7046556995 782 815794327 782 516519979 782
7051703921 783 813830667 783 516333861 783
7045918892 784 814660024 784 516289700 784
7131257349 785 815556091 785 517523915 785
7142792082 786 814956089 786 516952230 786
7202272100 787 814787128 787 516645493 787
7133712437 788 815033600 788 515909610 788
7129386998 789 814977132 789 516251605 789
7142638108 790 817135871 790 516691411 790
7129635205 791 814672253 791 516269203 791
7127747949 792 815694847 792 516043306 792
7198139928 793 815050468 793 516365079 793
7197249504 794 816120178 794 516339699 794
7200146866 795 816674928 795 516030329 795
7211648016 796 815219828 796 516458543 796
7211373137 797 817501648 797 516772819 797
7204676357 798 814690013 798 516891464 798
7203100880 799 815905407 799 516982809 799
7200286775 800 814573167 800 516378153 800
7271307668 801 814266996 801 516018226 801
7266339664 802 815498536 802 516184554 802
7266342343 803 815284390 803 516635026 803
7265171499 804 813813919 804 516586175 804
7265958995 805 814227875 805 516742524 805
7269440279 806 816219202 806 516996208 806
7303006235 807 814140157 807 517000262 807
7269222199 808 813965853 808 516601710 808
7341962407 809 816476380 809 516475914 809
7351408072 810 815982415 810 516586068 810
7341134372 811 814931508 811 516873569 811
7341290761 812 815837292 812 516593417 812
7340560718 813 815405321 813 516873075 813
7341959082 814 828278255 814 516679430 814
7343919295 815 815660501 815 516681302 815
7341328980 816 815671268 816 516269149 816
7416408872 817 815948206 817 517229508 817
7418568494 818 816446702 818 516306222 818
7416092924 819 814257747 819 516147229 819
7419255728 820 815315330 820 516683042 820
7418413305 821 815438301 821 516779364 821
7414674698 822 814756725 822 516747613 822
7414442664 823 815895281 823 516341215 823
7416015507 824 815022501 824 516550065 824
7482435356 825 826789449 825 516025003 825
7484162772 826 814746225 826 516924712 826
7541782684 827 815203607 827 517217161 827
7489305180 828 816071555 828 516838316 828
7481381685 829 815427355 829 521622407 829
7489528906 830 816368025 830 517443433 830
7488351542 831 817897169 831 517506255 831
7482741245 832 817030784 832 517048273 832
7551890227 833 874018097 833 516643174 833
7550220527 834 877793378 834 516612806 834
7556210123 835 874131251 835 516313341 835
7576026746 836 876116168 836 517779315 836
7560609163 837 874849798 837 517393926 837
7559012541 838 873122064 838 516365184 838
7550913442 839 873430510 839 516098794 839
7552788904 840 874613648 840 516511347 840
7625146735 841 873802867 841 516848733 841
7626618740 842 871349754 842 516321366 842
7621872558 843 874458883 843 516343504 843
7621549970 844 871347130 844 516538048 844
7621280162 845 874165432 845 516547315 845
7648635918 846 872818982 846 517160435 846
7625640439 847 875969261 847 516274196 847
7623516518 848 875089791 848 516350306 848
7701584027 849 874876764 849 516671384 849
7703466187 850 875512211 850 517740878 850
7705139452 851 872267848 851 517310746 851
7705674830 852 874336085 852 516686679 852
7710750347 853 876561348 853 518031702 853
7701974758 854 871130740 854 516452039 854
7707049395 855 871082476 855 517513469 855
7701274341 856 875545191 856 516761721 856
7767635663 857 873838909 857 516464797 857
7768892022 858 874215884 858 516388653 858
7767125478 859 870124472 859 517176380 859
7765147377 860 875545066 860 516668351 860
7769382709 861 868890065 861 516415075 861
7766364698 862 875606193 862 517094687 862
7793002268 863 872980855 863 517161652 863
7769060871 864 868833995 864 516428567 864
7871595501 865 870628136 865 516206346 865
7833789158 866 872440175 866 516899635 866
7837564716 867 874911087 867 516208520 867
7837703112 868 873759833 868 524089186 868
7851399206 869 875397908 869 516449818 869
7844132581 870 873554108 870 516769581 870
7842369390 871 870575327 871 516930024 871
7839635905 872 877091946 872 516209188 872
7913872415 873 884024640 873 516687649 873
7951826645 874 874953123 874 516504997 874
7915522585 875 872283061 875 516110439 875
7913271045 876 872056740 876 516437889 876
7911583075 877 873217439 877 516766709 877
7912633856 878 873355162 878 516794899 878
7911967672 879 874485104 879 516594603 879
7907036603 880 874654943 880 516754780 880
7993912877 881 875526890 881 516048197 881
7990372325 882 876172489 882 516215473 882
8010822042 883 882548242 883 517470928 883
8026135590 884 874473338 884 516871489 884
7992695360 885 872252987 885 516247326 885
7992517007 886 871411964 886 516962538 886
7988927497 887 876236126 887 516722341 887
7994715267 888 874029055 888 517132798 888
8060763006 889 875505604 889 516427861 889
8077620208 890 873464925 890 516759702 890
8056627305 891 874684438 891 516180992 891
8058072735 892 871072980 892 516555502 892
8060909858 893 874593997 893 517278123 893
8057538884 894 873371786 894 516276444 894
8059444438 895 872905426 895 516728556 895
8062702929 896 875096089 896 516476162 896
8115961478 897 933682812 897 581383924 897
8115643070 898 933153236 898 581574916 898
8112840309 899 931945028 899 581967567 899
8115488570 900 932811740 900 581869199 900
8114452466 901 933154280 901 581838027 901
8126599563 902 942485978 902 581815330 902
8112633829 903 933466700 903 581707049 903
8113133916 904 933683752 904 581797606 904
8195071153 905 932555162 905 581837166 905
8187658996 906 932205592 906 581345891 906
8185992006 907 932247855 907 582361152 907
8183545007 908 932964717 908 582112933 908
8186863949 909 932197669 909 581760779 909
8189324762 910 932765019 910 582628963 910
8191005762 911 932925918 911 582280690 911
8196457240 912 932871630 912 581579151 912
8264505587 913 933345913 913 581451698 913
8267750716 914 933406386 914 582190538 914
8267246046 915 932860338 915 582522630 915
8265581767 916 933096965 916 582206533 916
8264633309 917 933243359 917 582216896 917
8264662303 918 933530705 918 581908730 918
8305524477 919 933477768 919 581677913 919
8267729757 920 932835323 920 582569487 920
8337214590 921 933672867 921 581832475 921
8362837493 922 931694416 922 581934913 922
8333062701 923 933690940 923 581856699 923
8333427901 924 932788337 924 581924051 924
8335816874 925 932697067 925 581657908 925
8360695831 926 932506934 926 580992125 926
8330471557 927 931886780 927 581604742 927
8332383017 928 932622115 928 582131800 928
8405038084 929 932434930 929 581732330 929
8406962827 930 933628429 930 582155094 930
8408647782 931 932684194 931 581872853 931
8405665888 932 933021216 932 581880433 932
8410162370 933 932773941 933 581731850 933
8407763180 934 933081650 934 581755758 934
8407696156 935 933135307 935 581937002 935
8408577329 936 941814964 936 582520695 936
8505738195 937 933159595 937 583038619 937
8475884317 938 933651570 938 582242341 938
8514161634 939 933553439 939 582102909 939
8478919101 940 933030537 940 581914087 940
8479328475 941 932405423 941 580674569 941
8472989256 942 933340283 942 581699530 942
8475109515 943 933197656 943 583170777 943
8476398451 944 932380450 944 582502452 944
8551782614 945 932663335 945 581814850 945
8550320622 946 932430477 946 581546849 946
8548299525 947 931995889 947 581324215 947
8543279475 948 932941824 948 582500961 948
8546766952 949 932787971 949 582035142 949
8542662499 950 932954999 950 582008594 950
8544082780 951 933576927 951 581379660 951
8546004060 952 932763746 952 582926316 952
8623618113 953 932750670 953 582562307 953
8663974958 954 933593785 954 581654129 954
8623437272 955 934123653 955 582333216 955
8632484738 956 933443440 956 582382399 956
8624866320 957 933034931 957 583093010 957
8623568992 958 933451731 958 582097050 958
8623830008 959 932469139 959 582273432 959
8647530006 960 933114876 960 587046195 960
8704211513 961 991061123 961 581832855 961
8703949128 962 992051413 962 582169562 962
8696059245 963 991289348 963 582284986 963
8763473105 964 992064785 964 581999339 964
8688683619 965 990409380 965 581601476 965
8684717819 966 990837823 966 581553961 966
8688470863 967 991040286 967 581518270 967
8684791321 968 990789374 968 581942777 968
8756692532 969 991262112 969 581432500 969
8768740076 970 998390871 970 584434824 970
8784413237 971 999316461 971 581367503 971
8757082972 972 991483309 972 581855963 972
8763060699 973 991207443 973 581961259 973
8760635459 974 991029653 974 581382769 974
8756376703 975 990099813 975 581633543 975
8755362703 976 990502266 976 581917724 976
8834947197 977 991191962 977 581914937 977
8831410325 978 990053910 978 582702444 978
8828351256 979 990090994 979 581134192 979
8831502108 980 990482089 980 581589368 980
8831118669 981 991898569 981 581888507 981
8834026357 982 1005168795 982 581934054 982
8836029851 983 990063834 983 582056683 983
8833570396 984 989932124 984 582543263 984
8902213866 985 991346284 985 581679905 985
8903632957 986 990081910 986 581555811 986
8920610928 987 990109424 987 582109332 987
8903836391 988 989746163 988 581313956 988
8900363690 989 990896432 989 581743767 989
8900005903 990 989248630 990 580740767 990
8898856082 991 990538850 991 581676639 991
8899867613 992 989173866 992 582166984 992
8993356364 993 991928625 993 581602812 993
8990084095 994 990154867 994 581925737 994
8991386775 995 989986276 995 581623531 995
9000669983 996 991358507 996 581635307 996
8989361811 997 990346088 997 582200481 997
8991084296 998 991482280 998 581700485 998
8991184443 999 989556518 999 582199942 999
