83093235 0 34159949 0 35488097 0
42118733 1 41937272 1 49443028 1
42863339 2 42027152 2 49419123 2
42176939 3 42019818 3 49364069 3
42600409 4 41803587 4 49408636 4
42798182 5 41815471 5 49478313 5
42539523 6 47826995 6 50340774 6
42540725 7 42189312 7 49388643 7
42482702 8 42226830 8 49454972 8
51353220 9 42290802 9 49377249 9
51475419 10 41983559 10 49416665 10
51481735 11 41781853 11 49446664 11
51487568 12 42028606 12 49413204 12
51394877 13 42019788 13 49582875 13
51546375 14 42121809 14 49749276 14
51416425 15 41586822 15 49377147 15
51374257 16 47258684 16 49442810 16
59116472 17 41925254 17 49472005 17
58835508 18 41876798 18 49436864 18
58993859 19 41627071 19 49452576 19
58823647 20 41911414 20 49398818 20
59088883 21 41820284 21 49471333 21
59487466 22 42010484 22 49439755 22
59350939 23 41620358 23 49447145 23
60180209 24 42532955 24 50961309 24
70598507 25 42995082 25 50717853 25
81200232 26 42522537 26 50295383 26
69478932 27 42761754 27 50472232 27
69541511 28 42799774 28 49946694 28
70195960 29 42310530 29 50439547 29
69722471 30 42938855 30 50311889 30
70060033 31 42479145 31 50173682 31
69518680 32 41872260 32 49419724 32
76908888 33 41823513 33 49455801 33
77649887 34 41973437 34 49527139 34
86164789 35 41331347 35 49842437 35
78800439 36 42474580 36 50429708 36
78841756 37 42779374 37 50415582 37
78883436 38 42714613 38 50329105 38
79080550 39 42519398 39 50413450 39
79264666 40 42311409 40 50222904 40
88136766 41 41878014 41 50237383 41
88728744 42 42668961 42 49700475 42
86964205 43 41814900 43 56204071 43
87165718 44 41725923 44 49515473 44
86800021 45 42178276 45 49412104 45
86739831 46 42051458 46 49447200 46
86830022 47 41529356 47 49523509 47
86723993 48 42621861 48 49545039 48
95492150 49 43118744 49 49545385 49
95762985 50 41785410 50 50438923 50
117614328 51 43900506 51 50878857 51
107456250 52 46122120 52 49747697 52
95607592 53 41493163 53 49429595 53
95659576 54 41662971 54 49535873 54
96534628 55 42003614 55 49599239 55
96670991 56 42192417 56 49650811 56
106314374 57 42086903 57 49775917 57
106333892 58 41999445 58 49651032 58
106695519 59 42191374 59 49801477 59
109068127 60 42219111 60 49528618 60
106091693 61 42201771 61 49554464 61
106007269 62 41940005 62 49556359 62
106288930 63 42212351 63 49687101 63
105560845 64 41570254 64 49470040 64
114366162 65 53683244 65 49493333 65
114269877 66 53703974 66 49507185 66
115136646 67 53873427 67 49589699 67
122156665 68 56274319 68 50059473 68
118969912 69 56206090 69 49855008 69
115054702 70 55938821 70 50281029 70
118342493 71 54156772 71 49875642 71
115725481 72 54227881 72 49915585 72
127353183 73 64414052 73 52375301 73
125983293 74 54531414 74 49876987 74
136360167 75 54230481 75 49997045 75
125490472 76 54173617 76 50370057 76
124813258 77 53707980 77 49479890 77
123765504 78 53543000 78 50095520 78
126025627 79 53792591 79 49425527 79
124475828 80 53515022 80 49427307 80
132567377 81 53446814 81 49371588 81
132459236 82 55405538 82 49383139 82
132536581 83 55082426 83 49885708 83
133626356 84 53501994 84 49635664 84
134752290 85 58115163 85 49758111 85
133644018 86 53439519 86 49424629 86
132789000 87 53465062 87 49388156 87
139488518 88 53474898 88 49391811 88
141970062 89 57307740 89 49382735 89
141853926 90 54329991 90 49523671 90
141949347 91 53499690 91 49414270 91
141806889 92 53481698 92 49351701 92
141958003 93 53435132 93 49388387 93
141789733 94 53455320 94 49413156 94
142070344 95 53504111 95 50132675 95
147104453 96 53490613 96 49453341 96
150816241 97 53537588 97 49386318 97
151200296 98 53510453 98 49413997 98
150856888 99 53522487 99 49392365 99
151058648 100 53451546 100 49941672 100
151524881 101 53467552 101 49444808 101
151338986 102 53490868 102 49450633 102
166665716 103 53493911 103 49442203 103
150895053 104 53560960 104 49356213 104
159992566 105 53462978 105 49921015 105
161317158 106 53543704 106 49414678 106
161378782 107 53748464 107 49462539 107
161538541 108 53757599 108 49515875 108
161596098 109 60598389 109 50157295 109
161553863 110 53704317 110 49587176 110
160764463 111 53546081 111 49346211 111
161201257 112 56133272 112 51150470 112
172334746 113 55597096 113 50674776 113
174009038 114 55636556 114 50681747 114
172788665 115 55595450 115 50739253 115
185454270 116 53477648 116 49508239 116
173418453 117 53577256 117 49420882 117
172642553 118 53824668 118 49527852 118
174159553 119 53792712 119 49510648 119
173379148 120 53525686 120 49393168 120
182755949 121 53507326 121 49533546 121
199716304 122 53491901 122 49403843 122
182892222 123 53472941 123 49443662 123
182247507 124 53436171 124 49477043 124
181925184 125 53403745 125 49392520 125
181235237 126 53700327 126 49495231 126
182248824 127 53476656 127 49380456 127
186927132 128 53496670 128 49405216 128
191013229 129 65132326 129 60758117 129
192066663 130 65276887 130 60625766 130
191681653 131 65249810 131 61003300 131
191863548 132 65407299 132 60850847 132
191434292 133 65085552 133 61082641 133
200235626 134 65113689 134 60848343 134
193151322 135 65231371 135 60739203 135
191150078 136 65189120 136 60872459 136
201024886 137 65027732 137 60638772 137
200190746 138 65150294 138 60662483 138
200706777 139 73065281 139 61700710 139
201524427 140 65086176 140 60881886 140
201441361 141 65217757 141 60944683 141
200602823 142 65117799 142 60890029 142
200373649 143 66130493 143 61026067 143
201168546 144 65125656 144 60850496 144
220274975 145 65035530 145 60771815 145
210617708 146 65129923 146 60340504 146
209539249 147 65141684 147 61044106 147
209816487 148 65064062 148 60719351 148
210060183 149 65133961 149 60738912 149
209870603 150 73314238 150 60654839 150
210271277 151 65101857 151 61214062 151
210307823 152 65225651 152 60807418 152
219419256 153 65194555 153 60925504 153
219560251 154 65088664 154 61005178 154
219467895 155 65136877 155 60964832 155
225941279 156 65155432 156 60392783 156
219412526 157 65178440 157 60594935 157
218608798 158 65206206 158 60758071 158
218592404 159 65179697 159 61498547 159
219835078 160 65203128 160 60861532 160
238321490 161 65160124 161 60821749 161
228881586 162 65227162 162 60798575 162
241672828 163 68206473 163 62440539 163
229052387 164 67707811 164 62378170 164
228652094 165 67696537 165 62496244 165
241835025 166 67545462 166 62549511 166
228744398 167 67709665 167 62453097 167
228944068 168 67426096 168 62426141 168
238423184 169 67536168 169 62424345 169
238318323 170 67688511 170 62615843 170
255178924 171 67723451 171 62673168 171
238561028 172 67536766 172 62321744 172
238097960 173 67628878 173 62476109 173
238120610 174 67596631 174 62530268 174
238694256 175 67514916 175 62552769 175
247558628 176 68188954 176 62378866 176
247767440 177 67576105 177 62325910 177
247699433 178 67709734 178 62649932 178
247887028 179 67495915 179 62160899 179
247612516 180 67649039 180 62402415 180
250101152 181 67629484 181 62471688 181
247920314 182 67659401 182 62601902 182
247447452 183 67660281 183 62463976 183
247664722 184 67575773 184 62025280 184
256971717 185 67690582 185 62578577 185
275071867 186 67598190 186 62147514 186
256529647 187 67611013 187 62622343 187
256710967 188 67619651 188 62543881 188
256585674 189 67441581 189 62366471 189
256628173 190 67555324 190 62529759 190
269261438 191 67824096 191 62389703 191
256428824 192 67515121 192 62338272 192
265600614 193 83072072 193 62365428 193
265823228 194 82620275 194 62122127 194
265773293 195 82886052 195 68528560 195
265605696 196 82659032 196 62662027 196
265459133 197 82672683 197 62292278 197
265609789 198 82731896 198 62457327 198
265437112 199 82953467 199 61711219 199
275124571 200 82776969 200 61865810 200
274841550 201 82802803 201 62460737 201
274751110 202 82800642 202 62695106 202
274665849 203 82717479 203 62514074 203
274686787 204 82791935 204 62357793 204
279880096 205 82776787 205 61825998 205
274754027 206 82658831 206 61873561 206
274756215 207 82741146 207 62209003 207
274946328 208 82823602 208 62732713 208
293335866 209 83264688 209 60699908 209
287929074 210 83199037 210 60995792 210
283832255 211 82885008 211 61068275 211
283588020 212 83216773 212 60945658 212
283519971 213 82816606 213 63381647 213
293579350 214 83117432 214 60265270 214
284033590 215 82756001 215 60914734 215
283702723 216 82960721 216 60537897 216
292980897 217 83423357 217 60368665 217
306645853 218 83025052 218 60667574 218
293194303 219 83647123 219 60748928 219
293075897 220 83229731 220 60726709 220
292873876 221 83176808 221 60521902 221
293008762 222 88802701 222 61838096 222
292974519 223 82888818 223 60555747 223
293032093 224 82673636 224 60613144 224
302455403 225 82247320 225 60872847 225
302420604 226 83319446 226 60648122 226
308584601 227 83448282 227 60461258 227
302383214 228 83361723 228 60673374 228
302226621 229 83087315 229 60428135 229
302188049 230 83560652 230 60117230 230
308075967 231 83084728 231 60921082 231
302701483 232 83446302 232 60642929 232
312054039 233 83352680 233 60268603 233
311844653 234 83478959 234 60707272 234
311691822 235 88246828 235 60804501 235
312996904 236 82931270 236 60940613 236
311971245 237 82932779 237 60841537 237
311745050 238 83177774 238 60652474 238
311720654 239 83408650 239 64082772 239
313705678 240 83185952 240 59967066 240
320968225 241 83074912 241 60836177 241
321064647 242 83069398 242 60504538 242
321053300 243 82783189 243 60687639 243
323500564 244 82836436 244 60573797 244
320979984 245 82893040 245 60448141 245
320914153 246 83050732 246 60854349 246
320957108 247 83008928 247 60033835 247
331313768 248 82917802 248 60655977 248
329872577 249 82952904 249 60909067 249
329878228 250 83096338 250 60701788 250
330071167 251 83144762 251 60996605 251
336628147 252 82420126 252 60450247 252
329891987 253 83586525 253 60704672 253
329879366 254 83139799 254 60905287 254
329905431 255 83071218 255 60775642 255
343790108 256 82497789 256 60881830 256
339352164 257 95847546 257 74122544 257
339110180 258 95568058 258 74140673 258
339389384 259 95571836 259 74141073 259
344971402 260 95759144 260 74070291 260
339111128 261 95815230 261 74132855 261
338696971 262 95655387 262 74116258 262
339155535 263 95858705 263 74093518 263
344709695 264 95622366 264 74082763 264
348019100 265 95604128 265 74119329 265
348033407 266 95829719 266 74088722 266
348036842 267 95840889 267 74092625 267
358880224 268 95591264 268 74080730 268
348053395 269 95720022 269 74214100 269
347997525 270 95646199 270 74165214 270
347992866 271 95669119 271 82107818 271
348326893 272 95645040 272 74263828 272
357406060 273 95749503 273 74125286 273
357257613 274 95901565 274 74091356 274
357038239 275 103177553 275 74180014 275
357013038 276 95479123 276 74086048 276
357162102 277 95579844 277 74117182 277
357075616 278 95634965 278 74119978 278
362670783 279 95559640 279 74120457 279
357249928 280 95974353 280 74082091 280
366449195 281 95492566 281 74099486 281
366414737 282 95624190 282 74111700 282
374007733 283 95836880 283 74083647 283
366419869 284 95443524 284 74086150 284
366473644 285 95365962 285 74031439 285
366432294 286 95650089 286 79586740 286
366453464 287 95601591 287 74090360 287
366405540 288 95691222 288 74067824 288
375717524 289 95932304 289 74082763 289
384881594 290 95779845 290 74255065 290
375880424 291 95690575 291 74118304 291
375875662 292 95675664 292 74131741 292
375836178 293 95828521 293 74074769 293
390518101 294 95825309 294 74187573 294
375711822 295 95924074 295 74130801 295
378980320 296 95642459 296 74102031 296
385004948 297 104499579 297 75207787 297
385171495 298 95701276 298 74108915 298
385107873 299 95703578 299 74120305 299
385133368 300 95724536 300 74067208 300
390841665 301 95379959 301 74181143 301
408563705 302 96119053 302 74081666 302
385289812 303 96017931 303 74103253 303
384955737 304 95603035 304 82669630 304
394453937 305 95836050 305 74090320 305
394348438 306 95816319 306 74199396 306
394123845 307 95753213 307 74099927 307
405476820 308 95929244 308 74163280 308
394056790 309 95716536 309 74159557 309
393918730 310 95737867 310 74112198 310
394058990 311 95727293 311 74195509 311
403500752 312 96273000 312 74163557 312
403070813 313 95800534 313 74091969 313
403141869 314 95688811 314 74032114 314
408978203 315 95591443 315 74154111 315
403225281 316 95845274 316 74084856 316
403151806 317 95982517 317 74075561 317
414171244 318 96446650 318 81108948 318
403537720 319 95574227 319 74213744 319
403168173 320 95733948 320 74112910 320
412139626 321 109930463 321 74012385 321
417855919 322 110001522 322 74189017 322
411948668 323 110185846 323 74103029 323
412281060 324 109818445 324 74110823 324
412150256 325 116369804 325 76452192 325
412449067 326 109890307 326 74125904 326
412401660 327 109951835 327 74136894 327
412538067 328 110419472 328 74149746 328
432067737 329 110123246 329 74135878 329
421549245 330 109914844 330 74159457 330
421621496 331 110042875 331 74089136 331
427341533 332 109867331 332 74125141 332
421590730 333 110360269 333 74109159 333
421493526 334 110199053 334 74127808 334
421584237 335 115395352 335 74058004 335
421606257 336 110066302 336 74113856 336
431488244 337 109994825 337 74120771 337
430847615 338 110137500 338 74126817 338
442729112 339 110504729 339 74100426 339
431076494 340 110292723 340 74127202 340
430851665 341 110081927 341 74103451 341
436377907 342 110159765 342 74075897 342
430431601 343 110202229 343 74192322 343
430517534 344 110541981 344 74078722 344
439651245 345 115694806 345 74177219 345
439629978 346 110470632 346 74008716 346
439676725 347 110468830 347 74100196 347
439644706 348 110449166 348 88920223 348
439868451 349 110417906 349 74187424 349
439801929 350 110099265 350 74053285 350
441267294 351 110235152 351 74082925 351
445613136 352 110154343 352 74096743 352
448920054 353 110300060 353 74120125 353
449198520 354 110126214 354 74084312 354
454933453 355 110169362 355 74080140 355
449135790 356 109840217 356 74091511 356
450818607 357 110195780 357 74148136 357
458967537 358 109931480 358 74149614 358
449385576 359 110201523 359 74077523 359
449257160 360 110389708 360 74114615 360
458185312 361 116593195 361 74192452 361
458505645 362 110136666 362 74081211 362
458489520 363 109984243 363 74132702 363
458428450 364 110177542 364 81496367 364
458724126 365 110230911 365 74164290 365
458186918 366 110310973 366 74035636 366
458145866 367 110162042 367 74089019 367
464671531 368 110026649 368 74102050 368
467289281 369 110395942 369 74104863 369
467259721 370 110270700 370 74112629 370
476737974 371 109855329 371 74057304 371
478065405 372 110203845 372 74200171 372
467450347 373 110089614 373 74226695 373
477844743 374 110332403 374 74066477 374
467494763 375 110335631 375 74151245 375
467317571 376 109995547 376 74064664 376
493563277 377 110020607 377 74129327 377
476116404 378 109601746 378 74085802 378
476203450 379 110291632 379 74154635 379
485650723 380 110203662 380 74172788 380
476707413 381 110397887 381 74088848 381
476625693 382 110043604 382 74155457 382
482377050 383 110046547 383 74143749 383
476668470 384 110237747 384 74155943 384
485849784 385 124716679 385 86227289 385
494970814 386 124641481 386 86173427 386
485503313 387 124600980 387 86145361 387
485331885 388 124519132 388 86192966 388
491229362 389 124762199 389 86206708 389
485266078 390 124586738 390 86180120 390
485662557 391 124462289 391 86215882 391
500020846 392 124455403 392 86105709 392
494977730 393 124568572 393 86117965 393
495082153 394 124449970 394 86222535 394
505044327 395 124777748 395 86256218 395
494738284 396 124546632 396 86188314 396
495228689 397 124645037 397 86166552 397
500993746 398 124389894 398 86122986 398
495137732 399 124585836 399 86221053 399
495145959 400 124598304 400 86166597 400
518511525 401 124568773 401 86154492 401
503968074 402 124784408 402 86146126 402
503934728 403 124674625 403 86184397 403
514404090 404 124470046 404 86225169 404
504199603 405 124533964 405 86233643 405
504047763 406 124621938 406 93294728 406
504411540 407 124694647 407 86153080 407
504246964 408 124664634 408 86141498 408
513324163 409 130019529 409 86224766 409
513319437 410 124700991 410 86225702 410
513433083 411 124703601 411 86223051 411
519600347 412 124599306 412 86156585 412
513543465 413 124677662 413 86167183 413
513538030 414 124433068 414 86195806 414
524325105 415 124396021 415 86173160 415
513328739 416 124744586 416 86215449 416
522228009 417 124382858 417 86138685 417
528075092 418 124381100 418 86092716 418
522228948 419 124597272 419 86181745 419
522793086 420 124577710 420 86265374 420
537795613 421 124508394 421 86259255 421
522516794 422 124633617 422 86268996 422
522532786 423 124562030 423 91851131 423
522584253 424 124620941 424 86164593 424
531780625 425 124542000 425 86132204 425
531659337 426 133615342 426 86111454 426
531465427 427 124453943 427 86191416 427
531116788 428 124756958 428 86246705 428
545609363 429 124880486 429 86247013 429
531149726 430 124763700 430 86071394 430
531142525 431 124534592 431 86111212 431
541548893 432 124688073 432 86124004 432
540118341 433 124789203 433 86123226 433
540412121 434 124532471 434 86061906 434
554781441 435 124668939 435 86125848 435
540674019 436 124787288 436 86113699 436
540490135 437 130431364 437 86114522 437
540374881 438 124596021 438 86178665 438
540524894 439 124694044 439 86106824 439
549311947 440 124385841 440 86126387 440
549558521 441 124608054 441 86202754 441
549640589 442 124766106 442 86183560 442
563375599 443 124783441 443 86050564 443
549298337 444 124728968 444 86217541 444
549242620 445 124952171 445 94447267 445
549695215 446 124861981 446 86182430 446
549717014 447 124571714 447 86133817 447
556151958 448 124635422 448 86132383 448
559159041 449 138084218 449 86379909 449
563138631 450 138390339 450 86106684 450
564973035 451 138585876 451 86127529 451
559177156 452 138553564 452 86152034 452
559225967 453 138281207 453 93856082 453
560710286 454 138565195 454 86093788 454
558847048 455 138629300 455 86189020 455
569169830 456 138490519 456 86168634 456
568050468 457 138327895 457 86174271 457
568078775 458 138390859 458 86141232 458
580995461 459 138378160 459 86255841 459
568095616 460 138414948 460 86165723 460
568083184 461 146701614 461 86069031 461
568069392 462 138281450 462 86115958 462
568078445 463 138247707 463 86122972 463
573959840 464 138047304 464 86190556 464
577363580 465 138304548 465 86251138 465
577664019 466 138362674 466 86190200 466
586885315 467 138069874 467 86228435 467
577304740 468 138352322 468 86288352 468
585999069 469 139515204 469 86187041 469
577236372 470 138120938 470 86088379 470
577311105 471 138216532 471 86126843 471
586555979 472 138079486 472 86156102 472
586317078 473 138098369 473 86160565 473
586303808 474 143826747 474 86159368 474
586363757 475 138380205 475 86238913 475
586286878 476 138378524 476 86097371 476
592324488 477 138403233 477 86215736 477
586260288 478 138466767 478 86164321 478
586335035 479 138314119 479 92418624 479
588536838 480 138421604 480 86247962 480
595564160 481 138431663 481 86182258 481
606033017 482 138386591 482 86176069 482
596005992 483 138403299 483 86234304 483
595647086 484 138548446 484 86122324 484
605888407 485 138420214 485 86084133 485
595238690 486 138433621 486 86107760 486
605911256 487 138369769 487 86100233 487
595318640 488 138170686 488 86193686 488
604463322 489 138096949 489 86150888 489
610248304 490 138234614 490 86205275 490
604752119 491 138302620 491 86117332 491
617772450 492 138989502 492 86209412 492
604556556 493 138146777 493 86173370 493
604460329 494 137907441 494 86142070 494
614031887 495 138093321 495 86138325 495
604847317 496 138182912 496 86199941 496
620910365 497 141646043 497 86141453 497
614307636 498 138233753 498 86233099 498
613906442 499 138343401 499 86184751 499
623623058 500 138564602 500 86106692 500
613752454 501 138483754 501 86138477 501
619614220 502 138195582 502 86181690 502
614312259 503 138484309 503 86157650 503
614047058 504 138304161 504 86159105 504
637600041 505 138199209 505 86145153 505
623425962 506 138469025 506 86274873 506
633373283 507 138808177 507 86198988 507
622882916 508 138365706 508 86105902 508
623054245 509 138038029 509 86084066 509
632667076 510 138055285 510 86171966 510
623130499 511 138205297 511 86225711 511
636943504 512 138145466 512 86173840 512
633077690 513 151068026 513 99867644 513
632359880 514 151379197 514 106419119 514
632071959 515 151335386 515 99832509 515
632087637 516 151228610 516 99831263 516
673429946 517 151571733 517 99880709 517
632422049 518 151108756 518 99914802 518
638146194 519 151118892 519 99900904 519
632415920 520 151264797 520 99811708 520
641602432 521 151317042 521 99910415 521
651381180 522 151402278 522 99906535 522
641650064 523 151139140 523 99874499 523
647453323 524 151325237 524 99906901 524
641585704 525 150872189 525 99875445 525
641624210 526 156771485 526 99844940 526
646440337 527 151167650 527 99827893 527
641429516 528 151582024 528 102135797 528
657348458 529 151152785 529 99949566 529
650422902 530 151341857 530 99876440 530
656320570 531 151263793 531 99961423 531
650572772 532 151300091 532 99849292 532
650300126 533 158134201 533 99861124 533
650387492 534 151301953 534 99847599 534
650354908 535 151311373 535 99822858 535
662375000 536 151436322 536 99886213 536
659847131 537 151332012 537 99941489 537
665755813 538 151399445 538 99820070 538
659760281 539 151254451 539 99875303 539
659904942 540 156829452 540 99886427 540
660560362 541 151274720 541 99840570 541
659796163 542 151276208 542 102045598 542
678125625 543 151421837 543 99925720 543
659709646 544 151187518 544 99840752 544
674615733 545 151329642 545 99854095 545
668938542 546 151179986 546 99943502 546
674403637 547 151152143 547 99894974 547
668905905 548 151421417 548 99889149 548
668954813 549 151190577 549 109022101 549
669224702 550 151277486 550 99941021 550
668974121 551 151239336 551 99849297 551
679162330 552 151238393 552 99905157 552
678202275 553 151411460 553 99877939 553
687836144 554 151380586 554 99855821 554
678707447 555 151287748 555 99942480 555
678148808 556 161263896 556 99833435 556
677721646 557 151382756 557 99941227 557
677708714 558 151318891 558 99875363 558
683322674 559 151313244 559 99887621 559
677671386 560 151338849 560 99885864 560
698296808 561 151132869 561 99700072 561
687078640 562 151138516 562 99828100 562
696284454 563 151281698 563 99908510 563
687103961 564 151378867 564 99838030 564
686963990 565 158358792 565 99925271 565
687168892 566 151380011 566 99840986 566
687101032 567 151113993 567 99801127 567
694178021 568 151134495 568 99902766 568
696360097 569 151111182 569 99838481 569
702501589 570 151065579 570 99867134 570
696310577 571 151119766 571 99911290 571
707812062 572 151179682 572 99898266 572
696864767 573 151359551 573 99924326 573
696438963 574 156903677 574 99839034 574
695995450 575 151451064 575 99829115 575
696277315 576 151047987 576 106901157 576
710459077 577 164342976 577 99886190 577
705472301 578 164051407 578 99840572 578
715041500 579 164243965 579 99856911 579
705625985 580 164260653 580 99882619 580
711387315 581 163995317 581 99823358 581
705631150 582 164092534 582 99907957 582
720825877 583 164312942 583 99772543 583
705942142 584 164385483 584 99866434 584
715208136 585 169338109 585 99849842 585
714451347 586 163902218 586 99798751 586
714453884 587 169983714 587 101916696 587
714254680 588 163992189 588 99811244 588
714207446 589 164703413 589 99867861 589
728460996 590 164240119 590 99859987 590
715216606 591 163967508 591 99975374 591
720815856 592 164052177 592 99899757 592
724072817 593 164032686 593 99919514 593
730060597 594 163923743 594 99917802 594
724371505 595 163920915 595 99923461 595
734545466 596 164273665 596 99840557 596
724679505 597 164382358 597 99923745 597
733677829 598 164280498 598 99799504 598
723743119 599 164292258 599 99899997 599
723619671 600 170506619 600 99877389 600
732870776 601 163921604 601 99879811 601
732954876 602 164390920 602 106128311 602
732958820 603 164189080 603 99892369 603
732935624 604 163976430 604 99866478 604
741318984 605 164428045 605 99771932 605
732670881 606 164023307 606 99843515 606
746831120 607 164465328 607 99881697 607
732831801 608 164168906 608 99890057 608
753777508 609 164095550 609 99820772 609
741708908 610 164324234 610 99921012 610
759648307 611 164103708 611 99865913 611
742235316 612 163879765 612 99905682 612
747425713 613 164255131 613 99970085 613
742263704 614 164016354 614 99909255 614
744669890 615 163902691 615 99945384 615
742407226 616 163897637 616 99873404 616
751658551 617 169617463 617 99920108 617
751778524 618 164188682 618 99961813 618
751714009 619 170829512 619 100019180 619
751967670 620 164176409 620 99932452 620
751892272 621 164435485 621 104324811 621
751587020 622 164300461 622 99925748 622
751631066 623 164159982 623 99916776 623
756807839 624 164355446 624 99911707 624
769237270 625 164120391 625 99936723 625
765965469 626 163619074 626 99914989 626
761068668 627 163862198 627 99912632 627
775872371 628 164415389 628 99878786 628
760579883 629 164287946 629 99845330 629
771305482 630 164201077 630 99870332 630
760504397 631 163888997 631 99863069 631
773433897 632 164023143 632 99890514 632
769930792 633 163960427 633 99877796 633
775868204 634 163722955 634 99804399 634
769641145 635 164162142 635 99844545 635
774579198 636 163855540 636 99837221 636
769552974 637 164268632 637 99732068 637
774805391 638 164379556 638 99879895 638
769994176 639 164077707 639 99916561 639
776900211 640 163653881 640 99812297 640
779086245 641 177200950 641 112994292 641
784617838 642 177174788 642 112857819 642
778586044 643 177070872 643 112662340 643
784699643 644 177206996 644 112557523 644
778505404 645 177072755 645 112717453 645
790308081 646 177429515 646 112850747 646
779273278 647 177145104 647 112904799 647
789070774 648 177120533 648 113022574 648
787773673 649 177235601 649 112798686 649
803696591 650 177332364 650 112812008 650
787955363 651 177396387 651 112822661 651
798803998 652 177556342 652 112846811 652
787729417 653 177321779 653 112591502 653
793654188 654 177281368 654 112677132 654
787863407 655 177459523 655 112847215 655
795127779 656 177422507 656 112696579 656
796959558 657 177433517 657 112635925 657
802794916 658 177435280 658 112981121 658
797017548 659 177464132 659 112910853 659
810933661 660 177519607 660 112974616 660
797170861 661 177411521 661 113008390 661
804534454 662 181743790 662 112812782 662
797386036 663 177416832 663 112996598 663
811173536 664 177184474 664 112800101 664
805806638 665 177280595 665 112562444 665
817212734 666 177451063 666 112710019 666
806437068 667 177435044 667 112576320 667
813287298 668 177803039 668 113022586 668
805770832 669 177451943 669 112694128 669
815051110 670 177344100 670 112846266 670
805677588 671 177318714 671 112726677 671
811689696 672 177358993 672 112783473 672
815816252 673 177517988 673 112622376 673
830578055 674 177836967 674 112726781 674
814924912 675 177472102 675 112869304 675
829107335 676 177742897 676 112926891 676
815303970 677 177524903 677 122992523 677
848157175 678 177371859 678 112768368 678
815594203 679 177343016 679 122023082 679
815585893 680 177553272 680 112743007 680
824773380 681 182745624 681 112829970 681
824907004 682 177076400 682 112830999 682
824814713 683 184866198 683 112867482 683
824836628 684 177348389 684 112774640 684
840042775 685 177480386 685 112385617 685
824838533 686 177474506 686 113093312 686
833572927 687 177778504 687 112214692 687
824447046 688 177306168 688 112966567 688
850880317 689 177361615 689 112938605 689
833983697 690 177426708 690 112822315 690
840591047 691 177739465 691 112675697 691
833895532 692 177687565 692 112634771 692
847011535 693 177324200 693 112855494 693
834173874 694 177478715 694 113112767 694
847924677 695 177689747 695 112870322 695
834246585 696 177551382 696 112630855 696
853517607 697 177515950 697 112726754 697
843145556 698 177538810 698 120810744 698
847523310 699 177522966 699 112883937 699
843375473 700 180010851 700 112848467 700
843455047 701 177504738 701 112930586 701
843430206 702 185064806 702 113079007 702
843457751 703 177503638 703 112867246 703
851965985 704 177623221 704 112894808 704
852489145 705 190653452 705 112848323 705
861086576 706 190716325 706 112925448 706
852558539 707 190484282 707 113022213 707
861487800 708 190445631 708 112928381 708
854227530 709 190648857 709 112601577 709
854944770 710 190392248 710 112602620 710
852622079 711 190115354 711 112725747 711
861385366 712 190632783 712 112664121 712
861659088 713 190194344 713 116656443 713
862054499 714 190922265 714 112862866 714
861805349 715 195642072 715 112419714 715
861827245 716 190540018 716 112998408 716
868715510 717 190609461 717 112687694 717
877730112 718 190551813 718 112927281 718
867776848 719 190535739 719 112687702 719
861122083 720 190803299 720 112980209 720
887580722 721 190821231 721 112930412 721
870764731 722 190269194 722 112641578 722
879308526 723 190681034 723 112957011 723
870282416 724 190303922 724 122076540 724
874327019 725 190333384 725 112806808 725
870172441 726 196035080 726 112848067 726
870308145 727 190392150 727 112902330 727
875337167 728 190215460 728 112754347 728
879898275 729 190099882 729 112658953 729
895565960 730 190499706 730 112637713 730
879868991 731 190507537 731 112824225 731
893738381 732 190701004 732 112855989 732
880100961 733 190664897 733 112839909 733
893132024 734 190084798 734 112852257 734
879071948 735 190180419 735 121560027 735
879412674 736 190506173 736 112760836 736
888660066 737 195083923 737 112894897 737
888728690 738 190301981 738 112726089 738
897349256 739 190338871 739 112764439 739
888700904 740 190446265 740 112597554 740
906760384 741 190549422 741 112647609 741
888315047 742 191048792 742 112507530 742
902532096 743 190535793 743 112591889 743
888647360 744 190251180 744 112808020 744
897750688 745 190411191 745 112482445 745
897890503 746 197021589 746 112667528 746
897884507 747 190386993 747 112629764 747
915769034 748 190428675 748 112947490 748
898128248 749 190677720 749 112681101 749
903180537 750 190350455 750 112858006 750
898586269 751 190506341 751 112765488 751
904810574 752 190625079 752 112950450 752
907090974 753 190548271 753 117955011 753
907247306 754 190670640 754 112855843 754
915966026 755 190738708 755 112952485 755
907364694 756 189956283 756 112900427 756
918899373 757 189976617 757 112885080 757
906919233 758 190315344 758 112826716 758
921287173 759 190490272 759 112738186 759
907547414 760 190320941 760 112880944 760
926443221 761 190491674 761 112691119 761
916968875 762 196401847 762 112891243 762
916065803 763 189998616 763 112605504 763
926788292 764 190098781 764 112771387 764
915625715 765 190195462 765 112785032 765
924545853 766 190547165 766 112801469 766
920455107 767 190285488 767 112888435 767
931482322 768 190388188 768 112865322 768
925573397 769 211210403 769 125679803 769
924979587 770 203531404 770 125677416 770
930121699 771 203659197 771 125645183 771
924841095 772 203495591 772 127289416 772
935685672 773 203527087 773 125573049 773
925156376 774 203582086 774 128697834 774
937060080 775 203763138 775 125745933 775
931052827 776 206024389 776 125639330 776
934754192 777 203680535 777 125536303 777
953547257 778 203561337 778 125449234 778
934210347 779 203519101 779 125559520 779
939284043 780 203635121 780 125651425 780
934168651 781 211078211 781 125683952 781
933776711 782 203549414 782 125551172 782
948510377 783 203538369 783 125394137 783
934171296 784 203739233 784 125565035 784
952269050 785 203617127 785 125617001 785
943469987 786 203401627 786 128244486 786
943616217 787 203820512 787 125651196 787
951835678 788 203865358 788 125589296 788
943501594 789 203706355 789 125618479 789
957411437 790 203713922 790 125476290 790
944047190 791 203548748 791 125638054 791
950417566 792 203602999 792 125750137 792
953359995 793 210613264 793 125543981 793
952759696 794 203506577 794 125571288 794
963089375 795 203654172 795 125457100 795
952731119 796 203740459 796 125514766 796
957776235 797 203535024 797 125579643 797
952699840 798 216058021 798 125594206 798
957655905 799 203597580 799 125628702 799
963207053 800 203788769 800 125637793 800
962783541 801 203656460 801 125637400 801
976393912 802 203769396 802 125604634 802
961911515 803 211360443 803 125777442 803
962026604 804 203506198 804 125569594 804
967040111 805 203569122 805 125550729 805
961781634 806 203645865 806 125532675 806
973014827 807 203566817 807 125559269 807
962017057 808 213146828 808 125724132 808
972298790 809 203590677 809 125685836 809
988254502 810 203699158 810 125513308 810
970748547 811 203609522 811 125505382 811
989871310 812 203536441 812 125626724 812
971588581 813 209628130 813 125638645 813
971522598 814 203776177 814 125591733 814
976799397 815 203556062 815 125574051 815
971591118 816 203653068 816 125716910 816
985586162 817 203574861 817 125551586 817
980668302 818 213949698 818 126302085 818
983502172 819 203461175 819 125445167 819
990155674 820 203372078 820 125614962 820
980009748 821 203490103 821 125588288 821
985268175 822 203517736 822 125475956 822
980117713 823 215845695 823 125532999 823
979961759 824 203615155 824 125663261 824
997949990 825 203623886 825 125649515 825
989163737 826 203488791 826 125545514 826
1002980358 827 203544698 827 125628059 827
996370672 828 207620606 828 125604611 828
988908987 829 203770121 829 125531835 829
996107834 830 203537240 830 125614683 830
989214825 831 203689095 831 125559184 831
1002740404 832 203471442 832 125546493 832
1017533847 833 218663069 833 125619183 833
998891799 834 218853936 834 125625545 834
1012182896 835 219908415 835 125594953 835
998533598 836 225683140 836 125697740 836
998620860 837 219644754 837 125573048 837
1005386113 838 218925750 838 125748481 838
998265445 839 219230047 839 125433696 839
1009719786 840 218522056 840 125622757 840
1021562920 841 219464265 841 125547374 841
1007592096 842 219591415 842 125626323 842
1019845210 843 219253235 843 125770351 843
1008130788 844 218693867 844 130831989 844
1008250485 845 218912248 845 125709883 845
1018046081 846 218694254 846 125435072 846
1007053662 847 218299541 847 125627139 847
1017943780 848 219125468 848 125560652 848
1028843086 849 220334295 849 125541811 849
1016544887 850 219145885 850 125614981 850
1027348126 851 218837624 851 125618831 851
1017496662 852 218343765 852 130893194 852
1017012920 853 218900522 853 125611075 853
1023651147 854 219218563 854 125526662 854
1016699467 855 219166245 855 125568548 855
1034346345 856 219177031 856 125731107 856
1039420604 857 219426314 857 125565346 857
1025776074 858 218593342 858 125600054 858
1034920172 859 218455165 859 125615215 859
1027010943 860 224085952 860 125709902 860
1026187690 861 218670505 861 125553124 861
1043361551 862 219348184 862 125589976 862
1025805051 863 218530614 863 125670533 863
1037197318 864 218663617 864 125604015 864
1044021738 865 218711642 865 125513596 865
1035343706 866 219133688 866 125497254 866
1050417719 867 219376660 867 125567970 867
1034981977 868 221578100 868 125574609 868
1035011892 869 219292432 869 125541812 869
1041440370 870 219039699 870 125634676 870
1034956407 871 221944487 871 129030958 871
1034962021 872 219050558 872 125569648 872
1050140507 873 218746675 873 125697425 873
1044048814 874 218691677 874 125566798 874
1054906554 875 219081138 875 125805825 875
1050015609 876 218243687 876 125774646 876
1044468706 877 218606124 877 125485839 877
1050270186 878 218561058 878 125660500 878
1050382804 879 221191422 879 125617759 879
1045053510 880 218373704 880 125518439 880
1067703156 881 219349408 881 125604702 881
1054019502 882 228619260 882 125549418 882
1053947014 883 218404133 883 126088662 883
1059015335 884 218398724 884 125612776 884
1053051827 885 219182746 885 132799184 885
1053256996 886 218455925 886 125563048 886
1064784231 887 218356352 887 125523424 887
1053352421 888 218762402 888 125550751 888
1085799208 889 218619138 889 125624039 889
1073379947 890 220537344 890 125623101 890
1068822896 891 218881539 891 125565514 891
1075216026 892 218581863 892 125736981 892
1076872166 893 219433069 893 125718058 893
1068370724 894 221105208 894 125630501 894
1077597951 895 219588230 895 125591297 895
1068546140 896 226001911 896 125610885 896
1085322134 897 231481294 897 139292131 897
1082763138 898 231579858 898 139278546 898
1073887902 899 236699707 899 138978861 899
1073714759 900 231552977 900 139166045 900
1083416306 901 231562922 901 139070813 901
1073461487 902 236880688 902 139187034 902
1073632350 903 231771872 903 139287624 903
1087228579 904 231303655 904 139080723 904
1080763601 905 237735373 905 139255430 905
1081152850 906 231152953 906 138995596 906
1086215770 907 231405338 907 138928196 907
1081090201 908 238218465 908 139213594 908
1081051415 909 231540707 909 138667094 909
1087100925 910 231366521 910 139110903 910
1080959922 911 237889368 911 139025771 911
1081233763 912 231584934 912 139185365 912
1105300699 913 231473205 913 138962488 913
1090964055 914 235274934 914 139357960 914
1090733159 915 231353691 915 139192818 915
1104109711 916 231532172 916 139015350 916
1090838869 917 235750229 917 139293128 917
1090684588 918 231411854 918 139275925 918
1096958329 919 231708166 919 139263979 919
1091025281 920 236746485 920 139109504 920
1100183614 921 231477943 921 139381307 921
1105245003 922 231567039 922 139283418 922
1100212083 923 243437295 923 138619845 923
1100170132 924 231535038 924 139236004 924
1113673075 925 231532084 925 139061976 925
1106364776 926 232984929 926 139219119 926
1099335145 927 231544220 927 139102915 927
1104483626 928 231305793 928 138644830 928
1153768930 929 231935630 929 138922915 929
1108102820 930 231318891 930 138737601 930
1115437908 931 231504831 931 139046059 931
1116435294 932 231521327 932 139333123 932
1108918896 933 231557120 933 139391316 933
1117026804 934 231436655 934 139322091 934
1114879635 935 231483784 935 139366013 935
1108845579 936 231530136 936 138991221 936
1123180441 937 231579607 937 139056036 937
1132209665 938 231584304 938 139146981 938
1118012671 939 231451784 939 150238449 939
1117554382 940 231934145 940 138745249 940
1120455142 941 231575069 941 139159451 941
1117956992 942 231562962 942 144685671 942
1118003116 943 231610229 943 139039620 943
1132564678 944 231511851 944 139215350 944
1135970804 945 238714105 945 139157650 945
1127327254 946 231458702 946 139313259 946
1129040178 947 231559817 947 139189397 947
1126358810 948 238769537 948 139370708 948
1126408457 949 231516155 949 138991793 949
1131501185 950 231577677 950 138974377 950
1131301518 951 231959714 951 139553778 951
1126218499 952 231568591 952 138942205 952
1155237777 953 231636277 953 138758505 953
1140833652 954 231714676 954 139193887 954
1135303710 955 231592596 955 139046330 955
1140889255 956 231753787 956 138964576 956
1143683730 957 231363537 957 139100113 957
1136054560 958 231339716 958 144470288 958
1136519350 959 231452109 959 139349669 959
1147629468 960 231573726 960 139162895 960
1145739848 961 255672113 961 139026041 961
1146120388 962 244816213 962 139227868 962
1164385471 963 244940586 963 139129389 963
1150865905 964 245022751 964 139152175 964
1145861170 965 245180030 965 139040419 965
1152190362 966 244738459 966 139202030 966
1158013203 967 245104766 967 138845445 967
1144517640 968 244598245 968 144169904 968
1154766456 969 244826170 969 139229505 969
1167583712 970 245049220 970 139243567 970
1154792523 971 249853073 971 139394029 971
1159102362 972 245485583 972 139443734 972
1169824834 973 244885607 973 138955013 973
1169331785 974 245074222 974 139352363 974
1154030450 975 244504840 975 138745401 975
1165161269 976 244676404 976 139097475 976
1172411145 977 244792468 977 139155188 977
1163192698 978 251431549 978 139136744 978
1163994897 979 245068852 979 138873003 979
1169210070 980 244534429 980 138940799 980
1170923866 981 245707410 981 139171000 981
1163981650 982 244887580 982 138993159 982
1170918402 983 244657991 983 139059249 983
1172580628 984 244757284 984 139230116 984
1172830759 985 244654131 985 141832267 985
1172366246 986 244658162 986 139051758 986
1187518136 987 245455799 987 139166548 987
1172021957 988 254068969 988 138987543 988
1171775843 989 244743928 989 139022494 989
1177006412 990 244864902 990 139082342 990
1182947269 991 244480776 991 139013535 991
1172051888 992 244854887 992 144388265 992
1181550259 993 244561615 993 139176597 993
1187357890 994 244465454 994 139151655 994
1181944875 995 252465096 995 139194861 995
1181619815 996 244802361 996 139331720 996
1184103274 997 244650563 997 139528287 997
1186776694 998 244798445 998 139099082 998
1186811093 999 245170135 999 149377375 999
