233014020 16 87733104 16 78609987 16
418090683 32 107277373 32 91175385 32
747313173 64 155853157 64 113838140 64
1411098700 128 253124882 128 160152477 128
2696192448 256 457509552 256 254390280 256
5351778656 512 833169111 512 470253067 512
10570934743 1024 1608813454 1024 862037200 1024
21004265996 2048 3114204015 2048 1628128100 2048
42009176252 4096 6172942683 4096 3162080132 4096
84286153178 8192 12315613234 8192 6351834105 8192
167888821806 16384 24515347162 16384 12801221341 16384
335663386413 32768 49571037550 32768 26237514215 32768
