186 0 371423 0 376431 0
541818 1 481804 1 462010 1
541912 2 490158 2 446299 2
530637 3 459094 3 450557 3
506657 4 431780 4 431896 4
506736 5 431882 5 486952 5
491057 6 418430 6 436587 6
484118 7 448595 7 443442 7
476188 8 411793 8 421480 8
614414 9 449400 9 427123 9
653474 10 446060 10 467447 10
505618 11 385955 11 399004 11
498778 12 416761 12 398892 12
499173 13 398926 13 382497 13
515526 14 382450 14 399241 14
490619 15 382446 15 392761 15
491003 16 388793 16 390522 16
586403 17 393923 17 408897 17
583389 18 459332 18 502934 18
828208 19 484708 19 492003 19
857727 20 475388 20 478451 20
839002 21 478195 21 475017 21
842892 22 501328 22 508722 22
873453 23 513697 23 506924 23
872352 24 513224 24 509549 24
1005298 25 477756 25 493665 25
852575 26 447590 26 445299 26
879927 27 473448 27 475274 27
861612 28 462465 28 445017 28
799198 29 456078 29 442880 29
751266 30 435158 30 398944 30
919426 31 545345 31 618117 31
758930 32 385282 32 393839 32
781492 33 399091 33 382408 33
781687 34 399205 34 417913 34
781657 35 382566 35 397699 35
783134 36 382490 36 382744 36
773444 37 382649 37 382539 37
781670 38 382567 38 399169 38
781642 39 406153 39 399086 39
773395 40 382510 40 382591 40
881443 41 382671 41 382726 41
881501 42 399323 42 399106 42
881477 43 382550 43 399193 43
894024 44 389591 44 393546 44
879163 45 394481 45 392190 45
956533 46 399094 46 399072 46
875750 47 402802 47 437810 47
1167601 48 380114 48 434995 48
995030 49 406813 49 404110 49
977682 50 394480 50 399592 50
974659 51 398298 51 401113 51
968891 52 389910 52 393255 52
964804 53 393118 53 396394 53
961773 54 389327 54 396378 54
958337 55 399316 55 391012 55
969441 56 395064 56 394149 56
1066271 57 395500 57 388625 57
1068366 58 389705 58 385585 58
1067396 59 397083 59 394761 59
1071175 60 392342 60 395119 60
1097833 61 386760 61 389721 61
1065599 62 398744 62 392209 62
1486138 63 495147 63 502033 63
1801136 64 501862 64 503121 64
1884176 65 517959 65 399067 65
1151801 66 479038 66 393914 66
1153442 67 480071 67 397277 67
1167383 68 479972 68 393696 68
1157344 69 481288 69 394676 69
1158808 70 478590 70 395130 70
1153690 71 483775 71 389666 71
1159862 72 479743 72 391354 72
1249866 73 479773 73 390384 73
1251173 74 512572 74 400589 74
1275864 75 475384 75 399239 75
1251684 76 479954 76 397773 76
1251061 77 480063 77 396760 77
1254773 78 482375 78 394332 78
1255223 79 482760 79 414913 79
1250125 80 476904 80 367131 80
1348769 81 505275 81 501810 81
2364832 82 689167 82 505989 82
2396435 83 542755 83 382551 83
1330550 84 476947 84 382508 84
1330558 85 476913 85 382618 85
1347982 86 479559 86 382518 86
1330505 87 479653 87 382511 87
1330722 88 479576 88 382591 88
1438628 89 479619 89 382342 89
1443891 90 476903 90 382322 90
1438565 91 476848 91 399292 91
1438576 92 476823 92 382578 92
1528177 93 484161 93 399537 93
1460704 94 531301 94 382691 94
1438752 95 479558 95 398925 95
1438677 96 479658 96 382623 96
1547998 97 476812 97 382482 97
1526565 98 476789 98 399193 98
1527796 99 476866 99 399245 99
1527652 100 476823 100 390761 100
1526329 101 476860 101 399098 101
1526409 102 476829 102 399218 102
1526366 103 476939 103 382595 103
1530694 104 476834 104 398998 104
1626043 105 476784 105 399072 105
1629907 106 476823 106 399261 106
1626093 107 476049 107 382512 107
1625922 108 476716 108 418579 108
1629992 109 476750 109 399084 109
1625662 110 476844 110 399151 110
1631422 111 476782 111 382648 111
1625601 112 476743 112 399172 112
1721463 113 476794 113 393817 113
1718572 114 482335 114 491203 114
2015071 115 479676 115 423261 115
2011045 116 568170 116 438610 116
1843756 117 476762 117 399262 117
1713312 118 477002 118 399051 118
1735471 119 476859 119 399130 119
1773454 120 476858 120 392267 120
1846117 121 479473 121 395902 121
1847422 122 479575 122 399146 122
1847521 123 483312 123 382351 123
1855648 124 479485 124 382463 124
1847459 125 478165 125 382602 125
1847793 126 478107 126 382592 126
1864503 127 476892 127 382407 127
1846139 128 476786 128 382566 128
1934249 129 573626 129 503164 129
2026195 130 573557 130 503141 130
1943243 131 573964 131 503136 131
1943503 132 576643 132 503220 132
1943213 133 565704 133 503199 133
1943659 134 573606 134 503110 134
1943640 135 574114 135 503192 135
1921489 136 565465 136 503245 136
2040871 137 576660 137 503170 137
2040954 138 576625 138 503214 138
2042835 139 576804 139 503128 139
2040911 140 574024 140 503202 140
2040818 141 576641 141 504177 141
2040842 142 565339 142 503050 142
2040888 143 565654 143 503186 143
2040873 144 573862 144 479208 144
2138573 145 573882 145 503103 145
2137660 146 574003 146 503252 146
2138225 147 577792 147 503258 147
2139749 148 573641 148 503021 148
2137661 149 574205 149 503165 149
2141551 150 574040 150 503090 150
2139280 151 565476 151 503111 151
2137683 152 573810 152 503096 152
2248917 153 573851 153 503184 153
2243112 154 573586 154 503105 154
2243002 155 573953 155 507190 155
2243209 156 565700 156 503229 156
2230671 157 573771 157 503181 157
2243115 158 578706 158 503039 158
2243033 159 578531 159 503470 159
2243203 160 565547 160 503162 160
2333984 161 574077 161 503142 161
2330520 162 565613 162 503137 162
2343033 163 565745 163 503194 163
2335408 164 565456 164 503095 164
2330591 165 565754 165 503125 165
2330997 166 576698 166 493262 166
2330832 167 576639 167 503130 167
2337759 168 640419 168 505996 168
2456557 169 574121 169 506714 169
2528175 170 565848 170 503102 170
2439058 171 565215 171 503126 171
2624685 172 573975 172 503109 172
2445966 173 574118 173 503190 173
2456594 174 585973 174 503085 174
2430222 175 565726 175 503103 175
2450311 176 576485 176 503046 176
2549493 177 565267 177 498964 177
2539997 178 565279 178 498985 178
2539929 179 574126 179 490564 179
2542527 180 573836 180 503092 180
2538969 181 573657 181 503047 181
2542783 182 573670 182 503091 182
2532176 183 573504 183 503228 183
2532057 184 565571 184 510077 184
2642983 185 577656 185 502435 185
2647775 186 576574 186 503502 186
2655231 187 565291 187 490694 187
2627796 188 574022 188 503185 188
2644553 189 573964 189 493694 189
2650377 190 573971 190 503332 190
2636300 191 565399 191 503254 191
2645747 192 573848 192 503157 192
2741543 193 652416 193 503153 193
2734463 194 652342 194 500652 194
2749536 195 653199 195 482370 195
2743565 196 656480 196 482224 196
2748981 197 653409 197 482149 197
2747042 198 656476 198 507348 198
2739707 199 660405 199 482408 199
3026285 200 945575 200 560276 200
2829538 201 656187 201 513128 201
2837727 202 656573 202 482407 202
2837584 203 655973 203 503180 203
2836441 204 648620 204 474057 204
2836475 205 652030 205 503162 205
2854405 206 656230 206 482332 206
2836813 207 666323 207 490743 207
2829626 208 656192 208 490658 208
2943803 209 655902 209 474040 209
2947404 210 652232 210 474084 210
2941847 211 651944 211 490561 211
2947202 212 656190 212 482375 212
2939575 213 656253 213 482230 213
2938586 214 661035 214 482305 214
2937598 215 656109 215 482401 215
2938483 216 656020 216 482224 216
3050715 217 656048 217 482423 217
3037317 218 656146 218 482300 218
3042564 219 652929 219 482356 219
3047457 220 652826 220 482479 220
3049318 221 656154 221 473956 221
3041953 222 656010 222 474088 222
3163359 223 657041 223 507504 223
3037166 224 656523 224 482302 224
3132344 225 656224 225 482424 225
3135449 226 656461 226 482268 226
3137519 227 656305 227 482303 227
3137962 228 710705 228 518073 228
3137661 229 657076 229 482257 229
3144941 230 656201 230 482466 230
3137065 231 670041 231 474024 231
3138231 232 661321 232 474179 232
3238651 233 656108 233 490782 233
3237946 234 656052 234 477132 234
3238614 235 656169 235 474121 235
3237767 236 656577 236 473963 236
3241815 237 656775 237 490673 237
3238558 238 656226 238 490571 238
3238142 239 652892 239 490709 239
3237793 240 656286 240 474073 240
3342946 241 656233 241 474106 241
3337635 242 656415 242 501497 242
3365943 243 656262 243 490655 243
3336988 244 656137 244 473950 244
3336999 245 659857 245 506730 245
3338786 246 658868 246 503106 246
3336677 247 661348 247 526836 247
3332077 248 651952 248 503081 248
3442709 249 652702 249 474016 249
3573374 250 655641 250 503061 250
3426252 251 656899 251 490561 251
3443291 252 656438 252 503512 252
3442648 253 656199 253 503193 253
3442678 254 656602 254 503132 254
3442731 255 656079 255 474113 255
3438169 256 686528 256 532247 256
3538355 257 766813 257 582348 257
3539163 258 766678 258 582210 258
3538283 259 766982 259 582252 259
3536490 260 766809 260 582262 260
3538287 261 767184 261 582103 261
3537081 262 769809 262 582150 262
3532101 263 767610 263 581948 263
3539351 264 766941 264 581906 264
3631901 265 767235 265 582106 265
3640624 266 766882 266 581786 266
3638131 267 766902 267 582293 267
3641817 268 769925 268 582169 268
3632011 269 766969 269 582143 269
3639954 270 766814 270 582355 270
3631962 271 769901 271 581995 271
3648740 272 766790 272 582154 272
3743334 273 766860 273 582217 273
3747192 274 766965 274 582083 274
3739937 275 767126 275 582337 275
3739436 276 766979 276 582190 276
3728012 277 766787 277 582185 277
3740819 278 770026 278 582133 278
3739941 279 767324 279 583931 279
3839736 280 765102 280 590461 280
3840868 281 770004 281 598709 281
3840770 282 765798 282 590554 282
3838683 283 765897 283 590495 283
3840809 284 766290 284 590434 284
3844555 285 766198 285 590514 285
3840830 286 767731 286 590368 286
3844931 287 766305 287 590478 287
3838791 288 766193 288 590447 288
3941411 289 766198 289 590487 289
3935339 290 766333 290 590503 290
3936264 291 766264 291 590464 291
3936187 292 770095 292 592058 292
3974315 293 767252 293 582204 293
3936230 294 766944 294 582021 294
3957697 295 766648 295 586793 295
3936474 296 766528 296 603077 296
4037211 297 767702 297 590412 297
4036459 298 767371 298 590396 298
4139491 299 763072 299 590353 299
4050530 300 767849 300 590460 300
4037099 301 767671 301 590373 301
4038121 302 767914 302 590392 302
4037312 303 767499 303 590470 303
4037680 304 767540 304 590440 304
4132047 305 767518 305 590426 305
4137161 306 767690 306 590432 306
4154025 307 769759 307 589514 307
4131981 308 766837 308 582294 308
4135070 309 776125 309 581958 309
4139751 310 766545 310 582202 310
4147229 311 770203 311 590341 311
4134491 312 764043 312 590460 312
4238915 313 768098 313 590375 313
4236910 314 767297 314 590354 314
4239661 315 767719 315 590384 315
4236728 316 767918 316 586412 316
4239081 317 761937 317 582389 317
4238954 318 766646 318 582194 318
4239951 319 760874 319 590451 319
4248412 320 766945 320 582291 320
4327027 321 880843 321 582025 321
4337376 322 881716 322 582359 322
4337551 323 858120 323 581777 323
4332705 324 854072 324 582344 324
4338361 325 871385 325 582164 325
4435024 326 876171 326 590394 326
4344066 327 854178 327 590492 327
4334830 328 862257 328 590479 328
4435015 329 870543 329 590339 329
4428301 330 901960 330 590370 330
4435991 331 854777 331 590471 331
4435406 332 881074 332 590642 332
4434355 333 880912 333 590454 333
4438553 334 854618 334 582085 334
4457661 335 879411 335 590411 335
4432810 336 854148 336 590409 336
4539144 337 859028 337 594708 337
4547350 338 854492 338 590410 338
4558172 339 884374 339 590273 339
4539058 340 854075 340 592439 340
4535934 341 872483 341 582335 341
4535110 342 877980 342 582265 342
4644269 343 870453 343 590456 343
4545090 344 877120 344 590491 344
4634381 345 874908 345 590409 345
4625609 346 868608 346 590355 346
4637368 347 861893 347 590413 347
4634901 348 856373 348 590514 348
4644526 349 870982 349 590421 349
4635102 350 879936 350 590393 350
4635002 351 862112 351 590386 351
4639934 352 878151 352 590528 352
4725841 353 878176 353 590307 353
4730467 354 870414 354 590468 354
4725787 355 880365 355 590370 355
4728765 356 878909 356 582208 356
4732964 357 878243 357 590336 357
4727451 358 863319 358 590437 358
4739391 359 878166 359 590406 359
4727413 360 872551 360 590395 360
4869856 361 873124 361 590452 361
4839754 362 872969 362 590497 362
4831053 363 881360 363 596337 363
4830670 364 873140 364 590425 364
4836628 365 873111 365 590295 365
4832198 366 854301 366 581908 366
4933598 367 864898 367 590498 367
5098190 368 1158266 368 757625 368
5461997 369 879097 369 581998 369
4953036 370 872759 370 581928 370
4930156 371 874487 371 582040 371
4930323 372 857457 372 573962 372
4938470 373 854156 373 582142 373
4992809 374 931765 374 598967 374
4935424 375 854372 375 582338 375
4936373 376 870177 376 590300 376
5033154 377 881413 377 590300 377
5039546 378 875689 378 594234 378
5152083 379 889002 379 582269 379
5037298 380 872198 380 582885 380
5047570 381 855941 381 573616 381
5032303 382 892386 382 590454 382
5040053 383 973311 383 590354 383
5045335 384 881157 384 590322 384
5135128 385 978640 385 665307 385
5137335 386 978415 386 665270 386
5132769 387 973852 387 665320 387
5126716 388 981289 388 670755 388
5134983 389 974548 389 670941 389
5137092 390 973235 390 665298 390
5125086 391 980028 391 670987 391
5124213 392 975215 392 665372 392
5230466 393 974046 393 670835 393
5228456 394 980898 394 665291 394
5234721 395 974076 395 665429 395
5240720 396 973547 396 670925 396
5228628 397 980937 397 665442 397
5234880 398 977056 398 665418 398
5237932 399 979361 399 670863 399
5238012 400 982004 400 665311 400
5334405 401 981411 401 665301 401
5338496 402 978803 402 665256 402
5334721 403 979878 403 665348 403
5332878 404 975466 404 665407 404
5442227 405 960593 405 665433 405
5325953 406 980195 406 665417 406
5335946 407 973591 407 665421 407
5343399 408 974800 408 674099 408
5440423 409 976457 409 665225 409
5425962 410 974095 410 670780 410
5443417 411 975742 411 665474 411
5448020 412 977083 412 665230 412
5433727 413 981543 413 673426 413
5433722 414 975571 414 665372 414
5443522 415 977224 415 665381 415
5442399 416 996160 416 674380 416
5534850 417 969736 417 665408 417
5557442 418 974526 418 665260 418
5536594 419 978124 419 665395 419
5530886 420 1085286 420 661247 420
5539298 421 975165 421 665358 421
5540816 422 974845 422 665270 422
5524754 423 976179 423 661267 423
5524719 424 974649 424 665262 424
5636366 425 981167 425 665439 425
5623454 426 979985 426 665230 426
5623540 427 975787 427 665296 427
5641609 428 974781 428 665388 428
5631803 429 974383 429 665451 429
5636050 430 976023 430 665424 430
5635973 431 974327 431 665315 431
5636314 432 974671 432 665312 432
5735742 433 979439 433 669071 433
5735680 434 974859 434 665288 434
5738032 435 976750 435 665424 435
5742639 436 979828 436 665273 436
5731924 437 975526 437 665450 437
5736087 438 975018 438 665439 438
5761937 439 977272 439 665381 439
5735685 440 980469 440 659638 440
5923138 441 978490 441 665346 441
5864044 442 973461 442 665169 442
5836399 443 980325 443 670874 443
5833293 444 973448 444 670853 444
5837200 445 973518 445 670873 445
5829157 446 983034 446 665261 446
5833481 447 985555 447 670901 447
5833471 448 973736 448 670839 448
5934434 449 1079993 449 670929 449
5938050 450 1076656 450 665291 450
5932069 451 1086466 451 672510 451
5951188 452 1080771 452 661575 452
5952934 453 1081311 453 665371 453
5934173 454 1069273 454 665307 454
5924762 455 1097281 455 673329 455
5932172 456 1078012 456 665365 456
6030483 457 1078589 457 670846 457
6035396 458 1080870 458 670827 458
6024643 459 1077314 459 667589 459
6033008 460 1077525 460 665291 460
6030013 461 1076718 461 670843 461
6029032 462 1074436 462 670892 462
6033008 463 1077152 463 675267 463
6024661 464 1082858 464 665242 464
6136471 465 1073350 465 670859 465
6133598 466 1073523 466 665409 466
6130344 467 1083241 467 665355 467
6128869 468 1077356 468 670823 468
6134449 469 1080293 469 669599 469
6135154 470 1072523 470 670875 470
6128883 471 1081065 471 665322 471
6128872 472 1079066 472 665287 472
6234500 473 1085476 473 665339 473
6247879 474 1133707 474 665480 474
6233151 475 1085192 475 665424 475
6232486 476 1075824 476 665354 476
6230671 477 1076420 477 665371 477
6232399 478 1077026 478 665254 478
6239816 479 1083203 479 665314 479
6232124 480 1074286 480 671030 480
6331120 481 1074490 481 665383 481
6330170 482 1074700 482 665378 482
6337695 483 1074773 483 665419 483
6331299 484 1078394 484 665431 484
6361125 485 1081270 485 671240 485
6349215 486 1084423 486 665235 486
6332924 487 1076123 487 665213 487
6381318 488 1062151 488 665379 488
6422820 489 1081102 489 667166 489
6433305 490 1079811 490 661360 490
6432390 491 1076396 491 665387 491
6429558 492 1079069 492 665301 492
6434601 493 1082073 493 665300 493
6456931 494 1077780 494 665270 494
6438706 495 1072358 495 670771 495
6435540 496 1080569 496 661146 496
6535055 497 1078254 497 665247 497
6529759 498 1076841 498 665357 498
6529730 499 1075807 499 673481 499
6541557 500 1083658 500 665247 500
6532106 501 1078418 501 665303 501
6551051 502 1080309 502 665277 502
6532485 503 1079697 503 668858 503
6523406 504 1080624 504 665310 504
6627107 505 1080227 505 661050 505
6708605 506 1075179 506 665365 506
6643746 507 1081160 507 665189 507
6619478 508 1076508 508 660970 508
6619398 509 1081873 509 665300 509
6637836 510 1080974 510 665333 510
6624927 511 1082604 511 665332 511
6624729 512 1082398 512 665279 512
6723204 513 1176155 513 733937 513
6731603 514 1182732 514 734046 514
6727843 515 1173057 515 733886 515
6738706 516 1179979 516 735061 516
6773692 517 1155946 517 734082 517
6731307 518 1182255 518 733968 518
6738771 519 1193768 519 743020 519
6732806 520 1176523 520 734131 520
6833415 521 1183472 521 733925 521
6834517 522 1178033 522 734061 522
6835831 523 1179340 523 734051 523
6829574 524 1169427 524 737557 524
12762842 525 1163154 525 930007 525
10523607 526 1514724 526 781545 526
10839401 527 1660237 527 1030795 527
8730092 528 1198446 528 731385 528
7039695 529 1181007 529 734023 529
6956674 530 1180167 530 742683 530
6940715 531 1256236 531 733932 531
6944068 532 1180704 532 733961 532
6926918 533 1174059 533 734009 533
6926868 534 1167262 534 738234 534
7036617 535 1179367 535 733952 535
6936580 536 1180876 536 734055 536
7025619 537 1180794 537 733992 537
7030046 538 1175963 538 733958 538
7035904 539 1175612 539 734050 539
7022625 540 1176244 540 733763 540
7033136 541 1175966 541 733996 541
7057390 542 1175164 542 733911 542
7028669 543 1181834 543 734013 543
7037088 544 1181393 544 736169 544
7274579 545 1164812 545 731651 545
7140028 546 1177058 546 735974 546
7137079 547 1198240 547 734390 547
7131519 548 1166848 548 734092 548
7133851 549 1180816 549 733912 549
7136523 550 1180270 550 733859 550
7135130 551 1178984 551 733893 551
7133031 552 1169447 552 734090 552
7234665 553 1183582 553 733999 553
7228282 554 1172224 554 734108 554
7229026 555 1175312 555 737887 555
7229059 556 1185882 556 733988 556
7234136 557 1196945 557 736023 557
7238188 558 1179347 558 736150 558
7233053 559 1179561 559 731316 559
7239608 560 1184991 560 733918 560
7335093 561 1176860 561 733922 561
7325034 562 1176805 562 733929 562
7329273 563 1176300 563 733879 563
7432358 564 1178037 564 733901 564
7887748 565 1267948 565 774983 565
7366107 566 1181523 566 735997 566
7344670 567 1177179 567 736180 567
7346043 568 1272222 568 734027 568
7440126 569 1179471 569 735917 569
7602675 570 1176017 570 733888 570
7417990 571 1184643 571 733944 571
7425762 572 1175802 572 744425 572
7441108 573 1182951 573 735970 573
7478022 574 1147794 574 734045 574
7444446 575 1176134 575 733968 575
7472553 576 1187172 576 736030 576
7539570 577 1270750 577 735895 577
7530753 578 1267800 578 736005 578
7533599 579 1273765 579 735904 579
7526288 580 1274913 580 736115 580
7526072 581 1270410 581 741120 581
7526454 582 1271835 582 736111 582
7535324 583 1268930 583 733906 583
7534669 584 1267020 584 734018 584
7633095 585 1267465 585 750280 585
7638127 586 1271004 586 734005 586
7634322 587 1268476 587 733838 587
7651039 588 1305126 588 736004 588
7643350 589 1302334 589 736030 589
7624439 590 1284803 590 731279 590
7630773 591 1298120 591 736014 591
7726366 592 1266747 592 745575 592
7729409 593 1270793 593 733683 593
7735758 594 1356122 594 734080 594
7818575 595 1268084 595 736022 595
7737326 596 1279830 596 733758 596
7732252 597 1277353 597 733828 597
7733292 598 1275806 598 733990 598
7728808 599 1275409 599 734040 599
7733445 600 1280142 600 736000 600
7829795 601 1282770 601 735445 601
7870199 602 1270150 602 734001 602
7830311 603 1308444 603 740898 603
7822942 604 1285410 604 736028 604
7829240 605 1269435 605 738505 605
7828650 606 1270017 606 729863 606
7830393 607 1271813 607 735875 607
7832436 608 1269928 608 729761 608
7936078 609 1272501 609 736126 609
7934658 610 1272369 610 736017 610
7926786 611 1268917 611 736087 611
7925599 612 1268972 612 735890 612
7931056 613 1269954 613 729938 613
7936737 614 1269612 614 736088 614
7947762 615 1254619 615 733920 615
7930751 616 1275643 616 734096 616
8035433 617 1275159 617 733894 617
8030926 618 1289020 618 733930 618
8117197 619 1289201 619 733909 619
8020504 620 1283265 620 733846 620
8030823 621 1275119 621 733845 621
8030857 622 1274875 622 733812 622
8036555 623 1284572 623 733950 623
8035638 624 1275210 624 733854 624
8122270 625 1283796 625 733920 625
8132203 626 1283750 626 733986 626
8136499 627 1270034 627 733950 627
8143139 628 1286340 628 734531 628
8163297 629 1267625 629 733917 629
8168449 630 1247426 630 734045 630
8137285 631 1268447 631 733916 631
8131092 632 1268141 632 733880 632
8224486 633 1267988 633 733989 633
8234216 634 1270645 634 733990 634
8250960 635 1284598 635 736031 635
8225842 636 1302479 636 736050 636
8225202 637 1305578 637 736118 637
8232547 638 1300816 638 735863 638
8220023 639 1293477 639 736012 639
8228301 640 1281352 640 736028 640
8334237 641 1376259 641 860923 641
8318163 642 1381811 642 815239 642
8329697 643 1381947 643 815198 643
8328059 644 1384424 644 815060 644
8412316 645 1387240 645 823056 645
8324268 646 1385561 646 822687 646
8324143 647 1379563 647 832338 647
8323154 648 1380483 648 825478 648
8419726 649 1380939 649 809104 649
8430055 650 1380895 650 812843 650
8429982 651 1385148 651 826354 651
8422820 652 1380516 652 810394 652
8435308 653 1383425 653 830841 653
9220373 654 1825106 654 1134970 654
8653702 655 1382458 655 807521 655
8463534 656 1381094 656 841542 656
8522914 657 1392786 657 815076 657
8529815 658 1389760 658 806938 658
8517306 659 1387925 659 815117 659
8517277 660 1386455 660 807135 660
8529872 661 1392267 661 815022 661
8522952 662 1384915 662 815084 662
8522473 663 1384271 663 806913 663
8517412 664 1384655 664 815084 664
8627657 665 1388142 665 815063 665
8633382 666 1391713 666 815165 666
8631941 667 1379823 667 815161 667
8625207 668 1380513 668 815192 668
8623444 669 1376160 669 945460 669
8637259 670 1379643 670 815096 670
8635694 671 1378763 671 806867 671
8631285 672 1380204 672 815112 672
8725417 673 1380284 673 806903 673
8729293 674 1390791 674 815239 674
8723464 675 1380391 675 815188 675
8728122 676 1386165 676 807433 676
8727687 677 1387327 677 815038 677
8724063 678 1387718 678 815049 678
10027735 679 1768497 679 809490 679
8788927 680 1381053 680 823040 680
8832127 681 1379539 681 807289 681
8833257 682 1379718 682 806990 682
8827252 683 1380466 683 807018 683
8825699 684 1379589 684 823116 684
8830097 685 1383072 685 815096 685
8826136 686 1379642 686 815207 686
8833293 687 1388298 687 806889 687
8829544 688 1377230 688 815044 688
8930995 689 1381686 689 815149 689
8924326 690 1389686 690 815451 690
8932129 691 1384103 691 815480 691
8928756 692 1378779 692 819268 692
8925240 693 1383773 693 827737 693
9028103 694 1391744 694 815416 694
8925731 695 1383011 695 815264 695
8923002 696 1384699 696 815302 696
9036101 697 1397285 697 815246 697
9034496 698 1381497 698 823015 698
9035332 699 1383578 699 881218 699
9025583 700 1377479 700 823360 700
9030307 701 1383979 701 881190 701
9032717 702 1391818 702 815143 702
9410740 703 1826044 703 1143200 703
9544383 704 1378604 704 807374 704
9134973 705 1478664 705 807466 705
9130778 706 1478234 706 806781 706
9132986 707 1478917 707 806803 707
9130518 708 1479320 708 807583 708
9132679 709 1479010 709 813043 709
9126698 710 1477965 710 828044 710
9116917 711 1481325 711 806862 711
9126535 712 1486037 712 807001 712
9226830 713 1478111 713 806877 713
9239915 714 1462121 714 823444 714
9228399 715 1485987 715 881306 715
9257459 716 1478285 716 807421 716
9322311 717 1459888 717 815366 717
9682656 718 1464594 718 877722 718
10015850 719 1479061 719 815097 719
9222784 720 1475460 720 806760 720
9464549 721 1479401 721 806840 721
9328427 722 1478786 722 828487 722
9314946 723 1504579 723 823375 723
9323728 724 1481444 724 881400 724
9333133 725 1477840 725 864754 725
9347065 726 1480239 726 881174 726
11148217 727 1522783 727 815390 727
9331825 728 1476827 728 815303 728
9431950 729 1477771 729 815330 729
9427701 730 1477098 730 815280 730
14547200 731 1478155 731 806969 731
9431202 732 1478783 732 807319 732
9427376 733 1478055 733 807472 733
9428958 734 1478761 734 806912 734
9427737 735 1479566 735 806857 735
9430804 736 1479926 736 806950 736
9548030 737 1480447 737 806951 737
9528644 738 1479399 738 832213 738
9516354 739 1483754 739 806860 739
9636474 740 1480860 740 818982 740
9531516 741 1477204 741 864805 741
9528853 742 1477276 742 881245 742
9527942 743 1479939 743 823360 743
9534868 744 1476839 744 823301 744
9628728 745 1486378 745 834772 745
9633846 746 1476954 746 864748 746
9634154 747 1485533 747 813841 747
9638132 748 1483553 748 806898 748
10608515 749 1941195 749 1040595 749
9678147 750 1477230 750 806970 750
9620224 751 1481867 751 815091 751
9624197 752 1483313 752 815074 752
9730303 753 1477688 753 807133 753
9745221 754 1481474 754 834938 754
9725761 755 1477592 755 816020 755
9714836 756 1485889 756 815144 756
9731520 757 1484213 757 806940 757
9730399 758 1478608 758 815071 758
9749779 759 1461006 759 823036 759
9727692 760 1478943 760 806948 760
9829849 761 1478241 761 807508 761
9930057 762 1482675 762 807397 762
9826586 763 1481141 763 806905 763
9816260 764 1485011 764 806751 764
9812414 765 1476621 765 815058 765
9820016 766 1481838 766 815078 766
9819434 767 1480053 767 806852 767
9818497 768 1477361 768 807045 768
9938858 769 1577928 769 904514 769
9932694 770 1584482 770 896364 770
9927977 771 1586113 771 1068184 771
11565416 772 1576510 772 906757 772
9929370 773 1581983 773 906899 773
9928132 774 1582424 774 906759 774
9929713 775 1581096 775 906499 775
9928489 776 1581797 776 907064 776
10027996 777 1577040 777 907049 777
10022466 778 1580507 778 906922 778
10028995 779 1576575 779 907028 779
10029676 780 1576513 780 906980 780
10045229 781 1578393 781 896401 781
10025458 782 1574079 782 896378 782
10028150 783 1579166 783 902582 783
10126247 784 1588529 784 904672 784
10122238 785 1576556 785 904427 785
10123890 786 1582172 786 904421 786
10138311 787 1579480 787 896634 787
10125743 788 1574252 788 896517 788
10126534 789 1577596 789 907392 789
10122621 790 1580934 790 907837 790
10679525 791 1582631 791 904677 791
10143128 792 1578347 792 907882 792
11628712 793 2323951 793 1368686 793
17312614 794 2693028 794 1578994 794
14307194 795 1576892 795 904763 795
10228451 796 1578905 796 904772 796
10312202 797 1576652 797 906730 797
10226911 798 1576532 798 906928 798
10222896 799 1582515 799 907126 799
10221834 800 1582275 800 898910 800
10344280 801 1556545 801 896340 801
10330482 802 1576910 802 907939 802
10326870 803 1577366 803 896466 803
10443198 804 1572106 804 901177 804
10324529 805 1584008 805 907226 805
10327049 806 1574820 806 906919 806
10329345 807 1589876 807 904766 807
10339579 808 1575410 808 896261 808
10431209 809 1572160 809 906704 809
10434766 810 1583777 810 906947 810
10443530 811 1583016 811 906847 811
10440517 812 1579158 812 904637 812
10435889 813 1575764 813 914200 813
11834063 814 1576297 814 904804 814
10431841 815 1575087 815 907133 815
10517230 816 1579750 816 906886 816
10523855 817 1573056 817 907079 817
10526019 818 1574172 818 906694 818
10525577 819 1576748 819 905008 819
13129165 820 2250414 820 1414694 820
13619363 821 2148861 821 1076755 821
10630166 822 1566946 822 900972 822
10536362 823 1574709 823 898758 823
10862367 824 1573493 824 898590 824
10631811 825 1572859 825 899058 825
10626215 826 1578560 826 904759 826
10638454 827 1577187 827 907790 827
10634141 828 1582316 828 907620 828
10625554 829 1574246 829 896516 829
10632260 830 1573727 830 901330 830
10632525 831 1581756 831 906555 831
10671240 832 1575465 832 896494 832
10728591 833 1678002 833 937747 833
10960468 834 1680324 834 940480 834
10733232 835 1668767 835 896319 835
10815509 836 1692321 836 937263 836
10723552 837 1697317 837 949729 837
10725577 838 1699323 838 939433 838
10727417 839 1687467 839 955610 839
10724660 840 1699199 840 958888 840
10938491 841 1754575 841 906716 841
14493925 842 2722541 842 979819 842
10835480 843 1678896 843 931000 843
11059685 844 1671191 844 948352 844
11291356 845 1656769 845 1001909 845
11475787 846 1668021 846 955036 846
10824482 847 1670671 847 948813 847
10922931 848 1692257 848 945092 848
10920549 849 1691571 849 948839 849
10920296 850 1697782 850 945655 850
10939726 851 1671801 851 969701 851
10927250 852 1677553 852 940900 852
10928311 853 1812504 853 925886 853
11076930 854 1672467 854 946321 854
10930795 855 1669961 855 945272 855
11074630 856 1678309 856 945652 856
11024512 857 1680247 857 949598 857
11045824 858 1676696 858 951591 858
11030689 859 1673974 859 944156 859
11037081 860 1860802 860 1157416 860
11231055 861 1685430 861 917909 861
11027475 862 1672444 862 950437 862
11021490 863 1677430 863 964781 863
11144624 864 1681772 864 946498 864
11132359 865 1674744 865 896295 865
11123785 866 1675680 866 942646 866
11127893 867 1672507 867 947509 867
11158349 868 1681816 868 965581 868
11120263 869 1679130 869 896754 869
11125126 870 1677697 870 954615 870
11127057 871 1682336 871 929245 871
11125860 872 1672753 872 960112 872
11346077 873 1665067 873 946613 873
11258683 874 1686275 874 941031 874
11243625 875 1681483 875 953653 875
11230107 876 1685148 876 957206 876
11215924 877 1681173 877 952386 877
11221953 878 1681534 878 957240 878
11222780 879 1696544 879 936673 879
11234158 880 1686410 880 896460 880
11325097 881 1723918 881 904822 881
11325467 882 1689358 882 948239 882
11323732 883 1683320 883 954327 883
11425013 884 1686153 884 944385 884
11317980 885 1687496 885 962660 885
11320131 886 1698377 886 945529 886
11322170 887 1677922 887 898859 887
11328092 888 1686760 888 967631 888
11580430 889 1677257 889 958289 889
11473891 890 1671374 890 959038 890
11444300 891 1682247 891 947457 891
11422505 892 1680462 892 951170 892
11540878 893 1675169 893 916879 893
11459468 894 1685370 894 906673 894
11430662 895 1691892 895 950885 895
18519883 896 1833598 896 909917 896
12728877 897 1789494 897 1229689 897
12735678 898 1785521 898 996173 898
11530076 899 1801453 899 1028418 899
11629120 900 1803502 900 1029472 900
11525137 901 1794116 901 999294 901
11623693 902 1818780 902 996278 902
11538598 903 1808317 903 1038856 903
11533166 904 1779856 904 1000637 904
11630345 905 1798322 905 1036908 905
11635681 906 1802407 906 1036928 906
11633070 907 1785837 907 996686 907
11633671 908 1796896 908 1056509 908
11632109 909 1803916 909 1032019 909
11630098 910 1803909 910 1010759 910
11681975 911 1860596 911 999198 911
11664918 912 1794943 912 1030763 912
11730660 913 1824609 913 994786 913
11725589 914 1796893 914 1028894 914
11723408 915 1804582 915 1026497 915
11723366 916 1813016 916 1029867 916
11724748 917 1804585 917 1031936 917
11726349 918 1797986 918 1047597 918
11725157 919 1808447 919 1036187 919
11723803 920 1805201 920 1072221 920
11927493 921 1802425 921 1035693 921
11831877 922 1776190 922 998927 922
11826197 923 1803639 923 1036145 923
11822435 924 1798438 924 1041380 924
11877462 925 1779432 925 999548 925
11824246 926 1803261 926 1031368 926
11825651 927 1797267 927 1037221 927
11850558 928 1783789 928 999259 928
11927208 929 1796942 929 1042136 929
12021841 930 1807123 930 1032062 930
11970099 931 1778322 931 1009539 931
11933434 932 1806407 932 1052116 932
11927334 933 1799719 933 1048326 933
11928078 934 1799531 934 1044925 934
11919841 935 1800188 935 1036969 935
11961111 936 1807569 936 1039645 936
12020738 937 1806313 937 1045670 937
12024581 938 1804692 938 1039665 938
12021904 939 1802754 939 1027361 939
12124713 940 1805086 940 1034994 940
12023598 941 1798642 941 1050275 941
12021426 942 1785648 942 999419 942
12020748 943 1798294 943 1040692 943
12022529 944 1797552 944 1041711 944
12119880 945 1803649 945 1039789 945
12132891 946 1807095 946 1035700 946
12146202 947 1796779 947 1046139 947
12121139 948 1798141 948 1092096 948
12216444 949 1809171 949 1013610 949
12137241 950 1787495 950 993873 950
12126861 951 1801274 951 1042950 951
12116070 952 1797333 952 1034980 952
12243529 953 1771634 953 996918 953
12223880 954 1801628 954 1045640 954
12229047 955 1789742 955 1136441 955
12437075 956 1799034 956 1048901 956
12216895 957 1802666 957 1044753 957
12385826 958 1803994 958 992634 958
12844425 959 1978416 959 1118303 959
12302344 960 1789621 960 1039580 960
12429175 961 1923755 961 1041865 961
12324146 962 1931840 962 1040999 962
12319221 963 1882729 963 998605 963
12329095 964 1924196 964 1053433 964
12321289 965 1927954 965 1045224 965
12319679 966 1923660 966 1027396 966
12439409 967 1936100 967 1020653 967
12519103 968 1915323 968 996813 968
12517842 969 1910756 969 1030684 969
12419915 970 1922357 970 1050813 970
12419833 971 1919011 971 1030008 971
12417360 972 1917506 972 1031690 972
12421187 973 1885594 973 998956 973
12451529 974 1916640 974 1032393 974
12419477 975 1919055 975 1043655 975
12529082 976 1910314 976 1038169 976
12513672 977 1911737 977 1040765 977
12528048 978 1919661 978 1032403 978
12544499 979 1912197 979 1037285 979
12534040 980 1885207 980 996474 980
12530456 981 1918071 981 1040196 981
12552303 982 1909075 982 1035601 982
12558732 983 1910910 983 1039461 983
12515406 984 1950815 984 1062775 984
12642069 985 1902997 985 1003823 985
12628540 986 1902411 986 1031476 986
12617881 987 1922777 987 1038827 987
12613868 988 1926085 988 1053162 988
12624859 989 1927214 989 1030168 989
12782268 990 1908968 990 1037182 990
12614757 991 1908698 991 1025487 991
12716089 992 1881508 992 996661 992
12824194 993 1889552 993 1038949 993
12727755 994 1907585 994 1037249 994
12719210 995 1909817 995 1036617 995
12723598 996 1911131 996 1037541 996
12753177 997 1916709 997 1042135 997
12723554 998 1919631 998 1038810 998
12733654 999 1881451 999 998977 999
