37038798 1 34284390 1 33435286 1
33047621 2 33280571 2 33294805 2
34965662 3 33269810 3 39912213 3
36609921 4 33283987 4 33331051 4
38999772 5 33476104 5 33460910 5
39939250 6 33295336 6 33301041 6
41614005 7 33290801 7 33301588 7
42527347 8 33278823 8 33305781 8
41691768 9 35742793 9 33828019 9
43294278 10 35697615 10 33297258 10
44958948 11 35187338 11 33295414 11
46639898 12 35771521 12 33310118 12
48281496 13 36015973 13 33316761 13
49932923 14 36055495 14 33338244 14
55851325 15 35773618 15 33320631 15
53282316 16 35620291 16 33283707 16
51795185 17 38703860 17 35364216 17
55067108 18 38744117 18 35766249 18
56122239 19 38702775 19 36241062 19
57449564 20 38689124 20 35277780 20
58725163 21 38697048 21 35984711 21
61033604 22 38704986 22 36102859 22
62536634 23 38698774 23 35710760 23
63605785 24 38692164 24 36246701 24
62285890 25 45782653 25 36195511 25
64350870 26 41189806 26 35950834 26
65846853 27 41189228 27 36130478 27
67403334 28 41230599 28 35904813 28
68993941 29 41193788 29 35727071 29
70867574 30 41200789 30 36037959 30
72861035 31 41179333 31 36172230 31
75362649 32 41187275 32 36500555 32
74513878 33 43318388 33 39132052 33
74912639 34 42690045 34 39131019 34
83894824 35 43010835 35 39137238 35
78295383 36 43275011 36 39142225 36
80043444 37 42965156 37 39134882 37
81843829 38 43291087 38 39118696 38
83405993 39 43257094 39 39505553 39
85343405 40 43032651 40 39139669 40
83619818 41 44965166 41 39141209 41
84943740 42 44989656 42 39257852 42
86608587 43 44947353 43 39142714 43
97461082 44 44948121 44 39143868 44
89947126 45 44933445 45 39137679 45
91562398 46 45662129 46 39131774 46
93923860 47 44949566 47 39139335 47
96905618 48 44946584 48 39130486 48
93406489 49 47390749 49 40793984 49
95927311 50 47094118 50 40784313 50
97456190 51 47448671 51 40801904 51
99107209 52 52538317 52 41597116 52
100903399 53 47734054 53 40793020 53
102765861 54 47131857 54 40797112 54
104234811 55 47826506 55 40794681 55
105079785 56 47767623 56 40794306 56
104562087 57 49913815 57 40837512 57
105885649 58 49978095 58 41707674 58
107512781 59 49937517 59 41231305 59
109125787 60 49961281 60 47175967 60
110693076 61 49955698 61 40768679 61
112334806 62 49943350 62 40810115 62
115030808 63 49947727 63 40808493 63
117926230 64 49937697 64 41781697 64
114487843 65 52610821 65 43980937 65
116523282 66 52598533 66 43887223 66
118210992 67 52967397 67 43978590 67
125798567 68 52733266 68 44020843 68
121576737 69 52466509 69 44145778 69
124690634 70 53406749 70 44182907 70
125048557 71 52532574 71 43631709 71
125997070 72 52651886 72 44172330 72
125479143 73 54676571 73 44685086 73
126636778 74 54843578 74 44438616 74
128235851 75 54349298 75 51179573 75
131331673 76 54517624 76 44278067 76
131558951 77 54580018 77 44192331 77
133164206 78 54347958 78 43804249 78
135556720 79 54421379 79 44012273 79
138583650 80 54746584 80 44405402 80
137196929 81 57508682 81 46616846 81
137580953 82 57453782 82 53668650 82
139061112 83 57423361 83 46658616 83
140666520 84 57465306 84 46611830 84
142216166 85 57464986 85 46621444 85
144715073 86 58718619 86 46675316 86
145812621 87 57467535 87 46639188 87
146771197 88 57433050 88 46624215 88
145741404 89 59911619 89 52061581 89
147358665 90 59809684 90 46619259 90
149009957 91 60682019 91 46692623 91
150479825 92 59945088 92 46602474 92
152295301 93 59951399 93 46622376 93
154099574 94 60006647 94 46622974 94
156309765 95 59940949 95 46621929 95
164448312 96 60446933 96 46644345 96
156535905 97 62432932 97 49109295 97
158457317 98 62425078 98 49130470 98
159837766 99 62418455 99 49116054 99
161591228 100 62396145 100 49137434 100
163778318 101 62471333 101 49124126 101
165397545 102 62495580 102 56718572 102
166686894 103 62521254 103 49133307 103
167749375 104 62400720 104 49142381 104
170693340 105 66241174 105 49124652 105
169260509 106 65457454 106 49126365 106
170596949 107 65632681 107 49142146 107
171587647 108 65289411 108 49110734 108
184189584 109 65798916 109 49133513 109
175004176 110 66704067 110 49288246 110
178003821 111 65567397 111 49151531 111
179698058 112 66186919 112 49135736 112
180945572 113 70244338 113 52113604 113
178878295 114 70307310 114 51792434 114
186451087 115 70182266 115 51818434 115
183572124 116 70395509 116 51798042 116
184942255 117 70278202 117 51956864 117
186203004 118 70386096 118 51758077 118
187872569 119 70435334 119 51803072 119
188364838 120 70504404 120 59045334 120
192790075 121 74333289 121 51809676 121
190393098 122 72957906 122 52110626 122
194796556 123 72975706 123 51615770 123
197571457 124 72055617 124 52148362 124
196809066 125 72753510 125 51784767 125
210330083 126 73980099 126 52076270 126
201570691 127 72603731 127 53981870 127
205741908 128 72784716 128 51726959 128
203142256 129 78085631 129 54312185 129
206248326 130 75642859 130 54254086 130
205620156 131 75273133 131 59827173 131
208784508 132 78251665 132 54106486 132
209007286 133 75823935 133 54286899 133
211182761 134 76038958 134 54199632 134
213547406 135 76002093 135 54399154 135
215005069 136 75301923 136 54255488 136
223087257 137 78801556 137 54192329 137
215509332 138 78299941 138 54102975 138
217007675 139 78435904 139 54173279 139
218659952 140 78472614 140 54114587 140
220172192 141 78746678 141 54127880 141
220766025 142 83175432 142 54126092 142
224202190 143 78682092 143 54136366 143
226272541 144 77918609 144 54237280 144
223327724 145 82374202 145 56761715 145
226132287 146 81546873 146 56764960 146
227834206 147 91627676 147 58011526 147
230453445 148 85290594 148 56700756 148
231232900 149 81600074 149 56729383 149
232887444 150 81553584 150 56692777 150
235600310 151 84091493 151 56682172 151
236844099 152 89218378 152 57446426 152
235639010 153 87606673 153 56728404 153
236808208 154 83554722 154 56671070 154
238075574 155 84142519 155 56834876 155
241218600 156 83841980 156 56702786 156
242839621 157 94620692 157 56886549 157
244724779 158 83834327 158 56840143 158
246316844 159 83357841 159 56740534 159
247646343 160 83871804 160 56704443 160
246419835 161 88088560 161 59654552 161
259286638 162 88454350 162 59433057 162
249734247 163 86230144 163 59248837 163
251033265 164 86384918 164 59508319 164
252688512 165 86022525 165 59441648 165
255349247 166 86213134 166 59306714 166
262824511 167 86637109 167 59508320 167
258420004 168 86548531 168 59458526 168
258156786 169 92119553 169 59327258 169
258474291 170 92871083 170 59410701 170
260322996 171 92288224 171 67089761 171
262560749 172 93972474 172 59355262 172
264209495 173 92934907 173 59311317 173
265796023 174 91232484 174 59290480 174
267767463 175 91737634 175 59490873 175
285212364 176 92984486 176 59285631 176
268067681 177 96940458 177 62132835 177
268973562 178 93973949 178 61757039 178
270776389 179 94413271 179 61632194 179
273528493 180 96275125 180 67946006 180
275147781 181 98340142 181 61402263 181
276540845 182 93077446 182 62220091 182
278647541 183 93629533 183 61664241 183
280225997 184 95988110 184 61928323 184
289469135 185 97524922 185 61540426 185
280357142 186 101126946 186 62052257 186
281856447 187 96289449 187 62030969 187
284505304 188 98585814 188 62000799 188
286185841 189 107149024 189 61985843 189
287674185 190 101927033 190 61980089 190
289421318 191 98754087 191 61761660 191
291234235 192 97874887 192 61742534 192
289602505 193 103885397 193 70474427 193
291563529 194 103714723 194 64066679 194
292421107 195 101764146 195 64282316 195
295161852 196 102046669 196 64607996 196
296894808 197 100955715 197 64211285 197
308797470 198 102570256 198 64277431 198
300614486 199 100716220 199 63974244 199
301791862 200 99347894 200 64648392 200
300447225 201 102786512 201 64376049 201
312711964 202 102118145 202 64667844 202
303615642 203 104225670 203 64365717 203
306100097 204 102982558 204 64436276 204
307789303 205 104354577 205 64256343 205
320787329 206 105549595 206 64451367 206
311267837 207 102974519 207 64252322 207
312699623 208 103938197 208 64657981 208
311550798 209 108282546 209 67647240 209
318629479 210 103936953 210 66593628 210
314139797 211 105045698 211 66452986 211
317126572 212 107126367 212 66694562 212
318723382 213 104730513 213 71391838 213
336748953 214 106473156 214 67448085 214
322007735 215 104732001 215 66948374 215
323643219 216 106883251 216 66944656 216
322217727 217 105543867 217 67074040 217
330105627 218 108729625 218 66805972 218
325598902 219 107686038 219 67216819 219
327558244 220 106596128 220 66872082 220
329248434 221 105176043 221 67016339 221
340457788 222 105208280 222 66676426 222
333472350 223 107550092 223 67228843 223
336047058 224 115281466 224 67386439 224
332641945 225 113798726 225 70030669 225
347772465 226 109594148 226 70121243 226
336011945 227 112397993 227 69330489 227
338543517 228 110518395 228 70749005 228
340245974 229 109693968 229 75361548 229
342500502 230 109690020 230 70278164 230
343521748 231 109328370 231 68929347 231
345111318 232 108530158 232 69500808 232
343780934 233 124058741 233 70257081 233
345431884 234 117256303 234 69426468 234
346880981 235 116970269 235 69174119 235
349536939 236 117247396 236 68743841 236
363413442 237 117798975 237 69073525 237
354000515 238 117277797 238 70036840 238
354227791 239 117128851 239 69748310 239
355946591 240 117342707 240 70094034 240
364774623 241 122601188 241 72295323 241
356060987 242 122788922 242 72629042 242
357881245 243 116762441 243 71893464 243
360221764 244 127975585 244 72573903 244
361939170 245 122366923 245 72058732 245
363394562 246 122914500 246 71604118 246
365254135 247 121139204 247 72435381 247
374138804 248 120653368 248 73353909 248
366210220 249 122230861 249 72217284 249
366926138 250 122208614 250 72362967 250
368553465 251 128697664 251 73213383 251
371146054 252 122174361 252 72226482 252
372744991 253 121269869 253 71878204 253
374631706 254 120266001 254 71425828 254
386396560 255 122257327 255 72597956 255
377531565 256 121986644 256 71707685 256
376218880 257 125075305 257 76499602 257
377696099 258 138374021 258 75531925 258
379810201 259 124947053 259 75160985 259
381869893 260 124921720 260 74696680 260
383611127 261 124680932 261 74316260 261
391287087 262 125175215 262 75524644 262
396951418 263 124986003 263 75029652 263
388528900 264 124997941 264 75469711 264
387130635 265 132557195 265 74630393 265
388438326 266 127608881 266 74135318 266
390098001 267 127482993 267 74309503 267
392748749 268 127754839 268 74871482 268
401919804 269 127343655 269 74029264 269
395950966 270 127958333 270 74663537 270
397525670 271 127829982 271 74324746 271
405131628 272 127459656 272 74203047 272
398072319 273 129882440 273 76526996 273
399436040 274 130092274 274 77478934 274
401224592 275 138577574 275 77159719 275
403581739 276 130132411 276 77084294 276
406072995 277 129764102 277 78023393 277
406845155 278 129949102 278 85267828 278
413212326 279 129695446 279 78529440 279
410367923 280 129636307 280 77436324 280
409734458 281 132471785 281 77393570 281
416065445 282 132595556 282 77735170 282
411809945 283 131932627 283 77493686 283
414460425 284 130725142 284 76595574 284
430342792 285 132397610 285 78055890 285
418035356 286 132575518 286 77185242 286
419425902 287 132104934 287 76201332 287
420943587 288 142465915 288 77913540 288
419698035 289 135467194 289 84215215 289
420976646 290 135364539 290 78800494 290
423665001 291 135856320 291 87207962 291
425302784 292 135630963 292 80815389 292
427064703 293 135723396 293 79374722 293
428606791 294 135399828 294 79703701 294
441283689 295 135611162 295 79423246 295
431896874 296 135678852 296 79796957 296
430538485 297 137017726 297 80041721 297
439131850 298 137164790 298 79736218 298
433674273 299 137159185 299 79766006 299
455144882 300 140306110 300 80517101 300
449039613 301 137084069 301 79662892 301
439416163 302 137176525 302 79573616 302
441050531 303 137159246 303 80004710 303
448110897 304 137115889 304 79534527 304
441586646 305 139394612 305 82981299 305
442641604 306 139299692 306 86195791 306
457727433 307 139736438 307 84881608 307
446772016 308 139627146 308 83543555 308
448475321 309 139629487 309 83070481 309
455867089 310 139446911 310 82124087 310
451707586 311 139769446 311 81911051 311
453488474 312 139602525 312 82988535 312
466556109 313 142384108 313 86845204 313
453517839 314 143165796 314 83631255 314
455132521 315 142762778 315 84041895 315
465057009 316 142327327 316 83402798 316
459254700 317 142752736 317 84562652 317
462237523 318 142520706 318 84932081 318
477419988 319 142563990 319 83147083 319
465024532 320 142622936 320 84403425 320
462928621 321 144358257 321 86198659 321
474398802 322 144399143 322 87936434 322
465941636 323 144406679 323 87802622 323
471275000 324 144361209 324 89521727 324
478717238 325 144635499 325 87112501 325
476356007 326 144465734 326 90147005 326
477477133 327 147189040 327 87027004 327
486620459 328 144502917 328 84197544 328
477666901 329 151757111 329 86635753 329
476644653 330 152725103 330 88284822 330
493861078 331 147482103 331 87062299 331
479214175 332 147361076 332 86882893 332
481336987 333 147225981 333 95043786 333
490098406 334 147232883 334 92684942 334
484158926 335 147070282 335 90181511 335
515413260 336 171804547 336 90634860 336
496909225 337 160592593 337 90574393 337
495724310 338 161021993 338 106637386 338
531886451 339 150937064 339 93950840 339
490662368 340 152573484 340 88921168 340
503980961 341 160589998 341 94807888 341
519560308 342 151199417 342 88790671 342
497550838 343 150340894 343 90521699 343
499503246 344 152284208 344 94521671 344
522230903 345 155734826 345 91835125 345
498199963 346 151949512 346 88087973 346
498976432 347 159650868 347 90561249 347
511083065 348 153601835 348 91547279 348
508633574 349 152003423 349 92390430 349
515182130 350 152053337 350 88203390 350
508554524 351 154440824 351 93945365 351
508955319 352 152071613 352 91586118 352
512906335 353 154925524 353 93196609 353
508146969 354 154818703 354 92130445 354
514378349 355 154665305 355 98501559 355
516692388 356 154092245 356 91094701 356
544152493 357 160031810 357 95683202 357
561128490 358 169701468 358 99978548 358
542379474 359 165462409 359 98164697 359
552440780 360 161430135 360 96927928 360
543943862 361 158837757 361 92271000 361
538899894 362 169271332 362 97305073 362
547200588 363 181736298 363 94809392 363
560904767 364 167826179 364 97537414 364
553283556 365 166226470 365 97948950 365
552572891 366 161624665 366 96904459 366
552759001 367 163090389 367 93464026 367
544183979 368 161526618 368 104387080 368
546571703 369 159794216 369 95954522 369
529516202 370 160774765 370 94597129 370
551559857 371 164123023 371 96948267 371
550704982 372 159431461 372 93886310 372
557122846 373 168193848 373 100527853 373
561209256 374 159601647 374 98488082 374
539351709 375 160354573 375 97346622 375
540783415 376 168244169 376 95061609 376
539608659 377 163743267 377 95906751 377
540416679 378 162621647 378 95688041 378
549670530 379 162045924 379 100238848 379
545023597 380 162050051 380 92908561 380
547722049 381 169912464 381 95224061 381
551840771 382 165504947 382 96985022 382
549307724 383 161915136 383 91666090 383
566451084 384 162292567 384 94885521 384
549719824 385 165130919 385 96904371 385
556214280 386 165529220 386 99191948 386
556384599 387 165827415 387 103573215 387
555389323 388 165594347 388 97214191 388
568022389 389 165303595 389 96612906 389
559550924 390 165470589 390 96930000 390
561398467 391 165601810 391 95601052 391
567172714 392 165745390 392 101185594 392
560892936 393 166895112 393 96525045 393
580499458 394 166736128 394 100357683 394
563546161 395 166960021 395 95130029 395
570638345 396 167181705 396 100062669 396
574759008 397 170657154 397 101352528 397
569459190 398 166876406 398 95490170 398
584427223 399 166940040 399 98661669 399
572917812 400 167095214 400 96352264 400
576165518 401 169936803 401 105015962 401
587173601 402 169930384 402 99437047 402
575882403 403 169991428 403 98773181 403
589627584 404 169772679 404 96853782 404
579889818 405 169528752 405 99254647 405
584845735 406 169751235 406 104555288 406
589180500 407 171171026 407 100340596 407
583363880 408 169824309 408 98751666 408
590409551 409 172493192 409 97938489 409
583560797 410 172690932 410 104638118 410
585037530 411 172279525 411 106298562 411
593001427 412 173540266 412 100939578 412
589144217 413 172653401 413 100412949 413
597363231 414 172386962 414 104008206 414
592485302 415 172866382 415 98283968 415
607668057 416 178404270 416 100290821 416
593475233 417 175158529 417 100977398 417
595185971 418 175504701 418 105046082 418
605884841 419 178680182 419 100584716 419
616645294 420 175522413 420 100469903 420
617814880 421 173948625 421 101815960 421
603079945 422 174672563 422 106064900 422
612199332 423 185444033 423 105043785 423
605682930 424 175201530 424 99134691 424
605244221 425 177347790 425 103277373 425
615739691 426 180470002 426 103953798 426
609161394 427 177460336 427 99864949 427
614755743 428 177722170 428 100612745 428
611152058 429 177612662 429 104276887 429
619208990 430 177652989 430 109224991 430
615873431 431 177676091 431 99021898 431
615664249 432 177365535 432 105139839 432
635434092 433 180329045 433 106358993 433
617948910 434 180520409 434 103308250 434
628822830 435 181149254 435 107830886 435
621495337 436 181308961 436 105114527 436
625095270 437 180987468 437 122588206 437
623518977 438 180553240 438 105658554 438
627170769 439 181733737 439 101500048 439
632032275 440 182130523 440 104655805 440
625312293 441 181867134 441 107589674 441
634431702 442 182120507 442 104713833 442
629109592 443 184557332 443 102993720 443
631671267 444 186943994 444 102479731 444
633242829 445 181997904 445 101472309 445
634167603 446 182533088 446 107735038 446
654253284 447 183269598 447 103667669 447
638460687 448 181885205 448 102302464 448
642880375 449 184910067 449 105775679 449
638135311 450 184456775 450 106871708 450
653458920 451 192003876 451 105291406 451
641543166 452 185156532 452 111933685 452
643425164 453 184370964 453 107859069 453
649791071 454 184614770 454 105698729 454
646571081 455 185008218 455 105169386 455
667736041 456 184442490 456 106247084 456
647860672 457 187446334 457 106355889 457
659372352 458 191176615 458 105949928 458
650181892 459 187511600 459 104597139 459
658414410 460 187376638 460 104589735 460
655576513 461 188242462 461 104812721 461
655799403 462 194025891 462 105075939 462
658194831 463 187618088 463 105241516 463
664531337 464 188994483 464 105193570 464
666604964 465 189851633 465 114749020 465
662616522 466 189697577 466 117094575 466
674710342 467 189850931 467 117322880 467
663547522 468 189676405 468 117980943 468
675110780 469 189707537 469 115665224 469
667252897 470 189684566 470 117241033 470
671491256 471 192227021 471 115488200 471
669870782 472 189315464 472 115363698 472
669141600 473 205699953 473 117282147 473
673050558 474 193127613 474 116847375 474
671965017 475 192459097 475 125795404 475
677634280 476 192256313 476 114150301 476
680002309 477 192662160 477 116497994 477
689779325 478 192254555 478 117845235 478
679575394 479 192361001 479 113754355 479
698278925 480 196162253 480 115942318 480
679621242 481 198838219 481 121431913 481
687800577 482 196461912 482 121269645 482
686732586 483 196134203 483 122132058 483
697264618 484 195766185 484 121700256 484
686808593 485 196181471 485 123968405 485
699981210 486 196161393 486 121583976 486
695038717 487 195975179 487 141242927 487
698227520 488 197035379 488 121377119 488
690666792 489 197191457 489 121242260 489
698472570 490 206134396 490 121182974 490
696575832 491 197305203 491 121193445 491
696089286 492 203132038 492 124638242 492
700658439 493 197304660 493 121153243 493
702314467 494 197047925 494 131134904 494
701208471 495 197723076 495 121198507 495
705724959 496 197102788 496 121348265 496
712499747 497 199935554 497 122326695 497
703961771 498 200144338 498 122118739 498
722889325 499 203817676 499 122404375 499
707262580 500 200018856 500 121897056 500
715954741 501 199916852 501 122455504 501
713494199 502 202858492 502 122252534 502
718389629 503 200424656 503 122535795 503
713803571 504 200059859 504 122123482 504
725042522 505 203784488 505 122231615 505
714549882 506 202901991 506 122173634 506
726076189 507 202755761 507 123656292 507
718939880 508 205799598 508 139760002 508
732638956 509 203064952 509 122308832 509
726930616 510 205849112 510 122230622 510
733648729 511 203522549 511 126642714 511
724320087 512 202893592 512 122139467 512
729988984 513 204114643 513 124626982 513
725189907 514 204349979 514 124675001 514
734203300 515 204141736 515 125540876 515
728598814 516 204211816 516 124325436 516
736493785 517 204285206 517 125392156 517
732642555 518 204309494 518 124474507 518
756947475 519 204100871 519 126956569 519
735633195 520 204122694 520 130580486 520
753656952 521 207533499 521 124624336 521
737038303 522 207592943 522 124444764 522
744806984 523 208503512 523 126977958 523
741485932 524 207312438 524 124498319 524
753760335 525 207453431 525 124496136 525
743996902 526 210205198 526 124659690 526
757164769 527 208622863 527 124435772 527
746008340 528 207331497 528 124434635 528
751566163 529 210466997 529 127979646 529
747228003 530 210301607 530 127737822 530
753288319 531 210892169 531 127724863 531
749965960 532 212913498 532 128134294 532
762277845 533 209592225 533 128118754 533
756277619 534 210155241 534 127628488 534
773593323 535 210597950 535 128148642 535
757011166 536 210384308 536 130506796 536
766523123 537 212118023 537 127742813 537
761217278 538 212143151 538 127938940 538
771048826 539 211954741 539 127924310 539
761315769 540 212743128 540 127788498 540
778337502 541 211866829 541 127913434 541
766064632 542 212059810 542 133123475 542
769199326 543 211935436 543 128063124 543
768272109 544 213084136 544 141494103 544
766102153 545 214764904 545 130627720 545
768153687 546 225185671 546 130029618 546
771549571 547 214829287 547 129945491 547
777965523 548 221630777 548 130142952 548
773188882 549 215211861 549 130067084 549
781293611 550 214504226 550 130389705 550
777030790 551 214628632 551 130208268 551
785574967 552 214511508 552 130490417 552
778675961 553 219889541 553 129931844 553
791635751 554 220593909 554 130188785 554
780051040 555 220434649 555 130262983 555
792480823 556 220857131 556 130303906 556
785815046 557 220271326 557 130147541 557
802982954 558 220280113 558 129874567 558
787373787 559 220300515 559 129935748 559
795921034 560 219215381 560 133360552 560
791105086 561 219527644 561 139618141 561
792984507 562 219493354 562 132639760 562
791721544 563 219483170 563 142996117 563
793898152 564 222252982 564 132588945 564
794671701 565 226110726 565 133706282 565
796526429 566 219246576 566 132651528 566
812334055 567 219527628 567 132913574 567
801215078 568 219391504 568 132149918 568
805136778 569 224627248 569 133038236 569
800104276 570 222588827 570 132819369 570
813469462 571 222148572 571 132673104 571
805400030 572 222647096 572 132763943 572
819147979 573 222327583 573 132388617 573
809567982 574 222168141 574 132253989 574
822615932 575 225705923 575 132980545 575
811111225 576 234384381 576 136734295 576
809749903 577 225552952 577 135492991 577
811922932 578 230748206 578 136038538 578
813198642 579 225483173 579 135438775 579
845741354 580 226885444 580 138193690 580
842976953 581 237547788 581 140525620 581
847367710 582 226693519 582 138256196 582
822985761 583 225611814 583 136423020 583
839824012 584 227781987 584 136043389 584
821551359 585 227102344 585 155239806 585
826537998 586 229684918 586 137732134 586
844593528 587 233203415 587 137925585 587
842912573 588 231719332 588 146992398 588
850703596 589 230721922 589 138275973 589
843007132 590 229205729 590 136619484 590
847600200 591 228338219 591 137727059 591
863840112 592 229223851 592 143962921 592
834938476 593 229926221 593 138333352 593
848122312 594 247506571 594 140545419 594
841716514 595 229505240 595 138325684 595
843703763 596 230345748 596 138175892 596
838419229 597 230065810 597 138317600 597
845977100 598 229577783 598 138442944 598
841986665 599 229447483 599 138195452 599
859012774 600 229463063 600 138157390 600
841860902 601 241477966 601 140959916 601
843240276 602 233041950 602 138108917 602
867764967 603 232936109 603 138484263 603
848232201 604 232833155 604 138358442 604
856939872 605 233789754 605 138351082 605
850581893 606 232712322 606 138445896 606
861656642 607 233565161 607 138184509 607
854841754 608 232915727 608 147094559 608
852374445 609 235392472 609 140343567 609
858268628 610 245148506 610 140141780 610
857086958 611 234451141 611 140221850 611
871790538 612 234382080 612 140106650 612
859760893 613 235279100 613 139915022 613
867092034 614 234437876 614 163751433 614
887189200 615 234600026 615 145586879 615
867721800 616 234615938 616 139944938 616
872093535 617 236766870 617 139867060 617
866655211 618 236942548 618 139965317 618
877755901 619 236915477 619 139931612 619
868724194 620 237045172 620 139937442 620
880920962 621 241598978 621 140259667 621
872247201 622 244472272 622 140134399 622
873766844 623 236962983 623 140449917 623
890350983 624 236816873 624 140026833 624
874213383 625 241043631 625 143763634 625
885084760 626 239956000 626 144100083 626
877606057 627 240159147 627 152591687 627
879947948 628 252181002 628 175967373 628
888480247 629 240717932 629 143237598 629
883153184 630 240161800 630 145134160 630
890448062 631 240490237 631 143309807 631
886256430 632 240876996 632 143589493 632
892728638 633 241885688 633 144795437 633
886320059 634 255902895 634 144427093 634
888251539 635 241872152 635 144510191 635
897760582 636 242145851 636 144542141 636
892224912 637 241855042 637 144301838 637
900932185 638 241827001 638 144822351 638
895534910 639 252362122 639 145674891 639
897231615 640 241740960 640 144931214 640
901491843 641 244427588 641 145211918 641
897933843 642 244451633 642 145640910 642
916038406 643 244548683 643 145965213 643
901441255 644 251314006 644 145071706 644
903697584 645 244533491 645 145273373 645
915301919 646 244354296 646 145340477 646
911379288 647 244840888 647 145668307 647
924244051 648 244645971 648 145580564 648
906933492 649 253461890 649 145198039 649
908365818 650 247806890 650 144851578 650
925145485 651 247714532 651 144730363 651
912481392 652 247707316 652 145234470 652
924503634 653 247833710 653 145309515 653
916662335 654 253699287 654 145456833 654
917417803 655 247897748 655 145218217 655
929138378 656 247954496 656 145407000 656
917704256 657 249760178 657 147325311 657
930546065 658 249769650 658 147387629 658
920676834 659 258955445 659 147304451 659
923903996 660 249782092 660 147235311 660
936555311 661 249569139 661 147324375 661
926126181 662 249667508 662 147260768 662
934263248 663 249456439 663 147571901 663
932454803 664 260084528 664 147185029 664
928223177 665 252353102 665 147591814 665
940565459 666 253043427 666 147440320 666
931268041 667 252061648 667 161191727 667
933974712 668 251969012 668 147250772 668
947350358 669 252264610 669 147300186 669
937438011 670 252174691 670 147280476 670
944717963 671 252154115 671 147352147 671
942595581 672 259406798 672 147318068 672
939203347 673 255235332 673 153553660 673
950758680 674 255296459 674 154193065 674
942335613 675 257248657 675 154844455 675
954309984 676 255301874 676 154046104 676
960643456 677 255067733 677 153423948 677
947807400 678 256989698 678 152934648 678
955215403 679 255143296 679 153737429 679
951396874 680 265170924 680 153579314 680
950125062 681 256849157 681 153186696 681
963247922 682 256709675 682 154948088 682
953291155 683 261760123 683 159987585 683
955507585 684 256783149 684 155025659 684
968061618 685 256788650 685 154676121 685
958783886 686 256622158 686 154156027 686
967448358 687 256742730 687 153622925 687
962278682 688 269925410 688 154234270 688
960729067 689 259562856 689 152288492 689
979939282 690 261422228 690 151995254 690
963547566 691 259463078 691 159695189 691
966407894 692 259752978 692 151890411 692
981176174 693 259614090 693 152703682 693
969734319 694 259511191 694 151910801 694
976461228 695 259631151 695 151840747 695
988325878 696 260367533 696 152350815 696
971576235 697 263158579 697 152087610 697
982614531 698 263309067 698 152052278 698
974617705 699 268217528 699 152082275 699
977906196 700 264165037 700 151735931 700
985336541 701 262775214 701 152199345 701
981485821 702 268127255 702 152331902 702
982464465 703 262915274 703 152164718 703
995610290 704 263061322 704 152851302 704
982756760 705 264342032 705 166003723 705
984862472 706 264488529 706 154913234 706
997901392 707 264338155 707 155325675 707
996604837 708 264538035 708 154808027 708
1007840042 709 264592033 709 154926493 709
1003774451 710 264579899 710 154990092 710
992961681 711 264350863 711 155273013 711
1005939011 712 264642637 712 154851805 712
1008446515 713 268603668 713 154785987 713
998492252 714 267045631 714 154850852 714
1003381936 715 267276596 715 154933910 715
998621681 716 271981821 716 154834347 716
1000405744 717 267080471 717 154888250 717
1008102087 718 267039509 718 154673152 718
1003975370 719 273637078 719 154877917 719
1005539462 720 267238832 720 154824355 720
1010349111 721 269805924 721 160500388 721
1005563290 722 286848280 722 158434422 722
1007347614 723 270156892 723 157723585 723
1016683315 724 270257159 724 158890887 724
1014469121 725 280123715 725 158060275 725
1014318442 726 270413663 726 158069251 726
1024253066 727 270352561 727 157926677 727
1016635364 728 276125946 728 157939157 728
1014790184 729 271748656 729 158463486 729
1022045366 730 271875695 730 158693781 730
1019073635 731 272037844 731 162961532 731
1020734832 732 272189238 732 158411319 732
1031555250 733 272205217 733 157730892 733
1024009815 734 272193191 734 167204584 734
1026017059 735 271722354 735 157983499 735
1033437595 736 273026545 736 158015195 736
1025858645 737 282697922 737 164501035 737
1028065511 738 274406298 738 159879421 738
1033951872 739 274169964 739 159905938 739
1032374906 740 285430302 740 161793053 740
1033657017 741 274290465 741 159765483 741
1051410758 742 274362137 742 159586713 742
1037013326 743 287106298 743 159757738 743
1037946738 744 274113258 744 160192157 744
1043406215 745 278442701 745 159418222 745
1038072791 746 284386287 746 159650640 746
1066545279 747 279036453 747 159486474 747
1056310826 748 278038258 748 159827202 748
1043791939 749 290894582 749 159421016 749
1045420692 750 277756487 750 159750243 750
1053089986 751 278111748 751 159394079 751
1065901719 752 277941090 752 159973607 752
1048467708 753 279031212 753 161966123 753
1054645789 754 279357081 754 161866490 754
1058108944 755 279266166 755 162014790 755
1052745279 756 279037408 756 162679621 756
1064208628 757 278873841 757 162172539 757
1062403209 758 280242064 758 162102072 758
1058192320 759 279266499 759 182000311 759
1059794648 760 279243611 760 162074176 760
1064236417 761 281737140 761 161802038 761
1089475888 762 288056112 762 161902617 762
1067383663 763 282074645 763 162667468 763
1075683755 764 281912580 764 161800825 764
1065635009 765 281672019 765 162378441 765
1067115538 766 281783211 766 162011318 766
1087917735 767 281560446 767 161977533 767
1078506897 768 284124542 768 162124134 768
1070545091 769 285872797 769 167303708 769
1087655123 770 285594951 770 165298654 770
1085870705 771 285789515 771 166858986 771
1074384493 772 285636560 772 175740079 772
1076600955 773 285650912 773 168012809 773
1083089838 774 285746330 774 166799133 774
1080413362 775 292956078 775 166105826 775
1081902353 776 285592138 776 166995698 776
1093541077 777 286844770 777 166306196 777
1091400703 778 286894872 778 167103115 778
1083708385 779 286956464 779 168669200 779
1094466664 780 286843453 780 168156594 780
1097124789 781 287024545 781 167886773 781
1088583306 782 291805707 782 166533251 782
1090173348 783 286643394 783 167517740 783
1099555647 784 286695811 784 166050878 784
1091335717 785 300516262 785 166951685 785
1091689070 786 289487548 786 167106207 786
1103234132 787 289229842 787 166852121 787
1110744222 788 289446603 788 166955673 788
1097602958 789 289304517 789 169442941 789
1099264740 790 289420828 790 167451362 790
1110463611 791 289287159 791 166785420 791
1103526119 792 302448656 792 167706875 792
1101361615 793 293691743 793 166854942 793
1113052158 794 293041134 794 167032571 794
1110849319 795 293254167 795 166935711 795
1107856705 796 292834408 796 175865517 796
1108735759 797 293497609 797 167007557 797
1126098228 798 293390206 798 166900673 798
1113178274 799 298828423 799 166903501 799
1113631698 800 292975672 800 166758483 800
1131177232 801 294296030 801 169390794 801
1119367614 802 294245244 802 169602147 802
1115652415 803 301635660 803 173886943 803
1118171280 804 294452050 804 170093074 804
1126978677 805 294369446 805 169734412 805
1135437982 806 294291523 806 169431381 806
1123196437 807 296596852 807 169506616 807
1140817402 808 294429082 808 169517371 808
1130645209 809 297415318 809 170275825 809
1124476673 810 308389371 810 169696790 810
1127463228 811 297013120 811 169612153 811
1143878195 812 296947084 812 169629321 812
1137653890 813 296596928 813 169540260 813
1134679446 814 296899474 814 179852136 814
1133463161 815 296873182 815 169592549 815
1141252911 816 297947932 816 169695287 816
1147315283 817 300493711 817 172565190 817
1137386734 818 300806940 818 182915918 818
1137938825 819 300426738 819 172152241 819
1154081202 820 300298400 820 174349159 820
1144386493 821 316141315 821 172446094 821
1146156827 822 300494137 822 173241193 822
1149773792 823 300384351 823 173116696 823
1156059787 824 300515485 824 172990066 824
1144913447 825 316936242 825 173164300 825
1146282788 826 302269857 826 173107640 826
1158016739 827 301773212 827 172349806 827
1162227622 828 301883697 828 172958791 828
1152264195 829 308018993 829 172832403 829
1163011048 830 301892986 830 172606371 830
1160974204 831 301683728 831 174371882 831
1165694092 832 301824773 832 172641876 832
1156564748 833 317040301 833 174699917 833
1157181192 834 304805025 834 175036098 834
1168731410 835 304712049 835 174640110 835
1166796619 836 304712888 836 174462471 836
1163119844 837 311785184 837 174399590 837
1164780626 838 304762493 838 174656801 838
1171315576 839 304502315 839 174714778 839
1179644250 840 304656240 840 175136315 840
1167056009 841 321685968 841 175865412 841
1167650076 842 308070173 842 174338463 842
1171997091 843 307654657 843 174296621 843
1183421664 844 307802835 844 174709755 844
1174779020 845 318408099 845 174687205 845
1181428343 846 307841099 846 174851035 846
1182114195 847 308183715 847 174791226 847
1182543043 848 308012470 848 174453512 848
1177283069 849 314665335 849 177510271 849
1178484769 850 309281475 850 177520213 850
1222752456 851 309909807 851 177397670 851
1190262006 852 309106128 852 177287028 852
1186416611 853 318137665 853 177537216 853
1185976744 854 309609487 854 177455763 854
1196658233 855 309108044 855 176980423 855
1196331046 856 309611828 856 177293712 856
1200309654 857 311391603 857 177106323 857
1189452669 858 311814177 858 180200862 858
1191072483 859 311629903 859 177697625 859
1208951597 860 311961735 860 177441423 860
1200611455 861 312156493 861 177397456 861
1196837274 862 317808795 862 179455695 862
1198376257 863 311674083 863 177642416 863
1218867061 864 329176433 864 177234456 864
1216158072 865 319290589 865 181745588 865
1201290153 866 323780506 866 181999300 866
1201932566 867 315207890 867 181360505 867
1211239487 868 315032142 868 181645338 868
1215493318 869 315136570 869 181345190 869
1218884083 870 315345482 870 181472345 870
1209789430 871 315196080 871 194952159 871
1211057633 872 314911806 872 181124179 872
1218854874 873 317131679 873 181656210 873
1218928624 874 317035902 874 181275774 874
1213025326 875 323537852 875 181758273 875
1216436692 876 316813526 876 181614822 876
1226242545 877 316956392 877 181512120 877
1229261398 878 316721282 878 181613149 878
1234045303 879 316905978 879 181858875 879
1221782092 880 316976278 880 188539285 880
1220498809 881 319403770 881 182222678 881
1233515025 882 319718631 882 182634696 882
1237958125 883 319637925 883 182331729 883
1226070400 884 330451619 884 182600797 884
1227857414 885 319780416 885 191631217 885
1232175118 886 319455321 886 182654968 886
1241235545 887 319439523 887 182243121 887
1243422512 888 319479602 888 182671597 888
1231604670 889 329428230 889 182049534 889
1233835593 890 322853369 890 182815190 890
1243886881 891 322688354 891 181837564 891
1248629212 892 322711121 892 182220583 892
1246419047 893 322815805 893 182678628 893
1241033537 894 336284968 894 182656480 894
1242369832 895 322733456 895 182660422 895
1259093405 896 322791383 896 182639179 896
1254629888 897 324303571 897 184980542 897
1250184355 898 324308415 898 185082829 898
1245489856 899 330055045 899 188146424 899
1249073676 900 324263036 900 184970119 900
1262671914 901 324342593 901 184796682 901
1266851333 902 324247919 902 185086445 902
1262114411 903 324291676 903 184605760 903
1255828418 904 330912810 904 184962603 904
1253052097 905 326771573 905 184873403 905
1260290838 906 326759712 906 184700056 906
1267797728 907 326992441 907 184992208 907
1267260877 908 326541569 908 185396874 908
1261571812 909 337455527 909 184991334 909
1262016969 910 326630605 910 184831252 910
1275212416 911 326668041 911 185154909 911
1272341365 912 326841838 912 185159468 912
1270228034 913 330544162 913 189022739 913
1265224214 914 340744906 914 187746489 914
1267640857 915 330742244 915 188101489 915
1284968749 916 329950715 916 187694738 916
1282802291 917 330758189 917 187993565 917
1279767040 918 330281411 918 187861814 918
1274670975 919 338090484 919 187949402 919
1276066219 920 330516160 920 198870851 920
1275009803 921 331470853 921 188007640 921
1288789686 922 332499327 922 187920375 922
1295046304 923 331689590 923 187919352 923
1286117225 924 331902552 924 188448356 924
1281810855 925 342926840 925 187946187 925
1283245896 926 331505985 926 188058625 926
1296447808 927 332320985 927 187825746 927
1302099354 928 331553618 928 187973786 928
1291420233 929 334261636 929 189471341 929
1286524612 930 346232129 930 189410750 930
1288128307 931 334248280 931 194955524 931
1291905952 932 334248404 932 189541786 932
1301806658 933 334422957 933 189870666 933
1304088385 934 334393324 934 189149999 934
1302008789 935 334290809 935 189352655 935
1297553355 936 344985620 936 189443000 936
1296457868 937 337444000 937 189402834 937
1308924437 938 337569925 938 189330533 938
1314696774 939 338617846 939 189892168 939
1308613528 940 337621227 940 189609140 940
1310632802 941 337406465 941 189690659 941
1305914313 942 343213551 942 189712140 942
1306783481 943 337550604 943 189554363 943
1326661817 944 337659971 944 189733763 944
1333759353 945 341507413 945 192544466 945
1322126114 946 339539156 946 192540063 946
1315125395 947 339089085 947 192276037 947
1312614199 948 353187976 948 192358733 948
1314285114 949 338514702 949 192176553 949
1326794152 950 338642274 950 192152320 950
1332066040 951 338785611 951 191967854 951
1337921455 952 339062011 952 192295820 952
1323535308 953 341644245 953 192078110 953
1319276240 954 358020825 954 192297234 954
1320881976 955 341770717 955 209968995 955
1323373588 956 341729755 956 192840465 956
1338027511 957 341961711 957 192175407 957
1348298398 958 341902739 958 192385901 958
1332729646 959 341831311 959 192566960 959
1330395968 960 350148333 960 192492150 960
1329010274 961 350408340 961 197990717 961
1330035996 962 345242401 962 196961798 962
1345047106 963 345444873 963 194880901 963
1339253179 964 345386313 964 195026293 964
1342427221 965 345526977 965 195088703 965
1355837145 966 345184464 966 194854841 966
1339190501 967 354567567 967 195002226 967
1342265533 968 345582676 968 201992503 968
1340166209 969 346763397 969 194758207 969
1346185925 970 346613331 970 194969391 970
1348069475 971 346737470 971 195365100 971
1359031346 972 346583549 972 195193477 972
1358379527 973 346902069 973 194728265 973
1349122079 974 355870570 974 195001567 974
1350725366 975 346663532 975 204210479 975
1353235730 976 346501105 976 195652645 976
1355812522 977 349222895 977 198240833 977
1356529411 978 349101945 978 197101887 978
1363986200 979 349176709 979 197738388 979
1370710341 980 349354508 980 197562797 980
1358953519 981 360193314 981 197262224 981
1359787456 982 349478567 982 204566366 982
1361337123 983 349513103 983 197792681 983
1373613227 984 355072817 984 198175832 984
1376784884 985 352449684 985 197589601 985
1371193411 986 352567589 986 198056984 986
1370124403 987 352677641 987 197944403 987
1368031173 988 357555871 988 198281877 988
1369084355 989 359526360 989 197651947 989
1370311106 990 352559029 990 197616665 990
1389160987 991 352421700 991 197435325 991
1387582710 992 352503063 992 197982333 992
1378879511 993 354327214 993 199609514 993
1392546972 994 354606567 994 199821142 994
1391154265 995 356472015 995 199436960 995
1380051750 996 367091541 996 199549742 996
1380989137 997 354510877 997 204971134 997
1380918633 998 354378172 998 199668846 998
1387586553 999 354438934 999 199526288 999
