71486679 1 74379333 1 78720901 1
66723069 2 74353020 2 78673068 2
76957896 3 73837941 3 78816399 3
86650028 4 76996776 4 78299096 4
97383029 5 74330092 5 79041070 5
105966444 6 74548562 6 79029487 6
118478273 7 75167411 7 79001987 7
130297764 8 75489366 8 79730325 8
142588966 9 87834662 9 79051656 9
156339345 10 87615396 10 78681151 10
162884389 11 87861882 11 78867653 11
168987600 12 87798956 12 78560358 12
178810453 13 86584057 13 79040359 13
190003743 14 87778761 14 79402992 14
220701912 15 88863063 15 79999534 15
218521444 16 90853994 16 80604974 16
226018870 17 102320789 17 92242162 17
240748592 18 102504968 18 94095862 18
269174477 19 101602547 19 93165017 19
251935935 20 100586833 20 91349646 20
261350723 21 98971680 21 97227984 21
280727074 22 99318117 22 89969856 22
295858411 23 99482980 23 90111287 23
292485722 24 99458698 24 90777661 24
302739925 25 108755248 25 92052272 25
326851026 26 113864452 26 94420730 26
347106120 27 109467910 27 90053079 27
343756655 28 113363872 28 92979134 28
365331462 29 110699673 29 91705624 29
379344693 30 110879585 30 93648323 30
376826666 31 107671861 31 91218057 31
408064512 32 109940603 32 99293179 32
454486569 33 135303584 33 103607559 33
439102087 34 120328132 34 102703942 34
447151531 35 122382410 35 105680672 35
490338319 36 120289981 36 105147449 36
473607458 37 120612397 37 102629984 37
478245508 38 122985080 38 109513489 38
519379076 39 122450631 39 104398215 39
499334953 40 119147578 40 102426503 40
510237600 41 132614232 41 102858728 41
522395142 42 131701397 42 102884070 42
528742789 43 132292148 43 102394592 43
539115047 44 136244049 44 102542161 44
550081617 45 131780441 45 102575036 45
558281119 46 132258369 46 102827805 46
580256882 47 131883381 47 102568540 47
575123937 48 131895001 48 102645489 48
590895035 49 149264740 49 113303785 49
595267519 50 144468143 50 113249166 50
610069494 51 144935492 51 113225594 51
628929481 52 145047211 52 114984996 52
660384237 53 145094449 53 113241990 53
651257129 54 151978383 54 119542054 54
658740552 55 144790095 55 113155320 55
678287699 56 145026570 56 113458008 56
670454499 57 156131606 57 116105647 57
740835711 58 157832341 58 113162493 58
688800079 59 156047774 59 113499010 59
698693930 60 159885743 60 113317725 60
709473253 61 155008815 61 113141137 61
729056869 62 163025621 62 127211391 62
748009938 63 159269635 63 116254386 63
759995783 64 165006301 64 119398422 64
776080012 65 212706431 65 129921449 65
769106210 66 212814050 66 130724046 66
787716879 67 198252771 67 126717222 67
806767986 68 205746410 68 127385099 68
794974067 69 197271264 69 127000518 69
843117920 70 215492125 70 127521823 70
833890335 71 207984863 71 127633515 71
840437357 72 205290135 72 126630362 72
847496516 73 181453522 73 126685470 73
866135766 74 194326163 74 133380873 74
902302412 75 185890801 75 126644232 75
864371883 76 181303923 76 129874922 76
910635647 77 182890735 77 126304684 77
889753504 78 187039499 78 130292835 78
928959974 79 196607908 79 141779248 79
980863225 80 182922256 80 128423466 80
923672859 81 191449562 81 142336161 81
929727871 82 192167262 82 143122067 82
940978944 83 190939435 83 142729849 83
951204280 84 191198108 84 141406156 84
955378283 85 191795830 85 158214470 85
960353688 86 191059804 86 141948712 86
990348005 87 191381264 87 142290579 87
990320777 88 197010119 88 145799258 88
1060695348 89 209101074 89 148235678 89
1104365516 90 201970469 90 141812987 90
1027766567 91 216485411 91 149706881 91
1077842609 92 226283127 92 157074268 92
1085216899 93 208119670 93 141712252 93
1073190201 94 202610006 94 143755269 94
1091221057 95 202620564 95 143065802 95
1068712006 96 206589559 96 145821867 96
1128241979 97 216633920 97 159037654 97
1140748159 98 223632473 98 163828287 98
1178301693 99 230994222 99 167854637 99
1166238441 100 262833851 100 168972288 100
1201395652 101 226139995 101 183904238 101
1515166998 102 245329146 102 172619961 102
1278455340 103 234355232 103 159660388 103
1155231796 104 214609121 104 154237318 104
1201955030 105 226562141 105 155092340 105
1171056522 106 225008064 106 154322306 106
1190739176 107 224759651 107 156154103 107
1183085095 108 234293754 108 155047731 108
1196828383 109 226753545 109 154712045 109
1217198444 110 229916371 110 157326921 110
1267029418 111 229848403 111 156579503 111
1261336556 112 246031567 112 157437285 112
1262701014 113 244442184 113 172381319 113
1282685730 114 243038283 114 171753759 114
1313024383 115 240541850 115 169069715 115
1267711681 116 238646029 116 168936966 116
1286527472 117 238992115 117 171794845 117
1291758456 118 239053638 118 168987635 118
1308873161 119 239421200 119 169392143 119
1316412467 120 245614640 120 168472754 120
1331515649 121 268651696 121 173892272 121
1325624395 122 250618042 122 177141850 122
1340989030 123 249529602 123 169626681 123
1360668247 124 253795861 124 169878786 124
1378762374 125 249960631 125 168340115 125
1385203864 126 248947835 126 169960055 126
1379009487 127 262338473 127 174632420 127
1394080574 128 250214961 128 174422064 128
1398182249 129 262381581 129 226843784 129
1415091486 130 262581298 130 226955063 130
1424917886 131 263135810 131 228443475 131
1443117559 132 262164805 132 227003105 132
1452362341 133 262148433 133 226948865 133
1451933396 134 261622449 134 228312755 134
1460288125 135 277843822 135 226814795 135
1468243203 136 262937190 136 233059149 136
1481810492 137 297912142 137 234281978 137
1493142639 138 294625684 138 226829653 138
1516397959 139 294588055 139 229134990 139
1517017159 140 294927699 140 226896302 140
1528553161 141 295279205 141 226847455 141
1541818380 142 297315663 142 227148057 142
1550137486 143 294857868 143 226953023 143
1553816734 144 294887749 144 230288798 144
1573341155 145 307476123 145 190919322 145
1582241346 146 308011482 146 191535899 146
1595903826 147 307123452 147 191372804 147
1639508252 148 306666880 148 191149519 148
1607346471 149 307205341 149 191754187 149
1617341825 150 306576099 150 191364288 150
1630680243 151 309094957 151 191495677 151
1630961877 152 312410077 152 190776741 152
1639801614 153 326649353 153 190996872 153
1653939414 154 323918556 154 191078061 154
1661505689 155 332717247 155 191443875 155
1672718206 156 328925208 156 190963941 156
1686862528 157 331091444 157 191001424 157
1690051475 158 336795019 158 192153926 158
1702990487 159 324387220 159 191517689 159
1708445375 160 336438484 160 191318314 160
1729032682 161 320400783 161 204902630 161
1730620960 162 320485754 162 204007188 162
1761290320 163 309006824 163 203804473 163
1758903751 164 309172296 164 203321395 164
1781682120 165 308533852 165 203817424 165
1780081318 166 308737129 166 205306015 166
1791306276 167 308385106 167 203772781 167
1809122376 168 313001766 168 208187813 168
1809093245 169 318820153 169 203302203 169
1821748205 170 319307026 170 204167788 170
1832380954 171 322836754 171 205601911 171
1837148854 172 319232600 172 203895261 172
1853947213 173 319751205 173 203999170 173
1859044271 174 318891895 174 203422087 174
1886487325 175 319985290 175 204474104 175
1883528508 176 321602973 176 214751056 176
1893039611 177 344070011 177 219208951 177
1902140061 178 331389257 178 218625543 178
1918565461 179 336146477 179 217588355 179
1917367439 180 331054728 180 218760645 180
1933539450 181 331429472 181 218599261 181
1947282133 182 338178955 182 218723118 182
1950192949 183 331333382 183 219423894 183
1966490537 184 331588117 184 224818129 184
1971220823 185 372148077 185 219368028 185
1983126067 186 368494922 186 219052728 186
1992274271 187 364984704 187 221254094 187
1999500664 188 364263343 188 218090541 188
2019157230 189 364530531 189 218393805 189
2030367990 190 369055177 190 235219384 190
2027458942 191 367956593 191 220795040 191
2045873339 192 365020525 192 220870997 192
2062589277 193 377741665 193 233180566 193
2079049642 194 376955337 194 232624401 194
2073233106 195 380352133 195 239074269 195
2080490471 196 388993406 196 233696982 196
2102322789 197 377421584 197 237965451 197
2105745591 198 377788893 198 232743099 198
2112410888 199 377585102 199 232942706 199
2131037814 200 385520829 200 240810187 200
2147028580 201 407054309 201 232383062 201
2153167685 202 394834284 202 233177673 202
2156360653 203 391788681 203 232560925 203
2177675350 204 402891042 204 236063701 204
2189125621 205 387722499 205 234832783 205
2181983512 206 387619065 206 235387792 206
2199406510 207 387706904 207 232625637 207
2218111006 208 404714228 208 232267784 208
2238510808 209 400269858 209 244029231 209
2221335446 210 400961573 210 244052931 210
2241857138 211 399933005 211 251638201 211
2244071487 212 400120627 212 244406018 212
2261935692 213 400101789 213 244295870 213
2312212221 214 400342244 214 244011913 214
2280030895 215 411882625 215 243877867 215
2289745655 216 403565285 216 243978087 216
2301548987 217 411301817 217 244568792 217
2317658379 218 418265809 218 244798864 218
2329200325 219 410874678 219 244001092 219
2337686278 220 410945997 220 244043553 220
2355459083 221 422564012 221 243602472 221
2380156189 222 463084463 222 252244345 222
2463236067 223 413301257 223 258790064 223
2380352364 224 413360041 224 243914447 224
2403796765 225 443145427 225 270748237 225
2433042401 226 464437207 226 279419893 226
2489566422 227 433991507 227 277581590 227
2483098370 228 434511501 228 276833281 228
2424474821 229 434702687 229 255337518 229
2430607496 230 423445883 230 257302375 230
2442439564 231 430791784 231 254589923 231
2449530988 232 422878392 232 254916379 232
2465756430 233 433488882 233 269210025 233
2471220378 234 437409795 234 254822239 234
2481474709 235 435225847 235 255094027 235
2494496136 236 438965538 236 255117969 236
2503852840 237 434038819 237 254903515 237
2507675080 238 451327350 238 254573770 238
2522178776 239 434064880 239 254221279 239
2544252160 240 433990767 240 260925698 240
2544429096 241 449667723 241 268944489 241
2565178311 242 446604413 242 274352421 242
2575443867 243 446974877 243 268875041 243
2574828697 244 447030101 244 274063912 244
2616097874 245 448226353 245 269617620 245
2587835412 246 450381720 246 268849311 246
2623720900 247 446810576 247 268908633 247
2620424656 248 446518537 248 269369457 248
2634854668 249 461905182 249 269759710 249
2632007021 250 458714834 250 269648473 250
2670899826 251 458151854 251 269116761 251
2668111410 252 457522985 252 269864040 252
2678604198 253 464680244 253 268961535 253
2672205272 254 457366856 254 268880089 254
2700137666 255 457663163 255 269649828 255
2693298325 256 458724017 256 269558517 256
2725099499 257 469681665 257 284208042 257
2725586615 258 469653126 258 289843923 258
2722421601 259 471386983 259 284177804 259
2732705589 260 475678650 260 283250662 260
2751870271 261 469771864 261 283005716 261
2758467782 262 477672412 262 283532184 262
2770269459 263 469975820 263 284895244 263
2798096034 264 469284315 264 284732035 264
2777555910 265 483089326 265 290688672 265
2816858285 266 480945124 266 283631505 266
2807805986 267 490587385 267 284830887 267
2812093064 268 480461910 268 285576007 268
2842196785 269 487480990 269 287605374 269
2841346955 270 485049174 270 289851638 270
2841867631 271 481254748 271 283714752 271
2852021151 272 488721275 272 283771523 272
2881623693 273 493234474 273 319106377 273
2889542205 274 497282405 274 319303116 274
2898666651 275 504012268 275 320275209 275
2901670721 276 496241005 276 319220272 276
2914111393 277 492863517 277 319122691 277
2929691211 278 499256067 278 326934137 278
2929977457 279 492816145 279 319795526 279
2949684194 280 498195258 280 319279173 280
2952928984 281 506263174 281 319247879 281
2955159683 282 507573416 282 319748422 282
2979653609 283 504428698 283 324278201 283
3007577001 284 571245391 284 318717905 284
3032423234 285 503919425 285 321181113 285
3008176011 286 503648834 286 319076085 286
3014522890 287 522948330 287 320053836 287
3010279153 288 505014275 288 335621163 288
3022014657 289 522894486 289 331775502 289
3049031172 290 516309015 290 332236547 290
3056266127 291 520985682 291 331540829 291
3053493477 292 523071539 292 331276987 292
3074357637 293 515800292 293 333276919 293
3083994065 294 516863524 294 331503988 294
3087453745 295 522888176 295 331456763 295
3100257024 296 516204430 296 331188015 296
3111070164 297 528826428 297 331651579 297
3136130697 298 533923793 298 332633470 298
3148408815 299 541330205 299 332485433 299
3154423601 300 528450495 300 342090066 300
3152471212 301 531684884 301 331705291 301
3179739539 302 528327816 302 334928155 302
3184424449 303 528036629 303 331985553 303
3175485141 304 545993761 304 335783188 304
3192883433 305 540662732 305 357022205 305
3204374125 306 539231079 306 346131660 306
3226246470 307 539233947 307 346223933 307
3219947586 308 544326127 308 346596686 308
3235195213 309 549391174 309 370898852 309
3251673824 310 540794102 310 365920367 310
3252435240 311 540393056 311 346779752 311
3282780862 312 543347547 312 346209821 312
3292594420 313 551617523 313 346055103 313
3284294408 314 551489860 314 349132198 314
3299960300 315 564131679 315 350243718 315
3311199036 316 557570884 316 344787011 316
3318073819 317 553981128 317 349937320 317
3324455331 318 551666780 318 350443097 318
3332816305 319 550140100 319 351884974 319
3358431610 320 550626029 320 352003140 320
3366327542 321 562185031 321 340182181 321
3369050447 322 566505774 322 339834634 322
3383283414 323 563007218 323 339054408 323
3372123070 324 581427850 324 340779747 324
3402377179 325 573901309 325 340923942 325
3413846130 326 565877931 326 342446944 326
3409716712 327 561766261 327 355339448 327
3428888613 328 563071838 328 345357393 328
3452721469 329 574360817 329 340597820 329
3511378748 330 573699549 330 340376597 330
3469195978 331 573388621 331 339447323 331
3475889953 332 573877235 332 340646274 332
3498511859 333 575243861 333 339881982 333
3494565908 334 573694073 334 340966382 334
3499821952 335 575774713 335 339876022 335
3524308140 336 578376286 336 340019273 336
3528527920 337 590673636 337 350528736 337
3543268888 338 589621720 338 350132424 338
3547070678 339 591745753 339 350184450 339
3557510127 340 589899885 340 353599584 340
3572756295 341 586652725 341 349716469 341
3574221543 342 596038048 342 350152001 342
3581692746 343 587263111 343 349772121 343
3593566735 344 640740873 344 349773834 344
3615679211 345 598164455 345 349955652 345
3626004988 346 597232396 346 349814935 346
3642444836 347 597735950 347 350920935 347
3668796717 348 602059739 348 350438870 348
3643115401 349 597827934 349 349612867 349
3672585348 350 603491955 350 356235170 350
3673166144 351 597571658 351 352386924 351
3681794866 352 597751993 352 355718738 352
3741951181 353 620903340 353 364964707 353
3831295565 354 611990028 354 361340918 354
3710911064 355 610501701 355 361126437 355
3715741317 356 609695944 356 368460981 356
3729173671 357 609656758 357 377856246 357
3742320515 358 615508150 358 367668634 358
3734988823 359 617438364 359 366726008 359
3748171543 360 617685688 360 361381726 360
3772560579 361 628118583 361 361606012 361
3780569386 362 620811579 362 361452546 362
3793719955 363 621111934 363 362007337 363
3823549135 364 620492757 364 362178272 364
3805884246 365 621635279 365 363123664 365
3812987879 366 624173444 366 368188069 366
3846250928 367 633935029 367 365527138 367
3944927350 368 665502827 368 366464864 368
3876029135 369 642461632 369 414056104 369
3902040122 370 642271356 370 414177619 370
4002266388 371 672323682 371 427909554 371
3921449827 372 643882546 372 423361998 372
3977193051 373 642185830 373 409644783 373
3883169551 374 633304891 374 410538019 374
3899466040 375 633226352 375 410352747 375
3914775203 376 635068153 376 407033941 376
3916918981 377 655105769 377 406672116 377
3922296067 378 654605331 378 408725821 378
3926424405 379 662485403 379 405530273 379
3941043044 380 655602636 380 404964923 380
3951257139 381 655784190 381 409345291 381
3958936492 382 655653560 382 405624004 382
3968284372 383 711713384 383 405558566 383
3981783633 384 654742426 384 405545028 384
3999981816 385 676499219 385 417611060 385
4005156562 386 668625392 386 418188845 386
4017799903 387 670097131 387 418101818 387
4053725638 388 668343779 388 417227882 388
4032512288 389 668453000 389 418613830 389
4041105502 390 671648709 390 417587456 390
4045798223 391 669490737 391 419062626 391
4069824646 392 668716911 392 418736403 392
4076177221 393 675273672 393 417600125 393
4081428753 394 675122314 394 417258406 394
4092650413 395 678295692 395 417887001 395
4108647231 396 670555824 396 421426384 396
4120518728 397 674730258 397 418232930 397
4127171347 398 670957167 398 417576515 398
4134396613 399 675278985 399 417701334 399
4147849425 400 670557282 400 417441872 400
4150241237 401 682499313 401 430950680 401
4169366300 402 682329074 402 434345488 402
4176500781 403 683946680 403 430321836 403
4183216081 404 682580339 404 431823539 404
4219076299 405 683159802 405 431185496 405
4202491236 406 683603542 406 433971468 406
4214392770 407 685003110 407 430373489 407
4228531535 408 683388847 408 435560593 408
4251665735 409 705813650 409 430985938 409
4247684370 410 708357686 410 431454139 410
4265465074 411 707299486 411 434013686 411
4269561839 412 706485337 412 430393541 412
4285041467 413 705999986 413 430705301 413
4289815728 414 706296078 414 430801968 414
4307400276 415 706216552 415 431013827 415
4319805877 416 706417758 416 433524268 416
4324865143 417 711116895 417 439031485 417
4330847778 418 710920705 418 439822664 418
4343498064 419 710264813 419 439071102 419
4381527329 420 730296926 420 439902173 420
4363695531 421 710310233 421 439753160 421
4376042611 422 711006915 422 442639498 422
4394411470 423 715705273 423 440913140 423
4392648055 424 710912426 424 440436061 424
4413116581 425 731490657 425 439793715 425
4418203505 426 732545765 426 439437387 426
4424992043 427 736652117 427 449109188 427
4441507056 428 732123322 428 439867066 428
4446332667 429 732728841 429 440093511 429
4458033885 430 732499628 430 439235771 430
4470137832 431 732831333 431 439928933 431
4481421119 432 736214750 432 441095337 432
4486122452 433 745532390 433 452969150 433
4502924800 434 746911341 434 453348120 434
4510864010 435 747185187 435 453781977 435
4521507988 436 746135004 436 454899016 436
4527355263 437 746710146 437 456251279 437
4538559347 438 745769101 438 453929850 438
4557298214 439 746836784 439 453910378 439
4573014860 440 751373748 440 453130208 440
4570083792 441 764004126 441 455262075 441
4582824907 442 748027281 442 455843585 442
4594265484 443 748708428 443 456188275 443
4604018738 444 748793570 444 452649889 444
4615398880 445 756002925 445 453019043 445
4630059617 446 752134034 446 452603733 446
4639885853 447 749043500 447 452721568 447
4644087134 448 753508306 448 453455941 448
4659071956 449 764004565 449 470881645 449
4666144026 450 762654638 450 467175809 450
4682115429 451 761965735 451 466384879 451
4687690181 452 766248097 452 467237137 452
4691869133 453 762215666 453 466952116 453
4706084624 454 763793044 454 466426673 454
4724779361 455 762865253 455 467756288 455
4726808669 456 768120461 456 466823616 456
4736708551 457 774530002 457 466461894 457
4748978404 458 778047974 458 466399480 458
4762683495 459 774479385 459 466800445 459
4772112348 460 774505088 460 465882848 460
4781364668 461 774403161 461 466804572 461
4786984306 462 773831478 462 466025562 462
4794345332 463 775160949 463 466224709 463
4810886619 464 779183965 464 465948847 464
4812533491 465 792748497 465 481346482 465
4828781859 466 788568941 466 480247482 466
4836379398 467 793243872 467 479676031 467
4853258534 468 788313668 468 479763132 468
4854472912 469 787801080 469 480838726 469
4865651839 470 787369961 470 480862802 470
4879312487 471 787784778 471 483423855 471
4885426412 472 788480766 472 482290853 472
4936806344 473 800078842 473 483559841 473
4909666274 474 813917933 474 480985168 474
4920912053 475 804780472 475 484601179 475
4933276175 476 805262930 476 483075143 476
4943004711 477 805809325 477 481028695 477
4966869675 478 810821983 478 480956272 478
4956178733 479 801002271 479 481317196 479
4966079419 480 800322196 480 481856385 480
4979027301 481 813257724 481 500630868 481
4984837542 482 813777186 482 494675362 482
4996927682 483 813822126 483 496339608 483
5006648888 484 813893790 484 494024889 484
5021007251 485 814295426 485 495273928 485
5030418565 486 814526782 486 501291804 486
5043674316 487 818015471 487 498606092 487
5047921552 488 814801425 488 494962023 488
5118956911 489 828905906 489 497083508 489
5076340574 490 825496911 490 496820214 490
5085264227 491 826873568 491 495969167 491
5090952831 492 825650679 492 496332853 492
5101055342 493 826099089 493 495567832 493
5127580213 494 829983070 494 501109975 494
5152956304 495 861142428 495 498390625 495
5186581979 496 829838965 496 496197756 496
5141580393 497 837291966 497 508966878 497
5155949114 498 889184353 498 511407894 498
5166273968 499 837712283 499 510576940 499
5174437142 500 837005407 500 508692964 500
5189188742 501 836366830 501 509766443 501
5189187997 502 837155495 502 510242313 502
5202666708 503 836813729 503 510256548 503
5219195722 504 840578302 504 510263979 504
5243916790 505 858929831 505 510987503 505
5262546095 506 849226718 506 515205069 506
5283400339 507 853385177 507 514038081 507
5255217955 508 851048896 508 511298127 508
5267180526 509 846477044 509 511381731 509
5277241571 510 851502326 510 509622394 510
5286158767 511 846800161 511 510317274 511
5299069926 512 846535564 512 509288052 512
5301492133 513 859229611 513 522247317 513
5331442047 514 868860824 514 526608198 514
5368303119 515 864878752 515 525229313 515
5371998879 516 865123149 516 528210559 516
5374684857 517 863140836 517 527517687 517
5528841965 518 1037919624 518 545862375 518
5495544454 519 871787468 519 532738240 519
5530591142 520 895546989 520 546193288 520
5537369668 521 879964028 521 541786056 521
5432364435 522 880834488 522 530595230 522
5438145930 523 872250837 523 529479880 523
5469770904 524 879902326 524 530112978 524
5437267214 525 871408573 525 528800492 525
5442863915 526 871348604 526 524580885 526
5502199695 527 873685101 527 529380170 527
5496009409 528 880657079 528 529716851 528
5518236977 529 889092097 529 545588436 529
5495504254 530 882195965 530 538782740 530
5490383603 531 887427553 531 539232781 531
5547447784 532 887192172 532 544241169 532
5546282590 533 888191101 533 541143328 533
5573038677 534 887925454 534 544283233 534
5582521011 535 890586273 535 544695119 535
5561868204 536 899764470 536 550320853 536
5594984799 537 915943972 537 547731309 537
5609742257 538 906655213 538 551394229 538
5600983660 539 900360351 539 544126898 539
5630290133 540 906519358 540 542079128 540
5601360158 541 895231950 541 543571019 541
5604636099 542 899159517 542 539909138 542
5646264160 543 900883465 543 542816651 543
5734361851 544 907540709 544 550290887 544
5745942623 545 908923703 545 555032415 545
5685598484 546 913213289 546 558509276 546
5688204019 547 918043315 547 558375426 547
5712975470 548 910849294 548 563223726 548
5724484036 549 915442106 549 557825184 549
5724238304 550 924649727 550 558729661 550
5733300468 551 919484433 551 560284350 551
5743265688 552 916469049 552 563495386 552
5759248937 553 929121221 553 557199639 553
5773620246 554 928788108 554 557176607 554
5819072500 555 944521623 555 558356422 555
5762525289 556 920759457 556 557800134 556
5770756308 557 922136616 557 562988537 557
5769106438 558 919650781 558 609254157 558
5852895007 559 920361011 559 553296568 559
5788312061 560 919503952 560 552775038 560
5797167946 561 931886024 561 567286335 561
5836646153 562 934539685 562 574613605 562
5857820301 563 937182729 563 569585094 563
5867989676 564 942990379 564 573556555 564
5885384667 565 939990049 565 579214600 565
5894667278 566 961060303 566 576925644 566
5896131475 567 945230497 567 572544658 567
5911198931 568 939884683 568 573547696 568
5921957555 569 952092762 569 569535036 569
5938196365 570 954257029 570 575260250 570
5942448812 571 954741593 571 575861521 571
5947914034 572 953617438 572 573201448 572
5966499190 573 947750502 573 582278678 573
5998249399 574 951630544 574 579106942 574
6001591830 575 950920077 575 574930683 575
5988827831 576 950355445 576 572437781 576
5995417410 577 972446929 577 591131903 577
6004068525 578 959001742 578 584907200 578
6026032691 579 970878362 579 589371673 579
6027577387 580 963019856 580 592129200 580
6060966230 581 963298188 581 589383506 581
6039354156 582 968584264 582 587193025 582
6051935937 583 965024489 583 587088823 583
6104263061 584 972569246 584 584354114 584
6090967252 585 978238048 585 587347318 585
6085965119 586 984433572 586 589124389 586
6100972503 587 984701951 587 588599866 587
6130271707 588 975037051 588 586418530 588
6191158382 589 1028621699 589 583986592 589
6096028591 590 973566277 590 582592125 590
6107605628 591 967697837 591 581508299 591
6136356335 592 969893445 592 581366485 592
6128611583 593 977967641 593 594743077 593
6138315718 594 979154057 594 593839589 594
6152153162 595 978597606 595 596359018 595
6160422386 596 977872549 596 593267710 596
6220534533 597 977991468 597 599984701 597
6177431971 598 983506326 598 591813896 598
6184033423 599 977507536 599 592646761 599
6224553015 600 976624261 600 591741820 600
6211730589 601 987177445 601 591914039 601
6294608683 602 992616149 602 594415479 602
6230413841 603 987191167 603 593859137 603
6238840665 604 988098681 604 596342966 604
6248666779 605 993283300 605 594742178 605
6268918082 606 992467129 606 591667147 606
6266419787 607 990354356 607 592433118 607
6269795844 608 991605531 608 593754069 608
6287293525 609 1003872040 609 603701655 609
6297354207 610 1006072346 610 605406311 610
6305812073 611 1002300176 611 604482000 611
6317151220 612 1004501936 612 602975061 612
6330606221 613 999687083 613 603510958 613
6338946941 614 1000372055 614 603802645 614
6344545855 615 1006386114 615 603582420 615
6417179136 616 1000620355 616 603989803 616
6374194858 617 1009605407 617 604561454 617
6381342362 618 1022779729 618 606687630 618
6389268295 619 1012846611 619 603731413 619
6395405896 620 1015245439 620 600947342 620
6410776198 621 1014521786 621 607189306 621
6413354328 622 1011879525 622 604227616 622
6436418932 623 1014953068 623 604373274 623
6444919953 624 1014783727 624 603838103 624
6448850997 625 1023584272 625 616969263 625
6451098002 626 1024137945 626 619822994 626
6464899756 627 1024211158 627 624245647 627
6484738974 628 1023486578 628 616279627 628
6488198942 629 1023358675 629 616489129 629
6504188900 630 1026135945 630 617313155 630
6508746990 631 1023566872 631 613688652 631
6524195081 632 1027922879 632 615655857 632
6534443169 633 1038470850 633 616640020 633
6536620479 634 1033660255 634 615148080 634
6564172550 635 1041432031 635 615919396 635
6559401464 636 1038078709 636 617907212 636
6568007768 637 1040771678 637 616606643 637
6579473505 638 1040750009 638 613729366 638
6594391844 639 1038605244 639 672537102 639
6598302541 640 1035790472 640 616620863 640
6615162993 641 1046873039 641 627864010 641
6627303125 642 1046756441 642 641820449 642
6627649970 643 1050026407 643 629543138 643
6646900676 644 1044752703 644 630775714 644
6662288466 645 1047906477 645 622080737 645
6662745696 646 1046064137 646 624163663 646
6667050907 647 1047301740 647 623162148 647
6676960402 648 1045957950 648 627018160 648
6694312431 649 1065481797 649 624868514 649
6704228745 650 1058769349 650 624568974 650
6709762224 651 1058412943 651 623786618 651
6722571151 652 1058473856 652 623417834 652
6740249790 653 1058723555 653 622236699 653
6744462692 654 1057388032 654 623049261 654
6746788836 655 1056420933 655 623139924 655
6755408764 656 1061783361 656 623994025 656
6773182391 657 1068716139 657 639073677 657
6780842304 658 1073219457 658 636594406 658
6795704471 659 1069348455 659 638835936 659
6799719514 660 1077966044 660 636076418 660
6807727200 661 1069260435 661 633790691 661
6826224157 662 1069296668 662 635990382 662
6857528833 663 1069124598 663 634540098 663
6837816379 664 1069738643 664 638802705 664
6849005708 665 1085923425 665 638591183 665
6859441250 666 1080321220 666 637947507 666
6879333180 667 1080582765 667 634637461 667
6882475287 668 1080255713 668 639393896 668
6890194953 669 1085281975 669 634344492 669
6906568708 670 1080463608 670 636195573 670
6913147828 671 1079687087 671 636853323 671
6917625077 672 1087745449 672 634734047 672
6943195267 673 1092329950 673 646111908 673
6938800691 674 1092480805 674 651398388 674
6950925359 675 1095274353 675 650974023 675
6959238923 676 1096610374 676 647831494 676
6982450032 677 1095074095 677 651142569 677
7010858189 678 1096266394 678 650116004 678
6991693311 679 1097323523 679 649269467 679
7058157571 680 1098651847 680 648343180 680
7013237277 681 1104416689 681 649635205 681
7018013365 682 1102904906 682 656991508 682
7047261923 683 1104269695 683 653795139 683
7040453290 684 1104363438 684 650292550 684
7051128715 685 1110619086 685 651105404 685
7068524254 686 1103022450 686 650791145 686
7075660118 687 1104786572 687 650947181 687
7109787982 688 1108273872 688 657862675 688
7144894058 689 1131008188 689 668623424 689
7155552433 690 1129638792 690 672230486 690
7166938826 691 1123955560 691 668008398 691
7160673958 692 1134966804 692 679129985 692
7180683697 693 1128875757 693 669768336 693
7184448369 694 1131529799 694 671125182 694
7202312670 695 1130780109 695 668821645 695
7228783603 696 1127867250 696 675256760 696
7207436585 697 1134678130 697 675337646 697
7254535941 698 1140307607 698 685060161 698
7242244505 699 1136097129 699 677215038 699
7250016907 700 1139044026 700 677157377 700
7256170140 701 1140554583 701 678646736 701
7283075976 702 1139080997 702 675791082 702
7295991108 703 1142260193 703 679072856 703
7293338847 704 1131517514 704 679032604 704
7275864450 705 1140346024 705 686868881 705
7261539127 706 1140178584 706 684767562 706
7281972803 707 1139213949 707 683535560 707
7290277240 708 1141863161 708 686626782 708
7341636099 709 1151391502 709 693655983 709
7355548651 710 1150364866 710 693730294 710
7376838783 711 1149594948 711 689563185 711
7332466735 712 1158910365 712 694124119 712
7392091955 713 1159082557 713 692895893 713
7420242325 714 1162833887 714 687440801 714
7410706781 715 1171243360 715 691012356 715
7432654625 716 1164922880 716 693850788 716
7420768062 717 1158066662 717 751407133 717
7439865367 718 1153518936 718 686917941 718
7397544070 719 1152702480 719 689757979 719
7417429819 720 1150051868 720 685431212 720
7432624208 721 1167047395 721 700822699 721
7434467645 722 1168597947 722 698020015 722
7444939209 723 1162830448 723 697935657 723
7457107335 724 1163239488 724 697280638 724
7468317422 725 1171201521 725 695012527 725
7466052636 726 1163916295 726 700678116 726
7522943998 727 1166757533 727 701488879 727
7523588133 728 1178503440 728 705873317 728
7566950475 729 1174142202 729 698703800 729
7538636205 730 1175925186 730 702812632 730
7523545129 731 1174187788 731 697480629 731
7540093085 732 1177533752 732 699332641 732
7546599878 733 1173325290 733 698323787 733
7565884598 734 1177518388 734 698361868 734
7576413745 735 1174098175 735 696824858 735
7589910336 736 1182571032 736 700763470 736
7583407881 737 1187925072 737 715873701 737
7603411459 738 1191022570 738 712495670 738
7625126945 739 1190945752 739 710648412 739
7629147440 740 1188580021 740 711009006 740
7633113251 741 1188032095 741 708824904 741
7655257910 742 1189472068 742 710275319 742
7649177387 743 1185840606 743 709141242 743
7665944432 744 1187054086 744 711051547 744
7665918079 745 1198124255 745 711237715 745
7672950261 746 1201569605 746 710689179 746
7695755110 747 1201304164 747 709406358 747
7719205548 748 1196482549 748 711353385 748
7713056603 749 1201391256 749 710106449 749
7712882524 750 1215970236 750 710228784 750
7731928568 751 1199847844 751 711418519 751
7744135970 752 1197878538 752 710189523 752
7750301928 753 1208879246 753 723389120 753
7818248635 754 1210098332 754 723479183 754
7771116459 755 1215170179 755 723558945 755
7787087803 756 1211158492 756 726937035 756
7814108764 757 1209444507 757 723348916 757
7802501940 758 1214394392 758 722158368 758
7821313347 759 1208560726 759 721033587 759
7830151668 760 1214449167 760 723158449 760
7832993284 761 1222315345 761 726957718 761
7847768812 762 1221468067 762 722643991 762
7847437662 763 1221227918 763 727155120 763
7863277306 764 1220308192 764 723032088 764
7875043303 765 1224022382 765 737977995 765
7911424882 766 1221845024 766 726808521 766
7893747011 767 1232542567 767 729707061 767
7900200697 768 1223059495 768 724139664 768
7916805615 769 1241610803 769 738922989 769
7922477897 770 1232738514 770 741238141 770
7963964743 771 1232551072 771 737831239 771
7944785060 772 1234386799 772 737060900 772
7960340672 773 1236569949 773 738450075 773
7976469705 774 1237739670 774 736985136 774
7975516793 775 1233310697 775 740710804 775
7981654561 776 1241727043 776 736081436 776
7995354669 777 1244006722 777 739440945 777
8013143351 778 1246425160 778 738233214 778
8020821960 779 1244759699 779 737660201 779
8030289080 780 1249918563 780 741885739 780
8039064150 781 1248981659 781 739338947 781
8051298038 782 1244061813 782 739945669 782
8068984052 783 1244690837 783 737349292 783
8071266391 784 1245934112 784 736293044 784
8079858423 785 1256599974 785 749641215 785
8093012926 786 1259433764 786 750959845 786
8098892633 787 1259365305 787 754279119 787
8101788117 788 1263801548 788 749874988 788
8160063993 789 1257106285 789 750155247 789
8140482626 790 1255844050 790 750665281 790
8137681009 791 1266351940 791 752613537 791
8135503866 792 1256677727 792 748356102 792
8167986093 793 1267737126 793 750340534 793
8158590347 794 1268699212 794 752696538 794
8168168679 795 1273310779 795 746584254 795
8180791587 796 1267856015 796 745367370 796
8190266834 797 1267388096 797 750118973 797
8210490201 798 1267240556 798 746211999 798
8225994656 799 1270437523 799 744448390 799
8225677834 800 1266487363 800 746807449 800
8238024507 801 1279324432 801 762801197 801
8251842187 802 1280455170 802 760647762 802
8253675430 803 1279690853 803 760088977 803
8322232624 804 1279883950 804 759957558 804
8272670735 805 1285777071 805 762416164 805
8291704579 806 1280353369 806 762117110 806
8299279332 807 1280296086 807 759311864 807
8314342545 808 1280082040 808 760034633 808
8335450781 809 1291863517 809 759482341 809
8330513409 810 1292839577 810 765716130 810
8335882772 811 1294264717 811 760656013 811
8343462306 812 1290220678 812 763045710 812
8359149682 813 1289924438 813 761229454 813
8369860304 814 1291573240 814 762363237 814
8377320966 815 1290879191 815 764142628 815
8389289726 816 1289429177 816 763630264 816
8393445731 817 1304144278 817 777085909 817
8418763277 818 1303721768 818 777565471 818
8440056185 819 1304067098 819 776471483 819
8429636024 820 1309109012 820 775597172 820
8435087856 821 1303385823 821 773760760 821
8498960377 822 1311224448 822 774299562 822
8465774829 823 1304468077 823 774382610 823
8478978960 824 1308932858 824 795096062 824
8485518924 825 1317407248 825 775503428 825
8495609731 826 1317033333 826 775000261 826
8506646779 827 1319029012 827 774324743 827
8517400922 828 1313436524 828 774235090 828
8532486268 829 1319124784 829 773581261 829
8528623347 830 1315941281 830 773539669 830
8542822229 831 1317655986 831 778379139 831
8551453380 832 1314843973 832 775725532 832
8575555194 833 1327231792 833 789859974 833
8581621566 834 1327050998 834 790325557 834
8591333496 835 1333830736 835 787929608 835
8592827377 836 1330284368 836 787713114 836
8618581937 837 1327865039 837 788089673 837
8609467315 838 1330250080 838 819256371 838
8623277192 839 1326129010 839 789724518 839
8637935884 840 1325717036 840 787619545 840
8679830428 841 1338147864 841 790116605 841
8663112421 842 1345031424 842 791786450 842
8661423807 843 1345001373 843 790769429 843
8670995690 844 1340866275 844 793284660 844
8686811857 845 1343246553 845 788300523 845
8694434783 846 1337549874 846 788009535 846
8702538439 847 1339111881 847 792158627 847
8719118608 848 1337213682 848 788568443 848
8733290298 849 1354362791 849 799170326 849
8737678562 850 1354527850 850 799075278 850
8758485319 851 1349055040 851 802542518 851
8774344895 852 1348811935 852 802893175 852
8771391743 853 1348752277 853 803736288 853
8784750184 854 1396519270 854 806913672 854
8797524500 855 1357044243 855 800899492 855
8796614924 856 1349275612 856 811385830 856
8843038926 857 1361850848 857 802496871 857
8822914167 858 1361177624 858 800862783 858
8828426077 859 1363997450 859 807119730 859
8836639684 860 1362814914 860 802112677 860
8849165045 861 1365633303 861 802190281 861
8866271862 862 1360945025 862 799952883 862
8876122340 863 1380748053 863 801153426 863
8903638480 864 1359981997 864 808210717 864
8905363241 865 1375485792 865 814901935 865
8895874400 866 1381124130 866 814449757 866
8911844462 867 1376597150 867 813634856 867
8924601147 868 1376853536 868 813421207 868
8929750628 869 1374014597 869 819011611 869
8954962337 870 1375837708 870 816139635 870
8946386141 871 1373347741 871 814546231 871
9019691830 872 1374437228 872 814095981 872
8967989908 873 1384703393 873 819855335 873
8973059760 874 1391075883 874 814585130 874
8990640548 875 1387665946 875 815936469 875
9002780300 876 1386733643 876 812687571 876
9005536577 877 1385123894 877 820561604 877
9019025961 878 1383898609 878 814669071 878
9044004365 879 1384419948 879 815517803 879
9049932619 880 1385347156 880 815497669 880
9051765998 881 1402735028 881 828275573 881
9091903567 882 1401041758 882 826663537 882
9073512033 883 1395053503 883 828687056 883
9155173982 884 1395688985 884 829253743 884
9121106072 885 1399284022 885 832577702 885
9099691487 886 1396582203 886 830838928 886
9125778319 887 1395175668 887 830260836 887
9119860403 888 1401115791 888 829608901 888
9133586070 889 1412168872 889 828427748 889
9144693163 890 1408554930 890 830127314 890
9151694658 891 1411486343 891 835059354 891
9161839744 892 1408702202 892 829726598 892
9179790487 893 1411089934 893 828565136 893
9189341294 894 1412660946 894 831675101 894
9215684146 895 1411706280 895 830780236 895
9214341914 896 1408489066 896 825564895 896
9225014043 897 1420570763 897 842924032 897
9226312564 898 1421445086 898 841351206 898
9238391322 899 1420676647 899 841851731 899
9246481720 900 1435482781 900 843048553 900
9254233889 901 1420521836 901 843535611 901
9269753478 902 1426918592 902 843738535 902
9290036610 903 1420070932 903 843684894 903
9286925281 904 1423118637 904 842532940 904
9308841502 905 1435167576 905 839013994 905
9311129635 906 1435064736 906 842372145 906
9318363678 907 1433092887 907 841376622 907
9318716192 908 1430903345 908 840831178 908
9343033000 909 1436509219 909 842159224 909
9345031374 910 1434523774 910 840108694 910
9355843208 911 1432975042 911 846067708 911
9383683866 912 1430954312 912 844310926 912
9382260455 913 1444444431 913 851939185 913
9401665331 914 1446683663 914 856705291 914
9387360103 915 1445876641 915 848171508 915
9398846203 916 1441800053 916 849519310 916
9409451032 917 1442548675 917 850771914 917
9423361833 918 1445582050 918 849570178 918
9437043643 919 1443759225 919 851266565 919
9451214595 920 1442873709 920 850797367 920
9448382508 921 1452711225 921 852832548 921
9455689143 922 1454348685 922 849930075 922
9491851400 923 1459094111 923 850504021 923
9501106568 924 1458023705 924 854195068 924
9498727417 925 1460619276 925 852488753 925
9498813344 926 1453498092 926 854475626 926
9516816802 927 1455853576 927 852461021 927
9528739834 928 1454541618 928 853871253 928
9535825729 929 1470376830 929 865861396 929
9570580348 930 1471832056 930 867962148 930
9562504634 931 1468657884 931 866868071 931
9567537537 932 1471472801 932 864323065 932
9591005705 933 1466063664 933 868575684 933
9588126304 934 1466908554 934 864526621 934
9605298858 935 1467514221 935 869819530 935
9593988794 936 1469724292 936 865499247 936
9619462907 937 1477412983 937 865867832 937
9636837638 938 1484820559 938 866644109 938
9647967007 939 1476761197 939 868017648 939
9668814510 940 1477467889 940 868297445 940
9688077339 941 1476117171 941 869911284 941
9672910953 942 1481787082 942 867565389 942
9689872367 943 1476901841 943 866541481 943
9727609529 944 1477100479 944 866453087 944
9695191970 945 1487886483 945 878727017 945
9713131257 946 1499441775 946 881733084 946
9729696841 947 1489412345 947 880182684 947
9744336393 948 1493406286 948 881750913 948
9752320933 949 1491585266 949 880676910 949
9769306442 950 1494942297 950 882289003 950
9757238443 951 1489932516 951 880979231 951
9778993907 952 1490305999 952 877806864 952
9796426334 953 1504759489 953 880117976 953
9801414959 954 1504440373 954 879714735 954
9809777626 955 1500815554 955 881644673 955
9815202848 956 1505645614 956 878612772 956
9879181471 957 1503275273 957 881147402 957
9867742798 958 1502069577 958 902555268 958
9855823212 959 1500638457 959 880188606 959
9855961521 960 1511627800 960 879381358 960
9883182147 961 1517739357 961 893522678 961
9879191389 962 1513432335 962 894247743 962
9888158248 963 1513172306 963 892792595 963
9896213925 964 1515019198 964 929466520 964
10004648005 965 1523697691 965 904113983 965
9912037245 966 1518054863 966 905537170 966
9945174409 967 1516429526 967 896028797 967
9938931066 968 1519816350 968 900487727 968
9957190209 969 1544058323 969 900079172 969
9958084599 970 1528349194 970 897232105 970
9962923861 971 1525104976 971 896450026 971
9991037137 972 1522797466 972 931448316 972
9988298144 973 1531980686 973 893743525 973
9994276513 974 1529649215 974 914067146 974
10019357721 975 1529809696 975 893581992 975
10007340795 976 1529371771 976 893266488 976
10036383737 977 1542004469 977 905824501 977
10047296355 978 1540710353 978 907287885 978
10049149840 979 1535140558 979 913103192 979
10067525962 980 1542965001 980 909404420 980
10072616003 981 1536137588 981 919166161 981
10084452519 982 1538883016 982 906833209 982
10088941872 983 1537495201 983 908294418 983
10103846854 984 1537133771 984 910125977 984
10107495197 985 1548974332 985 907416224 985
10134090030 986 1554197968 986 909311226 986
10124458001 987 1552853415 987 913200556 987
10173770416 988 1547140963 988 909141844 988
10149725465 989 1555049591 989 910262482 989
10163938895 990 1548014807 990 908103957 990
10183225978 991 1546983865 991 906945292 991
10187001325 992 1551515971 992 908611208 992
10201044228 993 1560209652 993 921984224 993
10202740843 994 1566546657 994 925425531 994
10220612031 995 1565192685 995 921617669 995
10228384739 996 1560568968 996 920010864 996
10227603304 997 1563341684 997 924177838 997
10261043755 998 1561459977 998 924543759 998
10253803189 999 1558549408 999 925447915 999
