197 0 2211580 0 2095973 0
2633970 1 2527855 1 2336795 1
2562976 2 2459610 2 2532443 2
3466830 3 2877201 3 2740345 3
3822398 4 2878560 4 2358937 4
2450943 5 1361948 5 1476906 5
2154999 6 1358650 6 1135020 6
1433445 7 943116 7 895466 7
1434717 8 945995 8 1089141 8
1966773 9 926189 9 746838 9
1345133 10 854771 10 704031 10
1498501 11 811692 11 718260 11
1252061 12 651564 12 554425 12
1208012 13 651350 13 554491 13
1208850 14 651350 14 563607 14
1281307 15 651374 15 543702 15
1083187 16 547429 16 466240 16
1167417 17 605639 17 535732 17
1167430 18 613503 18 535604 18
1217050 19 605428 19 535673 19
1137175 20 582713 20 461867 20
1139462 21 531934 21 461581 21
1160682 22 521856 22 461768 22
1183143 23 522132 23 461557 23
1178423 24 458761 24 405795 24
1116920 25 495868 25 405714 25
1117034 26 502649 26 405840 26
1151682 27 502872 27 405698 27
1152499 28 502907 28 409436 28
1232516 29 474024 29 382535 29
1160208 30 474148 30 382559 30
1199486 31 474093 31 382587 31
1206284 32 542949 32 382578 32
1283738 33 549005 33 465751 33
1273271 34 548851 34 465662 34
1306685 35 538207 35 465773 35
1323784 36 548960 36 465645 36
1386540 37 532236 37 465726 37
1380039 38 532360 38 465620 38
1414912 39 532349 39 465638 39
1414876 40 550993 40 465685 40
1491143 41 603487 41 465743 41
1491135 42 574080 42 465709 42
1524227 43 582160 43 471283 43
1524121 44 582297 44 465698 44
1598438 45 582185 45 465697 45
1598508 46 598787 46 465731 46
1636515 47 599695 47 465783 47
1632320 48 615298 48 465753 48
1708050 49 677846 49 507334 49
1713041 50 631969 50 507366 50
1744626 51 680854 51 507371 51
1744709 52 678813 52 507489 52
1837500 53 632051 53 511600 53
1820048 54 673196 54 507492 54
1853781 55 676927 55 511132 55
1858872 56 631958 56 507265 56
1961714 57 723088 57 507180 57
1940870 58 724042 58 507433 58
1961111 59 723310 59 507226 59
2110462 60 723530 60 507285 60
2034928 61 764073 61 516145 61
2034996 62 774522 62 507299 62
2114877 63 722859 63 514995 63
2099452 64 776628 64 507312 64
2141382 65 755633 65 540676 65
2141026 66 756588 66 540497 66
2213022 67 706915 67 547440 67
2209100 68 755211 68 540432 68
2243908 69 759697 69 540767 69
2243482 70 761981 70 540556 70
2315559 71 753250 71 540728 71
2333360 72 753594 72 540745 72
2351438 73 851410 73 540817 73
2351933 74 840129 74 540744 74
2428681 75 840833 75 540691 75
2424981 76 837826 76 546980 76
2465163 77 843172 77 540548 77
2460373 78 846697 78 540476 78
2534376 79 843523 79 540852 79
2546323 80 837261 80 549012 80
2572193 81 858186 81 598899 81
2577648 82 809492 82 598831 82
2640527 83 860163 83 598845 83
2639806 84 896881 84 598809 84
2679328 85 867036 85 598886 85
2727627 86 823321 86 607778 86
2751956 87 870834 87 598735 87
2756326 88 878426 88 598900 88
2793293 89 907878 89 598955 89
2793624 90 848414 90 598876 90
2870541 91 946341 91 598775 91
2864268 92 945195 92 598822 92
2903006 93 908061 93 598801 93
2896072 94 930170 94 598798 94
2968763 95 911359 95 598789 95
2967886 96 901400 96 598856 96
3007587 97 970196 97 634201 97
3011072 98 967168 98 634026 98
3074777 99 970095 99 641511 99
3074843 100 957155 100 634026 100
3116097 101 966514 101 634035 101
3121269 102 969322 102 634262 102
3183731 103 968976 103 634301 103
3188451 104 962327 104 634185 104
3223129 105 1011268 105 634161 105
3227600 106 1008530 106 634300 106
3290748 107 1008496 107 634199 107
3295470 108 1006834 108 634171 108
3332041 109 1008572 109 634325 109
3338098 110 1016091 110 634134 110
3400309 111 1013980 111 634317 111
3510606 112 956661 112 634188 112
3441938 113 1065950 113 697547 113
3453215 114 1044356 114 682211 114
3509327 115 1045521 115 696825 115
3509450 116 1124146 116 690494 116
3549338 117 1056697 117 698958 117
3548433 118 1054789 118 690322 118
3623946 119 1073476 119 717805 119
3619614 120 1043660 120 690213 120
3667234 121 1071367 121 691062 121
3658721 122 1093984 122 690499 122
3735542 123 1095182 123 690397 123
3728162 124 1090225 124 690144 124
3774238 125 1092999 125 690514 125
3767624 126 1092028 126 690228 126
3834714 127 1093251 127 690585 127
3841370 128 1091676 128 690050 128
3874345 129 1080839 129 716154 129
3883539 130 1127302 130 715979 130
3945081 131 1126746 131 716199 131
3949343 132 1129321 132 716228 132
3985850 133 1131856 133 716303 133
3986433 134 1127076 134 716176 134
4113703 135 1081264 135 711361 135
4051126 136 1127526 136 711277 136
4097706 137 1196074 137 725792 137
4093406 138 1194067 138 727740 138
4160340 139 1192864 139 725743 139
4163888 140 1194245 140 725904 140
4201578 141 1173983 141 711259 141
4207773 142 1194280 142 725872 142
4268234 143 1174112 143 716775 143
4268437 144 1192470 144 725664 144
4316512 145 1241066 145 814891 145
4312703 146 1223864 146 814987 146
4382058 147 1239521 147 814746 147
4377560 148 1229198 148 814731 148
4416604 149 1223195 149 815016 149
4420998 150 1241168 150 814792 150
4484212 151 1242087 151 814807 151
4483946 152 1239649 152 814914 152
4527136 153 1309217 153 814805 153
4529196 154 1317663 154 814644 154
4605095 155 1305243 155 814858 155
4613390 156 1328747 156 814777 156
4636754 157 1311409 157 820382 157
4637074 158 1385543 158 814759 158
4709891 159 1314517 159 814904 159
4701720 160 1311436 160 819032 160
4744448 161 1319402 161 806993 161
4762725 162 1325451 162 812307 162
4810172 163 1416528 163 818886 163
4809784 164 1330531 164 812249 164
4857123 165 1316640 165 812257 165
4853824 166 1353780 166 812341 166
4919444 167 1313024 167 812276 167
4925591 168 1311009 168 812192 168
4960131 169 1475559 169 812390 169
4959867 170 1455810 170 812282 170
5031984 171 1462091 171 812366 171
5031687 172 1457583 172 812307 172
5077441 173 1500350 173 813607 173
5068379 174 1380576 174 807052 174
5139284 175 1376766 175 806917 175
5134857 176 1477414 176 806933 176
5177905 177 1531447 177 857916 177
5183434 178 1518314 178 857904 178
5248132 179 1516957 179 857075 179
5244022 180 1510729 180 857476 180
5287800 181 1517735 181 857838 181
5311499 182 1530144 182 857606 182
5358859 183 1529959 183 857663 183
5352778 184 1537069 184 857755 184
5393245 185 1566992 185 857637 185
5397869 186 1561388 186 857653 186
5468239 187 1560567 187 857713 187
6159224 188 1581135 188 865933 188
5505868 189 1590073 189 865790 189
5525177 190 1567358 190 857837 190
5591931 191 1543236 191 865781 191
5570233 192 1595399 192 857638 192
5738201 193 1563682 193 914764 193
5611392 194 1635224 194 906566 194
5685946 195 1634185 195 906548 195
5710904 196 1589937 196 898242 196
5720008 197 1611460 197 898324 197
5720682 198 1600795 198 898209 198
5798017 199 1646827 199 898278 199
5794240 200 1635692 200 906579 200
5844488 201 1584389 201 906596 201
5830552 202 1652449 202 906511 202
5897507 203 1622739 203 906611 203
5909067 204 1642993 204 898248 204
5941631 205 1651738 205 898219 205
5980148 206 1584420 206 914921 206
6004610 207 1644306 207 906526 207
6004030 208 1649917 208 910681 208
6045970 209 1713534 209 964780 209
6049746 210 1716893 210 964845 210
6122039 211 1717488 211 964824 211
6119911 212 1715652 212 964618 212
6155167 213 1723334 213 948111 213
6155802 214 1715825 214 962551 214
6220165 215 1734163 215 948146 215
6226164 216 1712879 216 964722 216
6270791 217 1765628 217 948165 217
6268699 218 1774755 218 948164 218
6328368 219 1773792 219 964746 219
6328243 220 1785611 220 948170 220
6382058 221 1755825 221 959779 221
6401661 222 1756444 222 947593 222
6441579 223 1763558 223 947543 223
6553726 224 1622175 224 932244 224
6483556 225 1769980 225 998110 225
6508673 226 1807954 226 989790 226
6545242 227 1819963 227 989795 227
6545770 228 1823715 228 989767 228
6591156 229 1809523 229 993750 229
6591718 230 1807887 230 989681 230
6660650 231 1802967 231 989682 231
6658951 232 1809893 232 989745 232
6703870 233 1856751 233 989602 233
6701898 234 1847485 234 989728 234
6802662 235 1763210 235 991741 235
6766960 236 1834883 236 991810 236
6806305 237 1836658 237 991831 237
6805879 238 1849749 238 987618 238
6869112 239 1846271 239 990933 239
6869118 240 1850107 240 991788 240
6917986 241 1889974 241 1031514 241
6918448 242 1901968 242 1039891 242
6982580 243 1885147 243 1040043 243
6984151 244 1885004 244 1047383 244
7027310 245 1862478 245 1039682 245
7025057 246 1847475 246 1031248 246
7097970 247 1879750 247 1031242 247
7092533 248 1891787 248 1055003 248
7153108 249 1993204 249 1252955 249
8851441 250 2040056 250 1039647 250
7391035 251 1930506 251 1039602 251
7238165 252 1905765 252 1031421 252
7363009 253 1968781 253 1056202 253
7245763 254 1964304 254 1047885 254
7311005 255 1904462 255 1047948 255
7317237 256 1968250 256 1056081 256
7349154 257 1993571 257 1098093 257
7348455 258 1995863 258 1097853 258
7413859 259 1995324 259 1097876 259
7413530 260 1995116 260 1098050 260
7474209 261 2014001 261 1097726 261
7455094 262 1993430 262 1097745 262
7519963 263 1976370 263 1097737 263
7519933 264 1965485 264 1097811 264
7564746 265 2036074 265 1097623 265
7597408 266 2068084 266 1097860 266
7631390 267 2045530 267 1097766 267
7629502 268 2045818 268 1097897 268
7674884 269 2052050 269 1081315 269
7673663 270 2039513 270 1097920 270
7739295 271 2057810 271 1097633 271
7739267 272 2060097 272 1097851 272
7780296 273 2080489 273 1135466 273
7812011 274 2067842 274 1148399 274
7859665 275 2094446 275 1131116 275
7966962 276 2018606 276 1131255 276
7915435 277 2072790 277 1131252 277
7894734 278 2089424 278 1130912 278
7965808 279 2072485 279 1131047 279
7959579 280 2088549 280 1131159 280
8006318 281 7410918 281 1341490 281
9234064 282 2070046 282 1132025 282
10398080 283 3280848 283 1573283 283
11167998 284 2405052 284 1154454 284
8168651 285 2086757 285 1152577 285
8106642 286 2119299 286 1140889 286
8172248 287 2168818 287 1129737 287
8171450 288 2154184 288 1131006 288
8218445 289 2189473 289 1189653 289
8223862 290 2170709 290 1189293 290
8285011 291 2117360 291 1164243 291
8284403 292 2182865 292 1164555 292
8347751 293 2166098 293 1180646 293
8330482 294 2150957 294 1173134 294
8392486 295 2153327 295 1173063 295
8415639 296 2130670 296 1180554 296
8486081 297 2197658 297 1164448 297
8439105 298 2340973 298 1174202 298
8496373 299 2225466 299 1164429 299
8496356 300 2195986 300 1164503 300
8548850 301 2215795 301 1189304 301
8546665 302 2194056 302 1164571 302
8639945 303 2204996 303 1180918 303
8610602 304 2241474 304 1184158 304
8654111 305 2281530 305 1231145 305
8677464 306 2260208 306 1223197 306
8730337 307 2273834 307 1237655 307
8714718 308 2265537 308 1222620 308
8764150 309 2263264 309 1238975 309
8759999 310 2269584 310 1219775 310
8827097 311 2266292 311 1231004 311
8825620 312 2267542 312 1230911 312
8904006 313 2308963 313 1230692 313
8876486 314 2305845 314 1230092 314
8930016 315 2307093 315 1222660 315
8934145 316 2311102 316 1222633 316
8978788 317 2305136 317 1222838 317
8977718 318 2308005 318 1222720 318
9083561 319 2295226 319 1230865 319
9043586 320 2300320 320 1319698 320
9085137 321 2355726 321 1269131 321
9091467 322 2346154 322 1268515 322
9187539 323 2368667 323 1269874 323
9157684 324 2355765 324 1276660 324
9205862 325 2334551 325 1276708 325
9202780 326 2367273 326 1269733 326
9256586 327 2375507 327 1269809 327
9268628 328 2343909 328 1272490 328
9364115 329 2393913 329 1269876 329
9307045 330 2374044 330 1272430 330
9372180 331 2382802 331 1277537 331
9365969 332 2376650 332 1272509 332
9413327 333 2373523 333 1272521 333
9415340 334 2376595 334 1269878 334
9481927 335 2379174 335 1269743 335
9508468 336 2376980 336 1276593 336
9521758 337 2428066 337 1342776 337
9523701 338 2418672 338 1313721 338
9581612 339 2445348 339 1298396 339
9605681 340 2451748 340 1312846 340
9624331 341 2515037 341 1313978 341
9630356 342 2418616 342 1313791 342
9692441 343 2440830 343 1298162 343
9693657 344 2418710 344 1318394 344
9795556 345 2492757 345 1306236 345
9735488 346 2490009 346 1306147 346
9802261 347 2501186 347 1306480 347
9803387 348 2493796 348 1306492 348
9843705 349 2491959 349 1315853 349
9846754 350 2487893 350 1314063 350
9911114 351 2488610 351 1314019 351
9911227 352 2497354 352 1318859 352
9947857 353 2560870 353 1365250 353
9954008 354 2557605 354 1355886 354
10019502 355 2555875 355 1364106 355
10021185 356 2564838 356 1366608 356
10063089 357 2566101 357 1363843 357
10062849 358 2561054 358 1364013 358
10139331 359 2525464 359 1380876 359
10149421 360 2509742 360 1355755 360
10285187 361 2527663 361 1352982 361
10175000 362 2603959 362 1363869 362
10234925 363 2592030 363 1353042 363
10237730 364 2587237 364 1355672 364
10286891 365 2587954 365 1363912 365
10278384 366 2589259 366 1365443 366
10343447 367 2587937 367 1364009 367
10345073 368 2595436 368 1355953 368
10431099 369 2645381 369 1406920 369
10383734 370 2646745 370 1413581 370
10452979 371 2643094 371 1397465 371
10452703 372 2658850 372 1404054 372
10515654 373 2638789 373 1399693 373
10493710 374 2597049 374 1421831 374
10567563 375 2643467 375 1422895 375
10556688 376 2616760 376 1389166 376
10620573 377 2705786 377 1389166 377
10613537 378 2653504 378 1417512 378
12454216 379 2757050 379 1493658 379
10906549 380 2625515 380 1424166 380
10758772 381 2674255 381 1546292 381
10724746 382 2671024 382 1413543 382
10787903 383 2673975 383 1422476 383
10792773 384 2648477 384 1421510 384
10821855 385 2681859 385 1484200 385
10821590 386 2670571 386 1470562 386
10915907 387 2754399 387 1464044 387
10888131 388 2727712 388 1464138 388
10931254 389 2734333 389 1463975 389
10932237 390 2733549 390 1463938 390
10994606 391 2729251 391 1468576 391
10990645 392 2733554 392 1447348 392
11039972 393 2744702 393 1463773 393
11041140 394 2737438 394 1463908 394
11102183 395 2739767 395 1463953 395
11112168 396 2757175 396 1447382 396
11195193 397 2781054 397 1451332 397
11193136 398 2758620 398 1430696 398
11218713 399 2757957 399 1451578 399
11222688 400 2721119 400 1464107 400
11268091 401 2806386 401 1658429 401
11254939 402 2807501 402 1501427 402
11320462 403 2802894 403 1476300 403
11318640 404 2814117 404 1501202 404
11382963 405 2712229 405 1509675 405
11365079 406 2781569 406 1509686 406
11431736 407 2781309 407 1509799 407
11427994 408 2778078 408 1518504 408
11470429 409 2821674 409 1497611 409
11472563 410 2830328 410 1509710 410
11535503 411 2828555 411 1509865 411
11536265 412 2825634 412 1507794 412
11582086 413 2826243 413 1509792 413
11622410 414 2822292 414 1522094 414
11641016 415 2842051 415 1552367 415
11646892 416 2842885 416 1497215 416
11690406 417 2902875 417 1617492 417
11721825 418 2920574 418 1547137 418
11757837 419 2878680 419 1553045 419
11758826 420 2918338 420 1547010 420
11804864 421 2872584 421 1538623 421
11804704 422 2914689 422 1547319 422
11861938 423 2921584 423 1547320 423
11864022 424 2918786 424 1547023 424
11906759 425 2929259 425 1547551 425
11903719 426 2941124 426 1547399 426
11969770 427 2936413 427 1546995 427
11968377 428 2944759 428 1547138 428
12015151 429 2940458 429 1547025 429
12015884 430 2941645 430 1546955 430
12116620 431 2893100 431 1540356 431
12078280 432 2933527 432 1704696 432
12123736 433 2982168 433 1747065 433
12126868 434 3024783 434 1603472 434
12185818 435 3018251 435 1658197 435
20497022 436 3269098 436 1756360 436
15884795 437 4596832 437 2035167 437
14353553 438 2998236 438 1605655 438
12302922 439 2986153 439 1588694 439
12399117 440 2985571 440 1722009 440
12339854 441 3009112 441 1580576 441
12339192 442 3011460 442 1744597 442
12405162 443 3005115 443 1749830 443
12401940 444 3007546 444 1747595 444
12448571 445 3015563 445 1580289 445
12468645 446 3039709 446 1639555 446
12513514 447 3023459 447 1591802 447
12556045 448 3021190 448 1592982 448
12560273 449 3086636 449 1786393 449
12556841 450 3081956 450 1797646 450
12641530 451 3093504 451 1800053 451
12617809 452 3083203 452 1797377 452
12664129 453 3084746 453 1797635 453
12686363 454 3083606 454 1795015 454
12727172 455 3084509 455 1783649 455
12753497 456 3063863 456 1791315 456
12769783 457 3115601 457 1800853 457
12796211 458 3152694 458 1818218 458
12845200 459 3096178 459 1805920 459
12844193 460 3145545 460 1819648 460
12885809 461 3133343 461 1798005 461
12939268 462 3140880 462 1819736 462
12951279 463 3159184 463 1785709 463
12961953 464 3150220 464 1650711 464
12990287 465 3184334 465 1673213 465
12991028 466 3190451 466 1689340 466
13055526 467 3193815 467 1677386 467
13055583 468 3198894 468 1672262 468
13101394 469 3205075 469 1754257 469
13109329 470 3150796 470 1842067 470
13166423 471 3157351 471 1844450 471
13500546 472 3166852 472 1844314 472
13205582 473 3194593 473 1845685 473
13212657 474 3205200 474 1844693 474
13310516 475 3243884 475 1856869 475
13272273 476 3207109 476 1671942 476
13340626 477 3218178 477 1688902 477
15379056 478 3181875 478 1847503 478
13439393 479 3196168 479 1689222 479
13514108 480 3221586 480 1672011 480
13437602 481 3250556 481 1892278 481
13454664 482 3265685 482 1905666 482
13831006 483 3177668 483 1876514 483
14910096 484 3266570 484 1893306 484
13594381 485 3268053 485 2012757 485
13591844 486 3243645 486 1893215 486
13627349 487 3256430 487 1900324 487
13612508 488 3234943 488 1887314 488
13653019 489 3302997 489 1913516 489
13651948 490 3304211 490 1906151 490
13715832 491 3283821 491 1900967 491
13769975 492 3302121 492 1915059 492
13762662 493 3309606 493 1877283 493
13769235 494 3305485 494 1899346 494
13861766 495 3290390 495 1877232 495
13837245 496 3303075 496 1919808 496
13874686 497 3395532 497 1959634 497
13880532 498 3353821 498 1920667 498
13960930 499 3390503 499 1956919 499
13921097 500 3351702 500 1920973 500
13969860 501 3355670 501 1899693 501
13976650 502 3390523 502 1958526 502
14041073 503 3355295 503 1934527 503
14043046 504 3354680 504 1928473 504
14093733 505 3348956 505 1919710 505
14102001 506 3301638 506 1961495 506
14150197 507 3410004 507 1934193 507
14190464 508 3398374 508 1755056 508
14199505 509 3344575 509 1920132 509
14288215 510 3351685 510 1916899 510
14260972 511 3376832 511 1937482 511
14258677 512 3363365 512 1929396 512
14307550 513 3448495 513 1973357 513
14305042 514 3413561 514 1961487 514
14365115 515 3482133 515 1989515 515
14364907 516 3451667 516 1973317 516
14411408 517 3417768 517 1959510 517
14415421 518 3392332 518 1960977 518
14474438 519 3453842 519 1973219 519
14473479 520 3457176 520 1972091 520
14550120 521 3480814 521 1971414 521
14558437 522 3482991 522 1974077 522
14588284 523 3517109 523 1997795 523
14582898 524 3493535 524 1974359 524
14628497 525 3444637 525 1980926 525
14627736 526 3444560 526 1985073 526
14701789 527 3512966 527 1997208 527
14697065 528 3529001 528 1997275 528
14740187 529 3562791 529 1874976 529
14734535 530 3515654 530 2026297 530
14810356 531 3518194 531 2033181 531
14800418 532 3562739 532 1888923 532
14852145 533 3521204 533 1878047 533
14872607 534 3476810 534 2017086 534
14910476 535 3579669 535 1984779 535
14913318 536 3550222 536 2022050 536
15031102 537 3577434 537 1846185 537
15039570 538 3532983 538 2012773 538
15014906 539 3554656 539 1863313 539
15021770 540 3556088 540 1860810 540
15090479 541 3521873 541 2011770 541
15067952 542 3581105 542 1871919 542
15124183 543 3526962 543 2012062 543
15132525 544 3571607 544 1877627 544
15169869 545 3632489 545 1900973 545
15172869 546 3595609 546 1909696 546
15239281 547 3620586 547 1905021 547
15278343 548 3615929 548 2045298 548
15319144 549 3643755 549 1897617 549
15281134 550 3623191 550 2071065 550
15329282 551 3653232 551 1910091 551
22167151 552 3682385 552 2222401 552
16730135 553 3581389 553 2190899 553
16894496 554 3600008 554 2062535 554
15579184 555 3613516 555 2062404 555
15468667 556 3668888 556 2079256 556
15497008 557 3668582 557 2085912 557
15485498 558 3648842 558 2047194 558
15556663 559 3647740 559 2053944 559
15558749 560 3651807 560 1904854 560
17439133 561 3840378 561 1953648 561
15654202 562 3715590 562 1950896 562
15821692 563 3738792 563 2131987 563
15664544 564 3737607 564 2019624 564
15710590 565 3737764 565 1985516 565
15711039 566 3715942 566 2120563 566
15799163 567 3728853 567 2093119 567
15766367 568 3709747 568 1952766 568
15811557 569 3725051 569 1952473 569
15811668 570 3732012 570 1960849 570
15876614 571 3735064 571 1960977 571
15874870 572 3739200 572 2090691 572
15915131 573 3770936 573 2096050 573
15921028 574 3763743 574 1954636 574
16040704 575 3757677 575 1958399 575
15994574 576 3727012 576 2114928 576
16035147 577 3800501 577 2167026 577
16018347 578 3814264 578 2163295 578
16087814 579 3795113 579 2163362 579
16104129 580 3803601 580 2175195 580
16134862 581 3762186 581 2173973 581
16133170 582 3804110 582 2174374 582
16195493 583 3805552 583 2173986 583
16195429 584 3810523 584 2173335 584
16240275 585 3821218 585 2174456 585
16270338 586 3863896 586 1984947 586
16302922 587 3839531 587 2002289 587
16302707 588 3798024 588 2159339 588
16347285 589 3793426 589 2132491 589
16347207 590 3790896 590 2000795 590
16427516 591 3858441 591 1992868 591
16418834 592 3809542 592 2191647 592
16454367 593 3926501 593 2207746 593
16456712 594 3923887 594 2223364 594
16521663 595 3933276 595 2197652 595
16526637 596 3913173 596 2192379 596
16569457 597 3898824 597 2217204 597
16568949 598 3910109 598 2215284 598
16629741 599 3897809 599 2191040 599
16667420 600 3939209 600 2223120 600
16670904 601 3960676 601 2209751 601
16674555 602 3962170 602 2203696 602
16736018 603 3951407 603 2222636 603
16741304 604 3950830 604 2213301 604
16825485 605 3954630 605 2210550 605
16785709 606 3949474 606 2222543 606
16853807 607 3987950 607 2233866 607
16848176 608 3891455 608 2210100 608
16893305 609 3960243 609 2234597 609
16888862 610 3960093 610 2087837 610
16987315 611 3987884 611 2207533 611
16993825 612 4019631 612 2262490 612
16996285 613 4025260 613 2095766 613
16998200 614 4022725 614 2280252 614
17064322 615 4027337 615 2079367 615
17058031 616 4033361 616 2071980 616
17152557 617 4143078 617 2087897 617
17144736 618 4013725 618 2112633 618
17174655 619 4003642 619 2241746 619
17201653 620 4006084 620 2237301 620
17219195 621 3993568 621 2234284 621
17222081 622 3989584 622 2240970 622
17309525 623 3993801 623 2249414 623
17315634 624 4026849 624 2071353 624
17340250 625 4069446 625 2322091 625
17381642 626 4083880 626 2287011 626
17408501 627 4100412 627 2311951 627
17401653 628 4096255 628 2294765 628
17483190 629 4067688 629 2313042 629
17432156 630 4050203 630 2295311 630
17498486 631 4079054 631 2295323 631
17495191 632 4079257 632 2320495 632
17540686 633 4097627 633 2305849 633
17539391 634 4141059 634 2295302 634
17978517 635 4082842 635 2297610 635
17674806 636 4099716 636 2303767 636
17717559 637 4089431 637 2310054 637
17658825 638 4090498 638 2311943 638
17731362 639 4098382 639 2308464 639
17760003 640 4067361 640 2313050 640
17775724 641 4160992 641 2332622 641
17761505 642 4169814 642 2332648 642
17823598 643 4152081 643 2344076 643
17818770 644 4166929 644 2333340 644
17866676 645 4175426 645 2188978 645
17911839 646 4194300 646 2358098 646
17964986 647 4105800 647 2349531 647
17950393 648 4162515 648 2335391 648
17995472 649 4210076 649 2280395 649
23725091 650 4212139 650 2196139 650
18054735 651 4217280 651 2388946 651
18052313 652 4159408 652 2187035 652
18079334 653 4161019 653 2335258 653
18078882 654 4177639 654 2363165 654
18162170 655 4205021 655 2358044 655
18165683 656 4197603 656 2357758 656
18239935 657 4190671 657 2400360 657
18192363 658 4261578 658 2396132 658
18297994 659 4300596 659 2407666 659
18262523 660 4278111 660 2390358 660
18302400 661 4269433 661 2404502 661
18297708 662 4262946 662 2409560 662
18438274 663 4247537 663 2384056 663
18364798 664 4242302 664 2385186 664
18410700 665 4279214 665 2390877 665
18408583 666 4275721 666 2383965 666
18467944 667 4280285 667 2385391 667
18473758 668 4311592 668 2376068 668
18519255 669 4272048 669 2387555 669
18534721 670 4264225 670 2387305 670
18579297 671 4294040 671 2386714 671
18581318 672 4288808 672 2410216 672
18629560 673 4348481 673 2448837 673
18681958 674 4379728 674 2422402 674
18689415 675 4356827 675 2432071 675
18693754 676 4327382 676 2437190 676
18736781 677 4328775 677 2442426 677
19442401 678 4351295 678 2433691 678
18813756 679 4384258 679 2275313 679
18816243 680 4375049 680 2426548 680
18854841 681 4378309 681 2270948 681
18842505 682 4374897 682 2439117 682
18920728 683 4372042 683 2279090 683
18914503 684 4400584 684 2415765 684
19017390 685 4384354 685 2271181 685
18954090 686 4370912 686 2265583 686
19016988 687 4387060 687 2406104 687
19008577 688 4383290 688 2271138 688
19061916 689 4412829 689 2473925 689
19081647 690 4372926 690 2465867 690
19127248 691 4414965 691 2434291 691
19130933 692 4427601 692 2464847 692
19168338 693 4422338 693 2465050 693
19172488 694 4428793 694 2465120 694
19228436 695 4440242 695 2466058 695
19295638 696 4474368 696 2499490 696
19279306 697 4461852 697 2493003 697
19273123 698 4472109 698 2496957 698
19343487 699 4466360 699 2496781 699
19343799 700 4462041 700 2486029 700
19419573 701 4427104 701 2467538 701
19805671 702 4409786 702 2471784 702
19578528 703 4471561 703 2480285 703
19530680 704 4463143 704 2488027 704
19492459 705 4548536 705 2544832 705
19492537 706 4605038 706 2531822 706
19573476 707 4538006 707 2379366 707
19560538 708 4535515 708 2513792 708
19598014 709 4572023 709 2534743 709
19620147 710 4530766 710 2345717 710
19677214 711 4552082 711 2556123 711
19711149 712 4501114 712 2526863 712
19744717 713 4627227 713 2535529 713
19724582 714 4607474 714 2523421 714
19789296 715 4558049 715 2534557 715
19788189 716 4710744 716 2712505 716
19886619 717 4585802 717 2362243 717
19835611 718 4559163 718 2435587 718
19892112 719 4578337 719 2458801 719
19903568 720 4614129 720 2519814 720
19943492 721 4622163 721 2566202 721
19979486 722 4651225 722 2570622 722
20004500 723 4618968 723 2568093 723
20000679 724 4630071 724 2573509 724
20055653 725 4607249 725 2575322 725
20067925 726 4658121 726 2559904 726
20164473 727 4594781 727 2562564 727
20155244 728 4615420 728 2403860 728
20158738 729 4663920 729 2586547 729
20158143 730 4659365 730 2564463 730
20215033 731 4669696 731 2403813 731
20253861 732 4670722 732 2489608 732
20262012 733 4644659 733 2570935 733
20280432 734 4671919 734 2585459 734
20330090 735 4662236 735 2579785 735
27638835 736 5294972 736 2587005 736
22166059 737 4683371 737 2675978 737
20461085 738 4715783 738 2611495 738
20451855 739 4716499 739 2609098 739
20427209 740 4670235 740 2604742 740
20478227 741 4753738 741 2669325 741
20703464 742 4714862 742 2633003 742
20534444 743 4718726 743 2579944 743
20526780 744 4698540 744 2445184 744
20575424 745 4705698 745 2578334 745
20576310 746 4713256 746 2445157 746
20712485 747 4733029 747 2601167 747
20645320 748 4785252 748 2613686 748
20686238 749 4794257 749 2611614 749
20687820 750 4771976 750 2613389 750
20748102 751 4780486 751 2613395 751
20891887 752 4691512 752 2630574 752
20795181 753 4809572 753 2645839 753
20792693 754 4785341 754 2628310 754
20857553 755 4789592 755 2628024 755
20857033 756 4784700 756 2638937 756
20926060 757 4766241 757 2677010 757
20902718 758 4793522 758 2669126 758
20966819 759 4812835 759 2672871 759
20990473 760 4806854 760 2667473 760
21027009 761 4830847 761 2687384 761
21145803 762 4868096 762 2660228 762
23180632 763 4865303 763 2711688 763
21217560 764 4823875 764 2670587 764
21247298 765 4841386 765 2668002 765
21119157 766 4849620 766 2503212 766
21261803 767 4805137 767 2648609 767
21184543 768 4796603 768 2574916 768
21287455 769 4937721 769 2733122 769
21225503 770 4914954 770 2723739 770
21290476 771 4916015 771 2723656 771
21526345 772 4909974 772 2690664 772
21352008 773 4876489 773 2699850 773
21336321 774 4906542 774 2693916 774
21399336 775 4881365 775 2704538 775
21392850 776 4900700 776 2685747 776
21509496 777 4942738 777 2718093 777
21445059 778 4958704 778 2536928 778
21508831 779 4958765 779 2719699 779
21509187 780 4951597 780 2723885 780
21549586 781 5029145 781 2707994 781
21564474 782 4946803 782 2724710 782
21628463 783 4919688 783 2698011 783
21616199 784 4924125 784 2713345 784
21682583 785 5012329 785 2771924 785
21658026 786 4998712 786 2793900 786
21737698 787 4971109 787 2762005 787
21725076 788 4963983 788 2758859 788
21768376 789 4976625 789 2759176 789
21767270 790 4971273 790 2764217 790
21962165 791 4947523 791 2594618 791
21832210 792 5034569 792 2786945 792
21875697 793 4987197 793 2778082 793
21870461 794 4980690 794 2761794 794
21945001 795 4977506 795 2759158 795
22005147 796 4969910 796 2773392 796
21988794 797 4985372 797 2761748 797
21988273 798 4969799 798 2772924 798
22050451 799 4971407 799 2787063 799
22048112 800 4976359 800 2880093 800
22124671 801 5059003 801 2819145 801
22112239 802 5086864 802 2801410 802
22156142 803 5071448 803 2661444 803
22179105 804 5050991 804 2816511 804
22202506 805 5075005 805 2841546 805
22205706 806 5061783 806 2809303 806
22262645 807 5032077 807 2653234 807
22265763 808 5097701 808 2636532 808
22335979 809 5123957 809 2628199 809
22459723 810 5110306 810 2826050 810
22384191 811 5120328 811 2785930 811
22391534 812 5146247 812 2839893 812
29252630 813 5514876 813 2815569 813
25327148 814 5107710 814 2854936 814
22619414 815 5106438 815 2644981 815
22502451 816 5119174 816 2825135 816
22536961 817 5191813 817 2858342 817
22536338 818 5188989 818 2864059 818
22833547 819 5178417 819 3756848 819
23654241 820 5175674 820 2821301 820
22758134 821 5189437 821 2861727 821
22654051 822 5138883 822 2678265 822
22714503 823 5164558 823 2889291 823
22782352 824 5137950 824 2866492 824
22744443 825 5240259 825 2866903 825
22744580 826 5306089 826 2862897 826
22808405 827 5260521 827 2678662 827
23022331 828 5220980 828 2783051 828
22880641 829 5257810 829 3117953 829
22956399 830 5184141 830 2851646 830
22943985 831 5213140 831 2882801 831
22927731 832 5239084 832 2859761 832
23057088 833 5274524 833 2923821 833
22969026 834 5268404 834 2924919 834
23023973 835 5269444 835 2909832 835
23023000 836 5266313 836 2929187 836
23227618 837 5198766 837 2887033 837
23074101 838 5249394 838 2910975 838
23199674 839 5243189 839 2941456 839
23130351 840 5249238 840 2906296 840
23174708 841 5268099 841 2913361 841
23238107 842 5304709 842 2910763 842
23242143 843 5288955 843 2914262 843
23242090 844 5289489 844 2935813 844
23280163 845 5299834 845 2914603 845
23442769 846 5278565 846 2920711 846
23348440 847 5294877 847 2930664 847
23350087 848 5303638 848 2918084 848
23389587 849 5384586 849 2935228 849
23393190 850 5375300 850 2944665 850
23522700 851 5340665 851 2958312 851
23458208 852 5346329 852 2923705 852
23501222 853 5341290 853 2922007 853
23542117 854 5368407 854 2933631 854
23718243 855 5373726 855 2965380 855
23566352 856 5513205 856 2966523 856
23725769 857 5383433 857 2943643 857
23611369 858 5380619 858 2974070 858
23677176 859 5407124 859 2940145 859
23715888 860 5383193 860 2947540 860
23721750 861 5394771 861 2943521 861
23720927 862 5352794 862 2947948 862
23783245 863 5353568 863 2952662 863
23960714 864 5379817 864 2946907 864
23876537 865 5438281 865 3018330 865
23835799 866 5462135 866 2991999 866
23891878 867 5446476 867 3003411 867
23917984 868 5409313 868 3004253 868
23937317 869 5439948 869 3005583 869
23937585 870 5437886 870 3015985 870
23999829 871 5445964 871 3011125 871
24001501 872 5542739 872 3005617 872
24285365 873 5682985 873 3010467 873
24145983 874 5586700 874 3017804 874
24109947 875 5479463 875 3026141 875
24153760 876 5469041 876 3008213 876
24271141 877 5512023 877 2989071 877
24161109 878 5485957 878 3021459 878
24216428 879 5484449 879 3016240 879
24216268 880 5472940 880 3016968 880
24468874 881 5435326 881 3064131 881
24287039 882 5571732 882 3055020 882
24351934 883 5506987 883 3032664 883
31917018 884 5589348 884 3225287 884
26658044 885 5528096 885 3045829 885
24485992 886 5535550 886 3059263 886
24445428 887 5551495 887 3031906 887
24433375 888 5564501 888 3026369 888
24688593 889 5493755 889 3068958 889
24478033 890 5560223 890 3065126 890
24555746 891 5591680 891 3068398 891
24539890 892 5595639 892 3054008 892
24584192 893 5591796 893 3075914 893
24681542 894 5526480 894 3057241 894
24654210 895 5583115 895 3045771 895
24655150 896 5524666 896 3064636 896
24735285 897 5601390 897 3040890 897
24855713 898 5636859 898 3092169 898
24798513 899 5634075 899 3063088 899
24776008 900 5637762 900 3063692 900
24803083 901 5624040 901 3075533 901
24826983 902 5579588 902 3060209 902
25205630 903 5637936 903 3059945 903
24865375 904 5647309 904 3060372 904
24950238 905 5661375 905 3070828 905
25018048 906 5690890 906 3121579 906
24973221 907 5650628 907 3087979 907
24998265 908 5661522 908 3059977 908
25022746 909 5678605 909 3104998 909
25021228 910 5693843 910 3095748 910
25291441 911 5659503 911 3060908 911
25083557 912 5674130 912 3092539 912
25128276 913 5696210 913 3138292 913
25127005 914 5720482 914 3214955 914
25221628 915 5732370 915 3117644 915
25209536 916 5749976 916 3148725 916
25233897 917 5755335 917 3132085 917
25273394 918 5752719 918 3123148 918
25364683 919 5761108 919 3149868 919
25308913 920 5733097 920 3144531 920
25341709 921 5733099 921 3133206 921
25341871 922 5723162 922 3129100 922
25543639 923 5773933 923 3140469 923
25856477 924 5772031 924 3119766 924
25612533 925 5736356 925 3148858 925
25505871 926 5770945 926 3113680 926
25573597 927 5765620 927 3154164 927
25519682 928 5712175 928 3121933 928
25567443 929 5795066 929 3154431 929
25592010 930 5794323 930 3210755 930
25789009 931 5745681 931 3199635 931
25623198 932 5790624 932 3210008 932
25666987 933 5795960 933 3178661 933
25667788 934 5789880 934 3174341 934
25732023 935 5823738 935 3154377 935
25772058 936 5798102 936 3197192 936
25775715 937 5829583 937 3194268 937
25777683 938 5889116 938 3183933 938
25879977 939 5882954 939 3151728 939
25848085 940 5824556 940 3266350 940
25983154 941 5868198 941 3187874 941
25889187 942 5870870 942 3148086 942
25950568 943 5867324 943 3196799 943
25984254 944 5883984 944 3180171 944
25993009 945 5928390 945 3253161 945
25992253 946 5934054 946 3260127 946
26094490 947 5892963 947 3273689 947
26053386 948 5926018 948 3233002 948
26116403 949 5901831 949 3220283 949
32902699 950 6295312 950 3227676 950
31038664 951 5918297 951 3209173 951
26309038 952 5890369 952 3240182 952
26218340 953 5896102 953 3245393 953
26972059 954 5943876 954 3243003 954
26340170 955 5926915 955 3249502 955
26282051 956 5952747 956 3245286 956
26317903 957 5942273 957 3232934 957
26354003 958 5899137 958 3246534 958
26426781 959 5973168 959 3260655 959
26390425 960 5885970 960 3216480 960
26428680 961 5971293 961 3287996 961
26426312 962 6000543 962 3277094 962
26536325 963 6031031 963 3302549 963
26490641 964 6039644 964 3270407 964
26540347 965 5984395 965 3284362 965
26559729 966 6025467 966 3274651 966
26617034 967 6055801 967 3304190 967
26590734 968 6030028 968 3309892 968
26642564 969 6086649 969 3303292 969
26647859 970 6094364 970 3311117 970
26760987 971 6213361 971 4703648 971
27129880 972 6027243 972 3406092 972
26780036 973 6027323 973 3275058 973
26768364 974 6091890 974 3303243 974
26934377 975 6034518 975 3296194 975
26830304 976 6011018 976 3261085 976
26871145 977 6090423 977 3337333 977
26938945 978 6126914 978 3324320 978
27001536 979 6061599 979 3361887 979
26987247 980 6104778 980 3349905 980
26985304 981 6110270 981 3308890 981
26979924 982 6091835 982 3357505 982
27105423 983 6064952 983 3336422 983
27047713 984 6055763 984 3328705 984
27107890 985 6105616 985 3289509 985
27127890 986 6160928 986 3356472 986
27161583 987 6099051 987 3308730 987
27165688 988 6096793 988 3290422 988
27223908 989 6050522 989 3388750 989
27200233 990 6125576 990 3332627 990
27322971 991 6090803 991 3304323 991
27271512 992 6071242 992 3307579 992
27324298 993 6167496 993 3369689 993
27348415 994 6194589 994 3360411 994
27372371 995 6181784 995 3370219 995
27418246 996 6175959 996 3377905 996
27420979 997 6159802 997 3344023 997
27458572 998 6207895 998 3368256 998
27505600 999 6196814 999 3351580 999
27495228 1000 6171409 1000 3381658 1000
27540175 1001 6192043 1001 3365918 1001
27575740 1002 6216058 1002 3367877 1002
27609162 1003 6222521 1003 3359957 1003
27594042 1004 6164665 1004 3384281 1004
27631732 1005 6179706 1005 3340628 1005
27698588 1006 6199866 1006 3382155 1006
27712625 1007 6220594 1007 3344012 1007
27737347 1008 6265569 1008 3384929 1008
27770407 1009 6300827 1009 3429905 1009
27749677 1010 6269469 1010 3426409 1010
27818187 1011 6246350 1011 3428099 1011
36254706 1012 6245524 1012 3388672 1012
27881801 1013 6295818 1013 3423331 1013
27850435 1014 6253999 1014 3422308 1014
27912119 1015 6305168 1015 3425189 1015
27920788 1016 6253530 1016 3428339 1016
27987542 1017 6465635 1017 3547211 1017
33487616 1018 6335486 1018 3427695 1018
28132136 1019 6307525 1019 3420144 1019
28024218 1020 6311817 1020 3439378 1020
28119772 1021 6268903 1021 3365773 1021
28051619 1022 6210205 1022 3373297 1022
28118147 1023 6255235 1023 3421329 1023
28174840 1024 6294179 1024 3408609 1024
28162322 1025 6369302 1025 3463588 1025
28192248 1026 6359238 1026 3432657 1026
28221857 1027 6342026 1027 3478929 1027
28289016 1028 6271153 1028 3447834 1028
28285557 1029 6314265 1029 3469288 1029
28269072 1030 6363343 1030 3472423 1030
28335627 1031 6358196 1031 3454232 1031
28344361 1032 6348583 1032 3423514 1032
28418042 1033 6390625 1033 3468616 1033
28376506 1034 6383273 1034 3460874 1034
28479004 1035 6413599 1035 3476814 1035
28500542 1036 6364771 1036 3436738 1036
28497471 1037 6385090 1037 3453481 1037
28483060 1038 6388727 1038 3463868 1038
28606364 1039 6345186 1039 3447044 1039
28546699 1040 6496546 1040 3465891 1040
28608623 1041 6448672 1041 3517966 1041
28612031 1042 6400394 1042 3498982 1042
28708386 1043 6470977 1043 3503447 1043
28656290 1044 6461876 1044 3510828 1044
28698814 1045 6472769 1045 3496126 1045
28734746 1046 6471491 1046 3511299 1046
28770996 1047 6439633 1047 3511642 1047
28913324 1048 6434325 1048 3521454 1048
28859227 1049 6484353 1049 3515744 1049
28827033 1050 6523992 1050 3515739 1050
28877168 1051 6487581 1051 3499717 1051
28876353 1052 6484544 1052 3492202 1052
28937062 1053 6531831 1053 3535302 1053
31892266 1054 6566806 1054 3520305 1054
29135088 1055 6454639 1055 3539992 1055
28980197 1056 6557105 1056 3521959 1056
29024609 1057 6546699 1057 3559558 1057
29125663 1058 6546233 1058 3511863 1058
29112017 1059 6554693 1059 3566987 1059
29092034 1060 6548103 1060 3567557 1060
29217424 1061 6534123 1061 5170463 1061
29582293 1062 6670892 1062 3568874 1062
29568388 1063 6563027 1063 3564507 1063
29290444 1064 6533228 1064 3590139 1064
29426816 1065 6554393 1065 3559371 1065
29274647 1066 6556973 1066 3560952 1066
29334915 1067 6578497 1067 3569299 1067
29392368 1068 6557779 1068 3563524 1068
29376176 1069 6554351 1069 3536203 1069
29386850 1070 6624221 1070 10727487 1070
36931584 1071 7378283 1071 3561926 1071
29587627 1072 6585541 1072 3573557 1072
29462188 1073 6638831 1073 3580742 1073
29483768 1074 6642723 1074 3622738 1074
29539212 1075 6620375 1075 3627437 1075
29565592 1076 6560689 1076 3591146 1076
29573498 1077 6618820 1077 3613485 1077
29569059 1078 6625512 1078 3602113 1078
29669933 1079 6617982 1079 3614945 1079
29628863 1080 6661809 1080 3594659 1080
29686058 1081 6653082 1081 3600910 1081
29715822 1082 6633616 1082 3611334 1082
29742502 1083 6676581 1083 3564577 1083
29736338 1084 6686417 1084 3595678 1084
29788359 1085 6706899 1085 3570078 1085
29825195 1086 6662944 1086 3591965 1086
29855172 1087 6649631 1087 3598401 1087
29847730 1088 6647827 1088 3592391 1088
29976784 1089 6751467 1089 3652117 1089
30244862 1090 6689558 1090 3683080 1090
30132715 1091 6753233 1091 3646808 1091
29987863 1092 6701605 1092 3649570 1092
30089106 1093 6711170 1093 3661388 1093
30101419 1094 6741572 1094 3640480 1094
30088553 1095 6707323 1095 3616903 1095
30137472 1096 6688070 1096 3642502 1096
30133909 1097 6746249 1097 3662090 1097
30143686 1098 6744044 1098 3656168 1098
30189502 1099 6732718 1099 3651733 1099
30227000 1100 6740132 1100 3630415 1100
30234688 1101 6729553 1101 3670679 1101
30230692 1102 6749345 1102 3665036 1102
30341913 1103 6748024 1103 3641687 1103
30733287 1104 6742285 1104 3710508 1104
30847794 1105 6831828 1105 3681172 1105
30382604 1106 6768654 1106 3712406 1106
30482160 1107 6839585 1107 3696811 1107
30447482 1108 6794157 1108 3695538 1108
30464517 1109 6826971 1109 3689412 1109
30500394 1110 6797557 1110 3694632 1110
30527891 1111 6810265 1111 3666391 1111
30523370 1112 6794744 1112 3696735 1112
30573146 1113 6859338 1113 3682485 1113
30626792 1114 6845614 1114 3708201 1114
30618257 1115 6858544 1115 3712102 1115
30623400 1116 6820021 1116 3720895 1116
30682533 1117 6892901 1117 3696671 1117
30667652 1118 6859745 1118 3688379 1118
30747150 1119 6874831 1119 3679056 1119
30726510 1120 6856579 1120 3677754 1120
30819497 1121 6939493 1121 3747146 1121
30789756 1122 6897759 1122 3738840 1122
30848342 1123 6931427 1123 3734123 1123
30905174 1124 6930272 1124 3721950 1124
30947654 1125 6868561 1125 3763119 1125
37891721 1126 7397065 1126 3940254 1126
33711921 1127 7003146 1127 3739343 1127
31086584 1128 6955829 1128 3736269 1128
31010865 1129 6922067 1129 3741758 1129
31046212 1130 6939434 1130 3744802 1130
31071336 1131 6915324 1131 3743377 1131
31108905 1132 6952273 1132 3740683 1132
31125323 1133 6933323 1133 3748283 1133
31198014 1134 6913719 1134 3739711 1134
31163088 1135 6940606 1135 3722058 1135
31165360 1136 6964410 1136 3725350 1136
31267395 1137 6911626 1137 3767936 1137
31219886 1138 7014240 1138 3773019 1138
31327773 1139 7037681 1139 3743876 1139
31283217 1140 6992685 1140 3786982 1140
31376297 1141 6971197 1141 3779882 1141
31337719 1142 7042275 1142 3779775 1142
31382341 1143 6992906 1143 3796605 1143
31393171 1144 6994660 1144 3894057 1144
32120688 1145 7208152 1145 3755402 1145
31463139 1146 7052325 1146 3743450 1146
31551067 1147 7028180 1147 3779306 1147
31541939 1148 7000449 1148 3796787 1148
31581403 1149 7052505 1149 3776062 1149
31568869 1150 7069733 1150 3773212 1150
31615492 1151 7026779 1151 3765404 1151
31623575 1152 6991466 1152 3771442 1152
31655269 1153 7050429 1153 3820823 1153
31673718 1154 7096182 1154 3799927 1154
31726133 1155 7086179 1155 3833915 1155
31715327 1156 7109068 1156 3813968 1156
31814243 1157 7081231 1157 3831561 1157
31790506 1158 7127148 1158 3816634 1158
31878648 1159 7046488 1159 3812260 1159
31828958 1160 7036556 1160 3804731 1160
31923671 1161 7107889 1161 3846950 1161
31874354 1162 7150356 1162 3790330 1162
31937559 1163 7098401 1163 3865612 1163
31942386 1164 7101259 1164 3812359 1164
31962744 1165 7137123 1165 3832224 1165
31992321 1166 7093602 1166 3821779 1166
32044094 1167 7130246 1167 3820141 1167
32074198 1168 7129420 1168 3800110 1168
32085108 1169 7470113 1169 4213588 1169
32118620 1170 7183340 1170 3897309 1170
32171611 1171 7184899 1171 3898814 1171
32182961 1172 7152286 1172 3869958 1172
32202371 1173 7194194 1173 3868241 1173
32276364 1174 7079263 1174 3908985 1174
32249899 1175 7149571 1175 3891060 1175
32254512 1176 7165247 1176 3883961 1176
32343227 1177 7180586 1177 3882733 1177
32306220 1178 7165779 1178 3870290 1178
32395204 1179 13009952 1179 3881695 1179
32357795 1180 7215255 1180 3884776 1180
32430675 1181 7225450 1181 3889605 1181
32414454 1182 7284218 1182 3889815 1182
32475660 1183 7222341 1183 3875064 1183
34379245 1184 7560596 1184 4192534 1184
32722305 1185 7275721 1185 3945783 1185
32541191 1186 7177010 1186 3944165 1186
32669496 1187 7276060 1187 3929484 1187
32583067 1188 7280486 1188 3916786 1188
32630292 1189 7258000 1189 3951015 1189
32731672 1190 7264423 1190 3949332 1190
32703482 1191 7243482 1191 3940765 1191
32696232 1192 7303085 1192 3946296 1192
32743709 1193 7292565 1193 3935160 1193
32742865 1194 7275420 1194 3934145 1194
32789599 1195 7333187 1195 3929451 1195
32839215 1196 7320190 1196 3943556 1196
32868249 1197 7247331 1197 3888162 1197
32878416 1198 7320046 1198 3932184 1198
32911671 1199 7329600 1199 3897915 1199
32951421 1200 7327991 1200 3929129 1200
32955643 1201 7340642 1201 3951052 1201
32958023 1202 7365499 1202 3989513 1202
33032397 1203 7328414 1203 3969922 1203
33005725 1204 7391508 1204 3960959 1204
33067941 1205 7356359 1205 3973491 1205
33098338 1206 7287891 1206 3998976 1206
33144600 1207 7355774 1207 3993260 1207
33118048 1208 7371694 1208 3968023 1208
33185674 1209 7381367 1209 3987801 1209
33551360 1210 7400430 1210 3954800 1210
33277573 1211 7403896 1211 3972543 1211
33245217 1212 7373686 1212 3953209 1212
33331057 1213 7383546 1213 3981015 1213
33308636 1214 7387992 1214 3960672 1214
33378546 1215 7389601 1215 3967034 1215
33342663 1216 7363123 1216 3953207 1216
33409518 1217 7438639 1217 4047934 1217
33388551 1218 7472774 1218 4009500 1218
33488682 1219 7354938 1219 4006171 1219
33436543 1220 7435928 1220 4022959 1220
33497292 1221 7422907 1221 3986516 1221
33544787 1222 7476375 1222 4019637 1222
36248103 1223 7470734 1223 4160982 1223
33550602 1224 7462197 1224 4023242 1224
33616361 1225 7443361 1225 4052921 1225
33576374 1226 7541593 1226 4020222 1226
33638209 1227 7517748 1227 4011454 1227
33672579 1228 7461085 1228 4031865 1228
33697432 1229 7442159 1229 4002056 1229
33722893 1230 7481811 1230 10059455 1230
37973496 1231 7482936 1231 4036637 1231
33911591 1232 7496169 1232 4019992 1232
33812784 1233 7513034 1233 4058430 1233
33851253 1234 7546106 1234 4050217 1234
33861308 1235 7488835 1235 4040769 1235
33897058 1236 7515863 1236 4066141 1236
33906624 1237 7514734 1237 4018766 1237
33987023 1238 7519444 1238 4040699 1238
33987251 1239 7542568 1239 4070890 1239
33995830 1240 7515770 1240 4071971 1240
34035689 1241 7578504 1241 4031913 1241
34046761 1242 7587821 1242 4038270 1242
34072754 1243 7585100 1243 4053861 1243
34123303 1244 7564291 1244 4042815 1244
34123229 1245 7589018 1245 4034704 1245
34118096 1246 7607067 1246 4034432 1246
34229080 1247 7562039 1247 4047847 1247
34211955 1248 7552295 1248 4067155 1248
34259972 1249 7629368 1249 4115304 1249
34267625 1250 7650138 1250 4115491 1250
34317000 1251 7619134 1251 4127189 1251
34319406 1252 7630602 1252 4116259 1252
34414880 1253 7671581 1253 4125657 1253
34383415 1254 7635286 1254 4138079 1254
34465022 1255 7607965 1255 4138763 1255
34429341 1256 7579170 1256 4139781 1256
34536537 1257 7607022 1257 4110878 1257
34475062 1258 7673148 1258 4100419 1258
34574103 1259 7684947 1259 4119823 1259
36701224 1260 7889422 1260 4097081 1260
34725426 1261 7634046 1261 4115167 1261
34553298 1262 7660276 1262 4146727 1262
34650779 1263 7602881 1263 4106277 1263
34617018 1264 7615222 1264 4106576 1264
34696351 1265 7719601 1265 4143704 1265
34687253 1266 7751343 1266 4156576 1266
34765730 1267 7721741 1267 4174928 1267
34724414 1268 7728618 1268 4141264 1268
34843921 1269 7707274 1269 4141185 1269
34787649 1270 7737721 1270 4130895 1270
34869766 1271 7730823 1271 4159871 1271
34845386 1272 7729756 1272 4122877 1272
34906250 1273 7786790 1273 4131278 1273
34878848 1274 7781606 1274 4144154 1274
35013559 1275 7751415 1275 4169535 1275
34971622 1276 7706323 1276 4123565 1276
35017518 1277 7715121 1277 4105077 1277
35014493 1278 7766490 1278 4141496 1278
35079406 1279 7762896 1279 4113285 1279
39879745 1280 7759180 1280 4147326 1280
35138543 1281 7821008 1281 4203663 1281
35096539 1282 7835152 1282 4186356 1282
35191845 1283 7798099 1283 4178788 1283
35238925 1284 7856565 1284 4192814 1284
35273764 1285 7833502 1285 4217412 1285
35200891 1286 7826849 1286 4185260 1286
35329255 1287 7784527 1287 4195328 1287
35263381 1288 7791907 1288 4222589 1288
35346803 1289 7848753 1289 4220294 1289
35337588 1290 7828401 1290 4197303 1290
35416519 1291 7846100 1291 4205296 1291
35384176 1292 7838994 1292 4219192 1292
35478240 1293 7841343 1293 4221488 1293
35424250 1294 7856874 1294 4186378 1294
35516105 1295 7797845 1295 4217172 1295
35508714 1296 7864841 1296 4217123 1296
35627783 1297 7884326 1297 4257965 1297
35533340 1298 7874868 1298 4248984 1298
35677588 1299 7864428 1299 4196031 1299
35610144 1300 7914304 1300 4246066 1300
35673635 1301 7876731 1301 4219603 1301
35663479 1302 7895655 1302 4230068 1302
35744170 1303 7872263 1303 4238462 1303
35700579 1304 7875413 1304 4190326 1304
35795316 1305 7936803 1305 4245668 1305
35744254 1306 7938408 1306 4249298 1306
35839163 1307 7947478 1307 4249824 1307
35826983 1308 7921177 1308 4267321 1308
35890990 1309 7954552 1309 4251428 1309
35855391 1310 7921476 1310 4252710 1310
35948622 1311 7921862 1311 4256398 1311
35915555 1312 7907984 1312 4235365 1312
35995234 1313 7994183 1313 4296694 1313
36006983 1314 7983352 1314 4293911 1314
36062787 1315 8025819 1315 4270404 1315
36021937 1316 8022189 1316 4314000 1316
36082354 1317 7969380 1317 4275013 1317
36095518 1318 7977154 1318 4311066 1318
36160616 1319 8029528 1319 4270613 1319
36134004 1320 7982545 1320 4314501 1320
36273400 1321 7977274 1321 4296241 1321
36199162 1322 8039100 1322 4271017 1322
36264568 1323 8022651 1323 4290120 1323
36243736 1324 8024747 1324 4298200 1324
36330739 1325 7960573 1325 4294641 1325
36287858 1326 8012405 1326 4292651 1326
42732252 1327 8488944 1327 4306791 1327
38985635 1328 8082644 1328 4419417 1328
36474551 1329 8016237 1329 4349930 1329
36456851 1330 8086327 1330 4341383 1330
36521051 1331 8092827 1331 4317063 1331
36484490 1332 8113101 1332 4333748 1332
36531181 1333 8058349 1333 4309890 1333
36585726 1334 8104086 1334 4326562 1334
36630090 1335 8093939 1335 4316975 1335
36652408 1336 8097890 1336 4344704 1336
36668909 1337 8100463 1337 4339108 1337
36678332 1338 8157798 1338 4331915 1338
36693754 1339 8104191 1339 4328827 1339
36744804 1340 8095229 1340 4355894 1340
36732032 1341 8143169 1341 4338896 1341
36790935 1342 8099032 1342 4353544 1342
36953355 1343 8061524 1343 4316848 1343
36858508 1344 8097682 1344 4322693 1344
36863604 1345 8204109 1345 4377475 1345
36949189 1346 8156906 1346 4402379 1346
36917857 1347 8168842 1347 4384520 1347
36953353 1348 8180221 1348 4383970 1348
36961276 1349 8163232 1349 4402456 1349
37011945 1350 8196566 1350 4393739 1350
37042946 1351 8196961 1351 4416781 1351
37024615 1352 8165809 1352 4389755 1352
37832581 1353 8224487 1353 4395577 1353
37101977 1354 8190951 1354 4385689 1354
37133123 1355 8243253 1355 4393141 1355
37136429 1356 8176512 1356 4392358 1356
37226821 1357 8253456 1357 4385618 1357
37195489 1358 8195949 1358 4394242 1358
37292405 1359 8226927 1359 4409891 1359
37258635 1360 8170600 1360 4374248 1360
37327117 1361 8256058 1361 4449272 1361
37290324 1362 8270089 1362 4447096 1362
37392484 1363 8271363 1363 4402072 1363
37353017 1364 8269118 1364 4439388 1364
37429882 1365 8255335 1365 4422573 1365
37399853 1366 8240343 1366 4450944 1366
37499411 1367 8274424 1367 4422849 1367
37458112 1368 8274475 1368 4402098 1368
37561035 1369 8306029 1369 4433538 1369
37504621 1370 8260162 1370 4432393 1370
37583461 1371 8317018 1371 4439925 1371
37606777 1372 8297529 1372 4414926 1372
43750102 1373 11889827 1373 6540306 1373
43507312 1374 8373106 1374 4314772 1374
37668388 1375 8283716 1375 4448259 1375
37687138 1376 8303427 1376 4406658 1376
37770951 1377 8366896 1377 4468892 1377
37747602 1378 8354432 1378 4459378 1378
37806223 1379 8347752 1379 4471875 1379
37789020 1380 8334377 1380 4460807 1380
37800449 1381 8373055 1381 4444027 1381
37811194 1382 8384739 1382 4488461 1382
37865493 1383 8341266 1383 4503481 1383
37879868 1384 8338014 1384 4484920 1384
37941084 1385 8288480 1385 4494120 1385
37935002 1386 8418935 1386 4461950 1386
38035120 1387 8384346 1387 4478256 1387
37981663 1388 8531660 1388 4461077 1388
38047456 1389 8382142 1389 4483145 1389
38018064 1390 8361097 1390 4498235 1390
38109315 1391 8347767 1391 4460058 1391
38105433 1392 8435685 1392 4462321 1392
38161844 1393 8437739 1393 4567331 1393
38127872 1394 8438800 1394 4526317 1394
38225010 1395 8424289 1395 4523624 1395
38198976 1396 8472569 1396 4542504 1396
38237195 1397 8437990 1397 4532349 1397
38267261 1398 8494491 1398 4484981 1398
38306136 1399 8433295 1399 4556588 1399
38537594 1400 8486180 1400 4520884 1400
38345837 1401 8469633 1401 4506573 1401
38395433 1402 8458473 1402 4511038 1402
38407670 1403 8465797 1403 4507695 1403
38448833 1404 8483785 1404 4477770 1404
38455895 1405 8427502 1405 4510230 1405
38497835 1406 8435291 1406 4503987 1406
38530849 1407 8416988 1407 4496143 1407
38541013 1408 8432360 1408 4542656 1408
38563807 1409 8547721 1409 4574464 1409
38567749 1410 8533331 1410 4560237 1410
38633884 1411 8534309 1411 4602679 1411
38624871 1412 8559443 1412 4582498 1412
38709944 1413 8532940 1413 4576187 1413
38687974 1414 8523575 1414 4585759 1414
38771587 1415 8523635 1415 4575843 1415
38732647 1416 8516339 1416 4581455 1416
38809255 1417 13976083 1417 5547032 1417
46896659 1418 8609532 1418 4580219 1418
38954321 1419 8557986 1419 4585697 1419
38886354 1420 8583113 1420 4549603 1420
38885181 1421 8575516 1421 4583572 1421
38926489 1422 8586688 1422 4560229 1422
38952670 1423 8578478 1423 4574945 1423
38975979 1424 8585020 1424 4546267 1424
38994804 1425 8608620 1425 4633207 1425
38993849 1426 8621102 1426 4612572 1426
39107117 1427 8617351 1427 4611889 1427
39895424 1428 8604641 1428 4612299 1428
39115105 1429 8541137 1429 4611821 1429
39108163 1430 8630065 1430 4625652 1430
39197903 1431 8603529 1431 4622504 1431
39225446 1432 8599833 1432 4631990 1432
39261630 1433 8637407 1433 4628979 1433
39509198 1434 8628168 1434 4626017 1434
39325537 1435 8631301 1435 4609111 1435
39275700 1436 8695723 1436 4608332 1436
39324747 1437 8708429 1437 4625015 1437
39320656 1438 8666215 1438 4609756 1438
39395042 1439 8677062 1439 4606281 1439
39411549 1440 8618925 1440 4613297 1440
39477850 1441 8708999 1441 4674641 1441
39482700 1442 8737631 1442 4659882 1442
39558431 1443 8748536 1443 4647844 1443
39501000 1444 8783189 1444 4618949 1444
39536736 1445 8760741 1445 4659782 1445
39558296 1446 8740248 1446 4666563 1446
39630729 1447 8708932 1447 4641863 1447
39602315 1448 8708668 1448 4683203 1448
39640134 1449 8761217 1449 4655519 1449
39640143 1450 8692726 1450 4677568 1450
39737139 1451 8733752 1451 4672265 1451
39708156 1452 8776662 1452 4649993 1452
39790951 1453 8764602 1453 4654696 1453
39951048 1454 8766494 1454 4675417 1454
39876010 1455 8760092 1455 4674395 1455
39817105 1456 8815083 1456 4660045 1456
39864269 1457 8840811 1457 4691971 1457
39897437 1458 8812304 1458 4705669 1458
39920886 1459 8796502 1459 4687923 1459
39941849 1460 8805013 1460 9940956 1460
39977421 1461 8790293 1461 4701917 1461
40003156 1462 8794630 1462 4698664 1462
40064479 1463 8793508 1463 4706553 1463
40034397 1464 8802318 1464 4712305 1464
40082974 1465 8855173 1465 4699653 1465
40075599 1466 8908136 1466 4695045 1466
40162136 1467 8866776 1467 4723839 1467
40171322 1468 8816313 1468 4704234 1468
40192524 1469 8815553 1469 4718083 1469
40184667 1470 8817502 1470 4706343 1470
40293048 1471 8818808 1471 4696722 1471
40285432 1472 8833480 1472 4709185 1472
40331805 1473 8883819 1473 4734470 1473
40350776 1474 8896751 1474 4750332 1474
40363994 1475 8876345 1475 4749278 1475
40376169 1476 8903234 1476 4742220 1476
40397813 1477 8955931 1477 4780477 1477
40428336 1478 8947902 1478 4760104 1478
40480352 1479 8881899 1479 4718045 1479
40464151 1480 8902898 1480 4740794 1480
40562185 1481 8916832 1481 4776220 1481
40529366 1482 8897501 1482 4768227 1482
40603392 1483 8923511 1483 4730999 1483
40570097 1484 8933648 1484 4760017 1484
40616618 1485 8902581 1485 4730833 1485
40621851 1486 8857115 1486 4776129 1486
40719117 1487 8931748 1487 4753690 1487
40702453 1488 8895157 1488 4736520 1488
40725100 1489 8961293 1489 4777007 1489
40748520 1490 8970522 1490 5053431 1490
40850524 1491 8982677 1491 4768825 1491
40805222 1492 8957190 1492 4806748 1492
40832428 1493 8995777 1493 4777105 1493
40871523 1494 9018291 1494 4789282 1494
40937998 1495 8964192 1495 4777111 1495
40902070 1496 8964917 1496 4787177 1496
40955194 1497 8999548 1497 4798137 1497
40945693 1498 9012978 1498 4814525 1498
41048568 1499 8966882 1499 4810592 1499
41029435 1500 9013462 1500 4773753 1500
41056970 1501 8983586 1501 4802875 1501
41067173 1502 9018892 1502 4797980 1502
46380610 1503 9091163 1503 4789237 1503
41156578 1504 8978628 1504 4773702 1504
41175593 1505 9076501 1505 4857215 1505
41162405 1506 9081980 1506 4839359 1506
41291347 1507 9099634 1507 4857548 1507
41267170 1508 9102712 1508 4864396 1508
41307130 1509 9074246 1509 4846332 1509
41274225 1510 9096923 1510 4834462 1510
41333077 1511 9094432 1511 4852301 1511
41330460 1512 9099362 1512 4847238 1512
41384662 1513 9187875 1513 4859333 1513
41413472 1514 9100530 1514 4821010 1514
42198068 1515 9157107 1515 4851053 1515
41463055 1516 9110251 1516 4862195 1516
41481385 1517 9110654 1517 4840288 1517
41503953 1518 9084515 1518 4838311 1518
41578562 1519 9137248 1519 4858214 1519
41604905 1520 9110918 1520 4841546 1520
41615538 1521 9155801 1521 4908800 1521
41596043 1522 9174208 1522 4878162 1522
41671931 1523 9160953 1523 4925410 1523
41660615 1524 9181662 1524 4920346 1524
41697458 1525 9166958 1525 4936309 1525
41713742 1526 9158973 1526 4898789 1526
41763333 1527 9163581 1527 4868823 1527
41798618 1528 9174452 1528 4859688 1528
41812666 1529 9222463 1529 4913493 1529
41812813 1530 9152464 1530 4908800 1530
41890120 1531 9208023 1531 4885236 1531
41880794 1532 9203434 1532 4859359 1532
41970343 1533 9188034 1533 4886301 1533
41933821 1534 9189001 1534 4895055 1534
42006658 1535 9213138 1535 4895245 1535
41996633 1536 9171286 1536 4927176 1536
42024402 1537 9247196 1537 4963491 1537
42237544 1538 9314475 1538 4914915 1538
42109846 1539 9268987 1539 4910269 1539
42113697 1540 9247602 1540 4977080 1540
42153233 1541 9261679 1541 4914649 1541
42140773 1542 9268078 1542 4957301 1542
42217660 1543 9270579 1543 4958330 1543
47913964 1544 9259032 1544 4963541 1544
42265385 1545 9327934 1545 4957066 1545
42291996 1546 9285324 1546 4957111 1546
42317913 1547 9295263 1547 4944961 1547
42320773 1548 9286224 1548 4957924 1548
42357763 1549 9289965 1549 4910255 1549
42409932 1550 9281461 1550 4959129 1550
42435052 1551 9284035 1551 4956841 1551
42419838 1552 9291175 1552 4913112 1552
42466314 1553 9319802 1553 4958678 1553
42463894 1554 9333638 1554 4958738 1554
42558293 1555 9422751 1555 4937458 1555
42542155 1556 9336158 1556 4993051 1556
42571583 1557 9474109 1557 5104111 1557
42701887 1558 9365161 1558 4981548 1558
42671512 1559 9343399 1559 4980469 1559
42664193 1560 9338419 1560 5016911 1560
42698420 1561 9381533 1561 5015801 1561
42678687 1562 9399690 1562 4937966 1562
42743523 1563 9405481 1563 4971630 1563
42740323 1564 9391988 1564 4958801 1564
42812042 1565 9380445 1565 4962000 1565
42801866 1566 9380656 1566 4979516 1566
42849574 1567 9352819 1567 4976319 1567
42849388 1568 9388213 1568 4982587 1568
42902186 1569 9441128 1569 5018037 1569
42920624 1570 9436720 1570 5056643 1570
43004292 1571 9428376 1571 5032181 1571
42967182 1572 9440118 1572 5046342 1572
43004420 1573 9493894 1573 5030397 1573
43000457 1574 9446187 1574 4993868 1574
43100134 1575 9435950 1575 5048161 1575
43090089 1576 9430666 1576 5034457 1576
43115510 1577 9476948 1577 5009424 1577
43116030 1578 9534727 1578 5038211 1578
43176564 1579 9514532 1579 5025724 1579
43202245 1580 9469988 1580 5051674 1580
43237207 1581 9469603 1581 5037926 1581
43224276 1582 9482971 1582 5046015 1582
43373910 1583 9453750 1583 10314114 1583
56635638 1584 9484507 1584 5013766 1584
43454708 1585 9567699 1585 5091609 1585
43356036 1586 9546004 1586 5078249 1586
43399210 1587 9513093 1587 5090728 1587
43406771 1588 9536304 1588 5117721 1588
43463010 1589 9521926 1589 5037036 1589
43432496 1590 9522652 1590 5058100 1590
43508942 1591 9590402 1591 5070239 1591
43502131 1592 9590178 1592 5070623 1592
43556316 1593 9626560 1593 5073029 1593
43572437 1594 9567368 1594 5099113 1594
43646043 1595 9561167 1595 5070233 1595
43615507 1596 9627584 1596 5087807 1596
43719921 1597 9550046 1597 5049611 1597
43684533 1598 9581947 1598 5076316 1598
43755564 1599 9531267 1599 5115764 1599
43714013 1600 9599886 1600 5080853 1600
43752451 1601 9679782 1601 5143089 1601
43765764 1602 9639902 1602 5133320 1602
43856456 1603 9638452 1603 5145680 1603
43852526 1604 9613393 1604 5131106 1604
43884640 1605 9625369 1605 5130442 1605
43893855 1606 9650884 1606 5090775 1606
44011190 1607 9664023 1607 5156733 1607
44525208 1608 9676553 1608 5127524 1608
44013052 1609 9635006 1609 5124810 1609
44000770 1610 9640513 1610 5095968 1610
44044040 1611 9638425 1611 5098921 1611
44045960 1612 9651559 1612 5099851 1612
44087220 1613 9655147 1613 5117716 1613
44111781 1614 9632017 1614 5100563 1614
44162481 1615 9663323 1615 5136816 1615
44153561 1616 9626391 1616 5147628 1616
44225607 1617 9697396 1617 5170620 1617
44197340 1618 9675261 1618 5167647 1618
44285086 1619 9692282 1619 5178754 1619
44296439 1620 9714768 1620 5181755 1620
44307912 1621 9696579 1621 5172928 1621
44335564 1622 14939606 1622 5114816 1622
44369692 1623 9755163 1623 5170908 1623
44361498 1624 9725732 1624 5150675 1624
44428459 1625 9781817 1625 5166190 1625
44433382 1626 9815487 1626 5167578 1626
44491211 1627 9756311 1627 5169778 1627
44499966 1628 9816178 1628 5165727 1628
44520127 1629 9779466 1629 5156664 1629
44522311 1630 9732781 1630 5137296 1630
44586493 1631 9721420 1631 5165270 1631
45209409 1632 9753905 1632 5176414 1632
44646730 1633 9802247 1633 5228747 1633
44639673 1634 9814974 1634 5207840 1634
44692133 1635 9866726 1635 5209798 1635
44689834 1636 9809011 1636 5170836 1636
44783191 1637 9844862 1637 5212470 1637
44806162 1638 9810435 1638 5238245 1638
44837352 1639 9806966 1639 5174210 1639
44828092 1640 9822689 1640 5244630 1640
44898475 1641 9828446 1641 5225043 1641
44872250 1642 9842792 1642 5219774 1642
44937259 1643 9858717 1643 5182469 1643
44983169 1644 9864943 1644 5224992 1644
44990423 1645 9867435 1645 5221649 1645
44993302 1646 9822850 1646 5241833 1646
45067152 1647 9791042 1647 5239572 1647
45069902 1648 9819886 1648 5215967 1648
45091759 1649 9958235 1649 5262146 1649
45091820 1650 9910041 1650 5267611 1650
45164506 1651 9925926 1651 5251350 1651
45172771 1652 9957682 1652 5238558 1652
45211981 1653 9918911 1653 5243297 1653
45190069 1654 9903116 1654 5254802 1654
45446860 1655 9895674 1655 5289868 1655
45294918 1656 9907358 1656 5272630 1656
45358344 1657 9919164 1657 5234677 1657
45324467 1658 9928644 1658 5266481 1658
45367509 1659 9927049 1659 5237594 1659
45413129 1660 12822080 1660 5823264 1660
48238213 1661 9966407 1661 5372296 1661
46203165 1662 9915943 1662 5280511 1662
45497539 1663 9948915 1663 5247130 1663
45479371 1664 9924417 1664 5249764 1664
45537973 1665 10000166 1665 5303321 1665
45553465 1666 9996680 1666 5269947 1666
45623036 1667 10030099 1667 5284612 1667
45591484 1668 10012965 1668 5324874 1668
45631023 1669 10030766 1669 5295048 1669
45632663 1670 10043678 1670 5314492 1670
45715118 1671 9998870 1671 5289496 1671
45731788 1672 10019743 1672 5310809 1672
45738728 1673 10040789 1673 5309918 1673
45766847 1674 10012443 1674 5324573 1674
45800519 1675 10061674 1675 5290443 1675
45818219 1676 9996950 1676 5297698 1676
45875664 1677 9992176 1677 5324726 1677
45862382 1678 10017671 1678 5291119 1678
45978886 1679 10037923 1679 5313349 1679
46027916 1680 9994197 1680 5309498 1680
45970504 1681 10060479 1681 5353111 1681
45953201 1682 10083938 1682 5359787 1682
46070803 1683 10094613 1683 5344941 1683
46045836 1684 10117182 1684 5344965 1684
46090415 1685 10099542 1685 5349207 1685
46078100 1686 10117557 1686 5345885 1686
46154261 1687 10099099 1687 5349722 1687
46141651 1688 10092423 1688 5359193 1688
46171529 1689 10142891 1689 5344892 1689
46171346 1690 10107625 1690 5346265 1690
46315926 1691 10201420 1691 5332847 1691
46259385 1692 10085095 1692 5365630 1692
46318321 1693 10113532 1693 5348942 1693
46309571 1694 10146366 1694 5348558 1694
46356517 1695 10155277 1695 5359885 1695
46345416 1696 10113250 1696 5372858 1696
46389268 1697 10158211 1697 5417928 1697
51507922 1698 10157973 1698 5390596 1698
46493259 1699 10180114 1699 5414375 1699
46476405 1700 10179764 1700 5403805 1700
46576400 1701 10181961 1701 5398226 1701
46724767 1702 10186210 1702 5400975 1702
46629188 1703 10173565 1703 5415151 1703
46560037 1704 10187653 1704 5416949 1704
46609240 1705 10252555 1705 5396260 1705
46623259 1706 10188493 1706 5370674 1706
46812802 1707 10199319 1707 5396781 1707
46990421 1708 10312932 1708 5393144 1708
46759305 1709 10228439 1709 5409748 1709
46725147 1710 10177468 1710 5410851 1710
46904977 1711 10113812 1711 5419026 1711
46778057 1712 10229132 1712 5404695 1712
46853010 1713 10291996 1713 5464489 1713
46870040 1714 10301164 1714 5420694 1714
46901951 1715 10309979 1715 5433733 1715
47029496 1716 10242922 1716 5437212 1716
46976730 1717 10243408 1717 5442826 1717
46963577 1718 10254293 1718 5454875 1718
46998056 1719 10237068 1719 5458159 1719
46993421 1720 10355681 1720 5450958 1720
47047298 1721 10276439 1721 5443873 1721
47069537 1722 10275548 1722 5407743 1722
47114972 1723 10335751 1723 5445528 1723
47115620 1724 10266179 1724 5438357 1724
47304095 1725 10343283 1725 5443450 1725
47227795 1726 10312826 1726 5434090 1726
47230616 1727 10267902 1727 5459135 1727
47211426 1728 10268174 1728 5432949 1728
47299855 1729 11397588 1729 5542706 1729
47603066 1730 10353599 1730 5505245 1730
47413005 1731 10369591 1731 5505186 1731
47338928 1732 10393241 1732 5523136 1732
47378098 1733 10316857 1733 5466498 1733
52921121 1734 10407992 1734 5498665 1734
47473347 1735 10359198 1735 5491806 1735
47491669 1736 10383251 1736 5488051 1736
47497195 1737 10365300 1737 5503935 1737
47482977 1738 10377799 1738 5576425 1738
47543725 1739 10365466 1739 5485120 1739
47604160 1740 10388265 1740 5462521 1740
47596099 1741 10477754 1741 5477949 1741
47594373 1742 10452780 1742 5484251 1742
47779052 1743 10361135 1743 5511213 1743
47714174 1744 10446496 1744 5474866 1744
47703051 1745 10417231 1745 5518836 1745
47691883 1746 10541567 1746 5572061 1746
47778544 1747 10465671 1747 5650553 1747
47847079 1748 10448539 1748 5548281 1748
47869013 1749 10440626 1749 5504945 1749
47821319 1750 10450917 1750 5532380 1750
47861479 1751 10489417 1751 5530157 1751
48009053 1752 10430839 1752 5509695 1752
47947716 1753 10441443 1753 5570524 1753
47922404 1754 10465622 1754 5523249 1754
47968081 1755 10494277 1755 5530136 1755
47968080 1756 10481782 1756 5624192 1756
48043362 1757 10462254 1757 5511766 1757
48052189 1758 10526505 1758 5528712 1758
48135540 1759 10501638 1759 5527413 1759
48099053 1760 10478551 1760 5543312 1760
48258194 1761 10541614 1761 5596507 1761
48167209 1762 10528186 1762 5547378 1762
48213425 1763 10522380 1763 5592466 1763
48184726 1764 10645223 1764 5572731 1764
48261403 1765 10656608 1765 5607403 1765
48235853 1766 10576438 1766 5612934 1766
48311500 1767 10527352 1767 5617112 1767
48297201 1768 10523859 1768 5583937 1768
48339177 1769 10558136 1769 5585819 1769
56631990 1770 13350444 1770 5605081 1770
48597760 1771 10617672 1771 5581402 1771
48456779 1772 10589082 1772 5602657 1772
48481181 1773 10498573 1773 5605601 1773
48514146 1774 10677891 1774 5572101 1774
48544351 1775 10600759 1775 5566501 1775
48534085 1776 10626973 1776 5593424 1776
48553116 1777 10630452 1777 5605534 1777
48569291 1778 10665843 1778 5627727 1778
48624252 1779 10600941 1779 5621833 1779
48645662 1780 10625379 1780 5611443 1780
48717887 1781 10699861 1781 5587631 1781
48708620 1782 10664472 1782 5572842 1782
48774567 1783 10634602 1783 5645862 1783
48784108 1784 10624228 1784 5584861 1784
48789437 1785 10676682 1785 5632414 1785
48781825 1786 10603234 1786 5626750 1786
48849088 1787 10649190 1787 5612429 1787
48841483 1788 10674211 1788 5649467 1788
48878971 1789 10640076 1789 5633085 1789
48895366 1790 10678138 1790 5621775 1790
49032564 1791 10663419 1791 5630589 1791
49058017 1792 10591640 1792 5632341 1792
49043343 1793 10736420 1793 5675086 1793
49050190 1794 10723616 1794 5661842 1794
49072733 1795 10694938 1795 5689810 1795
49093681 1796 10727662 1796 5677429 1796
49135535 1797 10724432 1797 5670792 1797
49903371 1798 10713315 1798 5676390 1798
49164947 1799 10714545 1799 5676439 1799
49160301 1800 10724156 1800 5709813 1800
49221693 1801 10759300 1801 5660587 1801
49228331 1802 10788470 1802 5677761 1802
49295986 1803 10792209 1803 5676914 1803
49292928 1804 10751509 1804 5675387 1804
59548783 1805 13630191 1805 5698246 1805
49445422 1806 10752556 1806 5702082 1806
49409945 1807 10812655 1807 5657126 1807
49368239 1808 10812950 1808 5694640 1808
49416071 1809 10782159 1809 5716596 1809
49394860 1810 10808120 1810 5736241 1810
49478556 1811 10838141 1811 5691417 1811
49459548 1812 10829727 1812 5722637 1812
49499820 1813 10831271 1813 5738668 1813
49577909 1814 10822105 1814 5727963 1814
49570515 1815 10840492 1815 5723918 1815
49567323 1816 10829538 1816 5731684 1816
49622272 1817 10825306 1817 5749699 1817
49675668 1818 10842097 1818 5689723 1818
49690985 1819 10832884 1819 5708991 1819
49687383 1820 10843225 1820 5743301 1820
49728122 1821 10821621 1821 5731412 1821
49748309 1822 10878980 1822 5729459 1822
49789719 1823 10840328 1823 5721758 1823
49799790 1824 10831685 1824 5690180 1824
49877725 1825 10822840 1825 5750477 1825
49837502 1826 10938277 1826 5765645 1826
49887891 1827 10910009 1827 5821385 1827
49903967 1828 10896426 1828 5734153 1828
49960777 1829 10907939 1829 5789748 1829
49950274 1830 10875493 1830 5729932 1830
50021911 1831 10905483 1831 5760698 1831
50007455 1832 10883534 1832 5768796 1832
50057467 1833 10918613 1833 5732988 1833
50224934 1834 10953877 1834 5775827 1834
50158837 1835 10950589 1835 5732592 1835
50154905 1836 10944331 1836 5777309 1836
50173074 1837 10941035 1837 5760758 1837
50184817 1838 10920964 1838 5770137 1838
50216837 1839 17608457 1839 5787821 1839
53478184 1840 10917594 1840 5771676 1840
50325390 1841 10999937 1841 5828748 1841
50260729 1842 11008595 1842 5822591 1842
50324334 1843 11022557 1843 5821690 1843
50322553 1844 11038070 1844 5707959 1844
50383273 1845 10988053 1845 5821250 1845
50409829 1846 11041887 1846 5812131 1846
50473181 1847 10991906 1847 5809018 1847
50452645 1848 11005277 1848 5785555 1848
50496868 1849 11049183 1849 5825671 1849
50482499 1850 10964610 1850 5813503 1850
50561894 1851 11087479 1851 5833980 1851
50553860 1852 11018482 1852 5814231 1852
50594129 1853 11088224 1853 5806694 1853
50596205 1854 10989363 1854 5810543 1854
50666894 1855 11009040 1855 5800216 1855
50684989 1856 10984136 1856 5831551 1856
50795303 1857 11060083 1857 5880784 1857
50725643 1858 11087381 1858 5835757 1858
50757618 1859 11062713 1859 5866916 1859
50783585 1860 11130564 1860 5891040 1860
50800481 1861 11158593 1861 5855561 1861
50816719 1862 11057833 1862 5870096 1862
50890389 1863 11058030 1863 5877490 1863
50872518 1864 11061993 1864 5874567 1864
50920849 1865 11095037 1865 5881370 1865
50925524 1866 11104323 1866 5853470 1866
50992149 1867 11126387 1867 5867980 1867
51015915 1868 11183174 1868 5853780 1868
51034338 1869 11100570 1869 5853600 1869
51061394 1870 11092519 1870 5856062 1870
64019172 1871 11089559 1871 5856059 1871
51106117 1872 11093808 1872 5848841 1872
56970855 1873 11167116 1873 5928163 1873
51140786 1874 11207404 1874 5905783 1874
51207355 1875 11166572 1875 5930585 1875
51284368 1876 11217802 1876 5878680 1876
51285002 1877 11179310 1877 5935853 1877
51315458 1878 11167038 1878 5876465 1878
51332611 1879 11179102 1879 5887980 1879
51315809 1880 11158675 1880 5886025 1880
51375349 1881 11226707 1881 5876783 1881
51597482 1882 11214243 1882 5874321 1882
51444622 1883 11273194 1883 5895405 1883
51411145 1884 11208310 1884 5917093 1884
51455446 1885 11219953 1885 5920606 1885
51452708 1886 11292162 1886 5890418 1886
51535594 1887 11165852 1887 5920558 1887
51557883 1888 11228140 1888 5880500 1888
51589774 1889 11264360 1889 5966537 1889
51598355 1890 11249741 1890 5934183 1890
51637950 1891 11306323 1891 5965188 1891
51697024 1892 11324385 1892 5944952 1892
51733549 1893 11267873 1893 5948887 1893
51742264 1894 11262781 1894 5978446 1894
51771712 1895 11276210 1895 5958428 1895
51778202 1896 11260100 1896 5955130 1896
51836046 1897 11278283 1897 5946079 1897
51836417 1898 11317017 1898 5963551 1898
51948850 1899 11292849 1899 5962190 1899
51886079 1900 11305663 1900 5918006 1900
51979347 1901 11271569 1901 5970470 1901
51989538 1902 11299228 1902 5935341 1902
52005550 1903 11296140 1903 5954198 1903
52099740 1904 11273280 1904 5968838 1904
52000832 1905 11315066 1905 5998298 1905
59560927 1906 11370929 1906 5995032 1906
52099951 1907 11336551 1907 6005592 1907
52076706 1908 11339083 1908 5965418 1908
52164232 1909 11343326 1909 6020207 1909
52142305 1910 11386281 1910 5980119 1910
52211976 1911 11352935 1911 6000408 1911
52178170 1912 11341231 1912 5966445 1912
52246461 1913 11367228 1913 5985542 1913
52212433 1914 11365174 1914 5993744 1914
52273394 1915 11365736 1915 5966102 1915
52284371 1916 11364406 1916 6002038 1916
52321259 1917 11494456 1917 5967204 1917
52325420 1918 11360927 1918 5992585 1918
52468976 1919 11431689 1919 5995108 1919
52438588 1920 11434139 1920 5995071 1920
52429604 1921 11500447 1921 6051282 1921
52429478 1922 11504039 1922 6020118 1922
52521746 1923 11452267 1923 6045813 1923
53274643 1924 11432380 1924 6046669 1924
52542816 1925 11430067 1925 6021436 1925
52536881 1926 11435874 1926 6040460 1926
52626357 1927 11495004 1927 6013932 1927
52601062 1928 11438860 1928 6038319 1928
52642973 1929 11482614 1929 6014846 1929
53283359 1930 11471895 1930 6026058 1930
52735290 1931 11439904 1931 6044128 1931
52704767 1932 11491765 1932 6031180 1932
52752458 1933 11449654 1933 6056102 1933
52756153 1934 11467739 1934 6041630 1934
52837890 1935 11476671 1935 6003533 1935
52819639 1936 11462999 1936 6019955 1936
52867351 1937 11553878 1937 6089203 1937
52862759 1938 11551540 1938 6097417 1938
63168991 1939 15475129 1939 7195068 1939
53086102 1940 11555251 1940 6090550 1940
52972752 1941 11532443 1941 6105847 1941
53000552 1942 11546304 1942 6053801 1942
53128185 1943 11540074 1943 6112298 1943
53028731 1944 11557907 1944 6053679 1944
53438312 1945 11638231 1945 6064310 1945
53099086 1946 11543022 1946 6105227 1946
53156796 1947 11600917 1947 6101098 1947
53187198 1948 11581239 1948 6063854 1948
53181658 1949 11624838 1949 6090431 1949
53240735 1950 11576195 1950 6105382 1950
53273003 1951 11532298 1951 6091014 1951
53860481 1952 11558469 1952 6047493 1952
53308410 1953 11630210 1953 6138818 1953
53324406 1954 11614012 1954 6148814 1954
53391976 1955 11622315 1955 6159742 1955
53393663 1956 11624169 1956 6124840 1956
53404952 1957 11613948 1957 6145889 1957
53514023 1958 11614862 1958 6127436 1958
53540762 1959 11695287 1959 6151898 1959
53599111 1960 11622358 1960 6154273 1960
53569485 1961 11654873 1961 6124597 1961
53577857 1962 11674673 1962 6157947 1962
53614428 1963 11661999 1963 6157677 1963
53636362 1964 11622201 1964 6160989 1964
53670054 1965 11660063 1965 6150112 1965
53662894 1966 11666162 1966 6156713 1966
53735949 1967 11650418 1967 6160456 1967
53751177 1968 11641790 1968 6160427 1968
53774434 1969 11706264 1969 6179407 1969
53797293 1970 11734268 1970 6171861 1970
62286437 1971 12685226 1971 6661820 1971
54963249 1972 11763374 1972 6190402 1972
53905785 1973 11734832 1973 6160722 1973
53891357 1974 11719860 1974 6138991 1974
53985020 1975 11685868 1975 6217111 1975
53958561 1976 11783366 1976 6170106 1976
53990845 1977 11800392 1977 6186563 1977
53972214 1978 11790972 1978 6157299 1978
54078963 1979 11750626 1979 6170362 1979
54171266 1980 11743103 1980 6174564 1980
54105537 1981 11752707 1981 6192550 1981
54250347 1982 11754235 1982 6172843 1982
54179166 1983 11732740 1983 6173398 1983
54184898 1984 11749919 1984 6138999 1984
54202682 1985 11780825 1985 6238351 1985
54204659 1986 11873660 1986 6234277 1986
54276208 1987 11788813 1987 6237417 1987
54291324 1988 11800931 1988 6212695 1988
54312026 1989 11814924 1989 6220908 1989
54360351 1990 11820873 1990 6200023 1990
54393645 1991 11846335 1991 6231715 1991
54439482 1992 11794740 1992 6248544 1992
54399873 1993 11857565 1993 6222984 1993
54428767 1994 11813852 1994 6232223 1994
54494908 1995 11912524 1995 6250088 1995
54504549 1996 11863256 1996 6241737 1996
54530200 1997 11840268 1997 6341005 1997
54578221 1998 11803006 1998 6227520 1998
54613584 1999 11861289 1999 6231031 1999
