117975491 16 35830103 16 33294430 16
76791903 32 41354605 32 35927122 32
121021789 64 55734518 64 41867606 64
208515891 128 68243938 128 49986022 128
382317966 256 121579515 256 68393046 256
728192996 512 201560625 512 121962279 512
1433503199 1024 361418313 1024 202319173 1024
2848077544 2048 682206470 2048 362061708 2048
5642063574 4096 1324437768 4096 683815585 4096
11312636230 8192 2632824993 8192 1642870919 8192
22605441852 16384 5372431953 16384 3349941499 16384
45499650475 32768 11087015812 32768 6783644645 32768
