502726 0 535301 0 604736 0
766120 1 755355 1 934739 1
765927 2 776886 2 934491 2
798469 3 757867 3 934583 3
786031 4 755330 4 934494 4
796413 5 755274 5 934372 5
796609 6 863475 6 934525 6
773544 7 776875 7 934433 7
796677 8 754875 8 934448 8
964478 9 776318 9 934276 9
948596 10 773856 10 975210 10
1004089 11 980712 11 1002778 11
1090668 12 767409 12 954661 12
942049 13 754879 13 955047 13
942339 14 769389 14 946270 14
942390 15 754709 15 934391 15
949798 16 776558 16 940650 16
1092543 17 985335 17 792873 17
929512 18 623913 18 771930 18
892180 19 641260 19 799315 19
892395 20 652188 20 911544 20
1143545 21 646882 21 726040 21
1102483 22 947446 22 731728 22
800941 23 541561 23 657950 23
760213 24 546326 24 657632 24
1048456 25 534027 25 572874 25
937724 26 559148 26 657092 26
1164958 27 541147 27 650172 27
1099243 28 549517 28 643538 28
1053492 29 528343 29 668450 29
869669 30 421954 30 507377 30
798250 31 421200 31 507493 31
794219 32 421756 32 507156 32
781687 33 426407 33 507388 33
782020 34 423072 34 507458 34
782312 35 421427 35 509730 35
794603 36 427859 36 546163 36
934909 37 525261 37 577408 37
932700 38 442970 38 510347 38
893192 39 490250 39 518550 39
781823 40 421632 40 508768 40
1121577 41 504372 41 538372 41
888755 42 409788 42 507430 42
864803 43 410001 43 507285 43
865524 44 425631 44 507307 44
864767 45 423614 45 518529 45
864811 46 428753 46 532707 46
864856 47 409785 47 507346 47
864823 48 421511 48 507378 48
971633 49 410068 49 507164 49
981199 50 410005 50 517570 50
956373 51 421350 51 507322 51
1066393 52 409716 52 507322 52
981162 53 421358 53 507174 53
981227 54 410056 54 509761 54
959864 55 421567 55 507447 55
956410 56 421753 56 507198 56
1047852 57 421553 57 507441 57
1047542 58 410123 58 507396 58
1053687 59 421725 59 507357 59
1047842 60 409742 60 507234 60
1047944 61 409848 61 553734 61
1074743 62 421953 62 507402 62
1057784 63 421227 63 507092 63
1047609 64 421859 64 507230 64
1139393 65 534921 65 507295 65
1154858 66 535110 66 512481 66
1139292 67 534903 67 507314 67
1139258 68 535479 68 507400 68
1139298 69 534911 69 507318 69
1139159 70 535194 70 507258 70
1139161 71 534569 71 507259 71
1139256 72 535583 72 507146 72
1230748 73 534937 73 507346 73
1234969 74 535293 74 507234 74
1230722 75 535234 75 507434 75
1230697 76 535043 76 507278 76
1230642 77 534519 77 507312 77
1243790 78 535486 78 507272 78
1230703 79 535228 79 507336 79
1230740 80 535474 80 507324 80
1322606 81 533971 81 507192 81
1322261 82 534807 82 507381 82
1322209 83 535105 83 507360 83
1322245 84 535361 84 507233 84
1328310 85 535116 85 507298 85
1322218 86 535134 86 507423 86
1322173 87 534766 87 507344 87
1322240 88 539475 88 507360 88
1413715 89 535102 89 507191 89
1413682 90 534692 90 507240 90
1413716 91 535085 91 507377 91
1419679 92 535370 92 507350 92
1421107 93 535107 93 507159 93
1413685 94 534642 94 507337 94
1413826 95 540164 95 507358 95
1413719 96 534932 96 507410 96
1505164 97 535209 97 507301 97
1505163 98 534760 98 507247 98
1511186 99 535079 99 507265 99
1505089 100 535118 100 507291 100
1505163 101 535253 101 507312 101
1509060 102 534765 102 507322 102
1505270 103 534876 103 507342 103
1505201 104 534699 104 507161 104
1596598 105 541909 105 507345 105
1678228 106 557958 106 507359 106
1596636 107 534847 107 507401 107
1596663 108 534853 108 517249 108
1596740 109 534882 109 507181 109
1596666 110 535253 110 507260 110
1596503 111 534542 111 507270 111
1601867 112 535209 112 507289 112
1741026 113 533215 113 507287 113
1684036 114 535408 114 507283 114
1727251 115 534793 115 507254 115
1713140 116 535152 116 507232 116
1739618 117 533421 117 507189 117
1743262 118 534781 118 507422 118
1738498 119 534805 119 528485 119
2358518 120 668821 120 569817 120
2308726 121 534942 121 507258 121
1837600 122 534976 122 507286 122
1837494 123 535110 123 507266 123
1836742 124 534966 124 507402 124
1838413 125 534966 125 507361 125
1896298 126 534909 126 507253 126
1845359 127 535167 127 507327 127
1839335 128 534611 128 507265 128
1925204 129 800535 129 614086 129
1934964 130 666361 130 611249 130
1923007 131 670341 131 611224 131
1933638 132 665996 132 611108 132
1909570 133 666307 133 611130 133
1923847 134 651774 134 611383 134
1926119 135 652163 135 605069 135
1924858 136 666470 136 611370 136
2012645 137 666461 137 611155 137
2012335 138 667618 138 611314 138
2013534 139 666367 139 611265 139
2013410 140 666372 140 611290 140
2018709 141 651767 141 611029 141
2012912 142 666300 142 611403 142
2013307 143 652057 143 611096 143
2015010 144 651689 144 611206 144
2111151 145 666283 145 611064 145
2111702 146 651882 146 616482 146
2095588 147 666460 147 611368 147
2110598 148 652033 148 611123 148
2096079 149 657780 149 611407 149
2101879 150 651874 150 610994 150
2097751 151 651676 151 611176 151
2108320 152 651708 152 611089 152
2196805 153 652122 153 611003 153
2196886 154 651925 154 611342 154
2201410 155 666378 155 610910 155
2195759 156 665415 156 611402 156
2196057 157 667731 157 610927 157
2195929 158 666472 158 611477 158
2194856 159 666424 159 611427 159
2267257 160 692451 160 611163 160
2283675 161 663547 161 611053 161
2281595 162 663654 162 611349 162
2293606 163 663511 163 611342 163
2281589 164 663669 164 611110 164
2281127 165 663906 165 648875 165
3830088 166 937366 166 815128 166
3887170 167 849688 167 757357 167
3224682 168 843353 168 687964 168
2864043 169 824302 169 692955 169
3005098 170 842850 170 729542 170
3302111 171 909239 171 694091 171
4149297 172 974634 172 838670 172
3656449 173 953496 173 792455 173
3615741 174 812959 174 767562 174
3035965 175 826865 175 734348 175
3405318 176 666316 176 611338 176
2505366 177 651707 177 610945 177
2579886 178 663451 178 611249 178
2472656 179 706481 179 611333 179
2472460 180 663535 180 611390 180
2472446 181 663598 181 611130 181
2478459 182 663442 182 697550 182
2471055 183 652253 183 611348 183
3291896 184 906054 184 718270 184
2998035 185 663337 185 611365 185
2563607 186 686661 186 611376 186
2563320 187 672436 187 611215 187
2563633 188 700775 188 604215 188
2606730 189 666400 189 604202 189
2565307 190 658477 190 611403 190
2631324 191 658572 191 611358 191
2563493 192 663659 192 610991 192
2653458 193 801650 193 617271 193
2654777 194 800802 194 611444 194
2663129 195 802326 195 611264 195
2652918 196 800085 196 611222 196
2651559 197 801923 197 611140 197
2657565 198 802859 198 611295 198
2656332 199 801924 199 611066 199
2653851 200 802579 200 613606 200
2778800 201 799634 201 611376 201
2744010 202 801447 202 611376 202
2751168 203 801581 203 611101 203
2745809 204 801440 204 611323 204
2748181 205 801807 205 610925 205
2744073 206 801094 206 611232 206
2743988 207 812235 207 610999 207
2744034 208 801485 208 611412 208
2843354 209 801536 209 611152 209
2835076 210 801390 210 611308 210
2844000 211 801419 211 611189 211
2833149 212 799508 212 610943 212
2843880 213 801895 213 611515 213
2843712 214 801531 214 611041 214
2829848 215 801975 215 611107 215
2841328 216 805736 216 611514 216
2927584 217 801175 217 610993 217
2927667 218 800905 218 614277 218
2927588 219 801937 219 610988 219
2925409 220 801476 220 610958 220
2931700 221 801426 221 611019 221
2926479 222 801624 222 611001 222
2942245 223 799089 223 611419 223
2926007 224 801060 224 611447 224
3060460 225 837965 225 743267 225
4071002 226 799854 226 610968 226
3037851 227 800854 227 611185 227
3187021 228 801056 228 652887 228
3594791 229 821771 229 652053 229
3092224 230 803196 230 607060 230
3022470 231 824289 231 611018 231
3020044 232 801235 232 611243 232
3112982 233 801246 233 616406 233
3142915 234 801522 234 611252 234
3112343 235 801077 235 631437 235
3112300 236 800848 236 611386 236
3112300 237 803492 237 611270 237
3118343 238 800885 238 611173 238
3113512 239 803835 239 611567 239
3398382 240 1017669 240 695807 240
4945925 241 1062480 241 829072 241
4792186 242 1031041 242 669247 242
4446022 243 1136459 243 794933 243
6076669 244 1125768 244 855334 244
5535304 245 799582 245 611127 245
3228206 246 801609 246 610950 246
3217498 247 799446 247 611101 247
3210711 248 800482 248 611251 248
3292987 249 800263 249 611324 249
3389503 250 802097 250 611383 250
3293473 251 800873 251 610911 251
3299594 252 801072 252 611082 252
3293801 253 800898 253 611122 253
3297846 254 801922 254 611330 254
3293567 255 802501 255 611049 255
3293380 256 807776 256 611263 256
3388693 257 936411 257 740210 257
3392251 258 940160 258 740171 258
3379307 259 935150 259 740022 259
3393171 260 933791 260 731836 260
3388654 261 936069 261 740088 261
3394787 262 935754 262 760807 262
3377041 263 935296 263 737376 263
3387157 264 935636 264 742921 264
3475878 265 934844 265 742939 265
3480349 266 935102 266 742803 266
3474881 267 935132 267 742900 267
3479760 268 935275 268 737418 268
3474951 269 935326 269 742976 269
3481690 270 934942 270 737358 270
3475009 271 935701 271 742988 271
3486780 272 936061 272 739970 272
3566918 273 937357 273 781288 273
4834534 274 1065719 274 849189 274
3839322 275 936781 275 741139 275
3575722 276 936762 276 740241 276
3565825 277 936716 277 747710 277
3600449 278 937064 278 740177 278
3571206 279 935978 279 739830 279
3567990 280 935987 280 739853 280
3666320 281 936915 281 740160 281
3660169 282 935998 282 739889 282
3691299 283 936211 283 740413 283
3662506 284 936316 284 744380 284
3660413 285 937147 285 740145 285
3661249 286 938262 286 740136 286
3685479 287 936940 287 749002 287
3791146 288 943406 288 752989 288
3788040 289 942567 289 745727 289
3782347 290 945779 290 746130 290
3752993 291 934906 291 740161 291
3778330 292 936358 292 740026 292
3753872 293 943752 293 740379 293
3860299 294 935947 294 740392 294
3771963 295 936691 295 741496 295
3753022 296 936140 296 739875 296
3843387 297 946366 297 740329 297
3845459 298 936909 298 739947 298
3854925 299 936188 299 740152 299
3844549 300 936927 300 740186 300
3858870 301 935938 301 740318 301
3845968 302 935780 302 740107 302
3854464 303 937179 303 740485 303
3844970 304 936827 304 747795 304
3947512 305 935081 305 748529 305
3934566 306 944542 306 739985 306
3932900 307 936818 307 740112 307
3944464 308 935799 308 740409 308
3937006 309 938063 309 740210 309
3942463 310 936074 310 739923 310
3925087 311 936094 311 740342 311
3928991 312 935977 312 740397 312
4025218 313 938130 313 740365 313
4024342 314 937476 314 740490 314
4028493 315 937151 315 739831 315
4025301 316 936474 316 740355 316
4039082 317 944412 317 740181 317
4024325 318 935921 318 739824 318
4032362 319 936200 319 739946 319
4025362 320 945460 320 739934 320
4108529 321 1080141 321 740129 321
4133773 322 1079818 322 740190 322
4149917 323 1076399 323 740141 323
4119277 324 1075047 324 739907 324
4123603 325 1077592 325 746094 325
4123578 326 1076079 326 739873 326
4145628 327 1077552 327 739924 327
4123549 328 1076500 328 740099 328
4217435 329 1076119 329 740517 329
4207842 330 1076902 330 744301 330
4207864 331 1076221 331 740391 331
4265339 332 1075424 332 743134 332
4208689 333 1085997 333 741083 333
4233518 334 1077017 334 740208 334
4207894 335 1074689 335 746271 335
4207225 336 1075982 336 740570 336
4311032 337 1072617 337 748437 337
4311635 338 1065878 338 740023 338
4307556 339 1074600 339 740063 339
4302677 340 1075555 340 744706 340
4301527 341 1078076 341 740380 341
4305479 342 1074919 342 752441 342
4304430 343 1074942 343 740485 343
4310765 344 1075317 344 740537 344
4394249 345 1077512 345 740303 345
4393944 346 1077458 346 740144 346
4445126 347 1065256 347 739849 347
4392504 348 1078542 348 740514 348
4400572 349 1076320 349 740247 349
4394284 350 1083752 350 740093 350
4392053 351 1075438 351 740116 351
4396405 352 1076283 352 740284 352
4484583 353 1075151 353 745765 353
4485160 354 1076581 354 740339 354
5052716 355 1389451 355 856811 355
5105753 356 1073692 356 765207 356
4487777 357 1073463 357 740173 357
4490753 358 1079872 358 731818 358
4485211 359 1086634 359 740109 359
4604282 360 1077832 360 740267 360
4573830 361 1081884 361 739805 361
4574343 362 1076362 362 739908 362
4578350 363 1078106 363 739939 363
4604238 364 1077264 364 747970 364
4574083 365 1075475 365 740410 365
4590484 366 1076626 366 762473 366
4575635 367 1079187 367 740412 367
4614461 368 1078757 368 740517 368
4677617 369 1072543 369 740460 369
4672999 370 1075153 370 740166 370
4667853 371 1079277 371 740008 371
4657223 372 1090655 372 743900 372
4826669 373 1071771 373 750198 373
4689277 374 1076373 374 739944 374
4659109 375 1075370 375 752411 375
4669888 376 1073855 376 740531 376
4865998 377 1077413 377 748473 377
4768552 378 1065532 378 745054 378
4757145 379 1085579 379 739973 379
4760420 380 1078182 380 739936 380
4756124 381 1074809 381 739828 381
4763215 382 1083689 382 740108 382
4759925 383 1075411 383 740044 383
4756572 384 1075160 384 740512 384
4861126 385 1210201 385 859399 385
4853674 386 1213382 386 859278 386
4848029 387 1212100 387 859335 387
4850263 388 1212786 388 859336 388
4859092 389 1209598 389 859347 389
4873491 390 1211218 390 859330 390
4851970 391 1213910 391 859348 391
4845088 392 1212801 392 859319 392
4943771 393 1209698 393 860716 393
4949468 394 1211304 394 859397 394
4956587 395 1211929 395 859389 395
4948975 396 1211547 396 863269 396
4952433 397 1214646 397 860750 397
4953387 398 1210795 398 859364 398
4947358 399 1213054 399 866969 399
4948023 400 1211657 400 859318 400
5044664 401 1219745 401 859353 401
5039545 402 1215570 402 860769 402
5031021 403 1214290 403 860871 403
5048261 404 1214244 404 859416 404
10900840 405 1357009 405 862269 405
5516810 406 1203109 406 861980 406
5269640 407 1483479 407 937859 407
5164830 408 1338902 408 859315 408
7660385 409 1483657 409 1062329 409
5272193 410 1206677 410 860809 410
5148759 411 1207723 411 859362 411
5125340 412 1207575 412 872407 412
5128183 413 1298416 413 864183 413
5138211 414 1209020 414 859398 414
5125322 415 1230753 415 862822 415
5125387 416 1209526 416 860773 416
5226503 417 1212270 417 859284 417
5215791 418 1221718 418 859438 418
5214846 419 1209762 419 859340 419
5226322 420 1211402 420 860771 420
5226981 421 1209076 421 859451 421
5214845 422 1209036 422 869160 422
5215307 423 1209898 423 859383 423
5219212 424 1212625 424 859348 424
5305046 425 1264531 425 859479 425
5304972 426 1213003 426 859299 426
5310160 427 1209508 427 859276 427
5309264 428 1209780 428 859457 428
5306932 429 1209756 429 864627 429
5305009 430 1211520 430 860739 430
5323258 431 1210693 431 861808 431
5304692 432 1217608 432 859237 432
5389089 433 1208817 433 860774 433
5407642 434 1210376 434 859344 434
5403037 435 1208818 435 859334 435
5420190 436 1211505 436 865179 436
5388582 437 1209712 437 860743 437
5395500 438 1209419 438 859421 438
5492819 439 1194727 439 859432 439
5388468 440 1209713 440 860741 440
5493708 441 1209785 441 859331 441
5492362 442 1213871 442 859426 442
5488383 443 1215450 443 860770 443
5490253 444 1217371 444 874387 444
5518128 445 1210953 445 859639 445
5496760 446 1210886 446 859399 446
5488309 447 1211199 447 859380 447
5578176 448 1218282 448 859622 448
5587750 449 1340339 449 859395 449
5588066 450 1349611 450 860774 450
5582551 451 1346165 451 862503 451
5615353 452 1343635 452 859478 452
5595036 453 1340806 453 859377 453
5582510 454 1339662 454 860717 454
5582012 455 1345776 455 864552 455
5581051 456 1339843 456 859402 456
5677327 457 1345873 457 859320 457
5680072 458 1339742 458 859483 458
5673669 459 1343663 459 859343 459
5673709 460 1339840 460 860802 460
5678849 461 1340014 461 859414 461
5678015 462 1339664 462 859371 462
5672021 463 1344898 463 859313 463
5671785 464 1344813 464 860823 464
5778270 465 1338560 465 859390 465
5772041 466 1338981 466 859257 466
6307144 467 1548637 467 1002356 467
7492229 468 1504574 468 859501 468
5789692 469 1341107 469 859373 469
5772985 470 1342250 470 859337 470
5768958 471 1360910 471 863291 471
5793758 472 1343119 472 860695 472
5854473 473 1338608 473 864219 473
5854389 474 1340263 474 860725 474
5854432 475 1339190 475 859609 475
5860457 476 1338824 476 859446 476
5854673 477 1351072 477 868453 477
5879203 478 1338586 478 860744 478
5870941 479 1338079 479 859463 479
5859777 480 1340206 480 859374 480
5998036 481 1324613 481 860783 481
5951892 482 1345717 482 869500 482
5954121 483 1341529 483 860718 483
5950381 484 1347642 484 859489 484
5964981 485 1346267 485 860752 485
5954025 486 1355239 486 859364 486
5953340 487 1340262 487 859426 487
5949901 488 1340224 488 859334 488
6054530 489 1338382 489 859471 489
6042241 490 1338294 490 859342 490
6069373 491 1343135 491 875541 491
6038223 492 1338428 492 859360 492
6041584 493 1344502 493 860761 493
6042289 494 1338739 494 859334 494
6040906 495 1343358 495 860716 495
6036143 496 1343420 496 865016 496
6140983 497 1343344 497 860763 497
6137139 498 1345711 498 859351 498
6131936 499 1346283 499 859373 499
6130122 500 1347138 500 860759 500
6161990 501 1344460 501 867354 501
6140592 502 1338254 502 859362 502
6136432 503 1341164 503 859353 503
6159491 504 1338113 504 859492 504
6227601 505 1348629 505 859333 505
6228836 506 1338815 506 868863 506
6226014 507 1339902 507 860810 507
6230285 508 1339597 508 859380 508
6247190 509 1350532 509 877122 509
6381640 510 1344549 510 860967 510
6222880 511 1337565 511 863217 511
6223779 512 1344876 512 860783 512
6319015 513 1483512 513 1003498 513
6318472 514 1485334 514 1003459 514
6319752 515 1484883 515 1003610 515
6313550 516 1491072 516 1003546 516
6316412 517 1484843 517 1003120 517
6313720 518 1481445 518 1002050 518
6315317 519 1483294 519 1002077 519
6317306 520 1485063 520 1002113 520
6411467 521 1483205 521 1003565 521
6410315 522 1482909 522 1003566 522
6404564 523 1492540 523 1002070 523
6404778 524 1488853 524 1000910 524
6410806 525 1484493 525 1003396 525
6408862 526 1488378 526 1003394 526
6410969 527 1486876 527 1015102 527
6422270 528 1486476 528 1000740 528
6502501 529 1485874 529 1004440 529
6498721 530 1481380 530 1003015 530
6506820 531 1483963 531 1004464 531
6510384 532 1482213 532 1001688 532
6496757 533 1486498 533 1001635 533
6536567 534 1489461 534 1002096 534
6506067 535 1483788 535 1002482 535
6495012 536 1498759 536 1002752 536
6610161 537 1483574 537 999338 537
6584418 538 1487484 538 1002614 538
6610713 539 1954736 539 1392626 539
9656412 540 1469039 540 1001704 540
6605413 541 1481827 541 1003994 541
6592851 542 1484552 542 1002159 542
6678791 543 1486079 543 1003429 543
6588761 544 1485238 544 1003490 544
6780582 545 1482652 545 1000706 545
6669037 546 1481858 546 1004430 546
6669728 547 1483843 547 1008268 547
6685332 548 1484085 548 1004313 548
6688984 549 1481991 549 1000682 549
6673476 550 1483568 550 1000728 550
6674922 551 1482183 551 1000755 551
6690705 552 1483889 552 1000647 552
6933045 553 1949695 553 1095642 553
7409472 554 1485296 554 1001622 554
6770115 555 1488525 555 998469 555
6793403 556 1484726 556 1014076 556
6884821 557 1484901 557 1003413 557
7386279 558 1696084 558 1151476 558
8171248 559 1476395 559 1002062 559
6790563 560 1482892 560 1003545 560
7005362 561 1484170 561 1008886 561
6915057 562 1483980 562 1003551 562
6868462 563 1482789 563 1002212 563
6908027 564 1482523 564 1001697 564
6862193 565 1489090 565 1001766 565
6861709 566 1487354 566 1008411 566
6862443 567 1485598 567 1096075 567
9655776 568 1771050 568 1191884 568
6956198 569 1488842 569 1017284 569
6956160 570 1481428 570 1003530 570
7048653 571 1481452 571 1000786 571
6958197 572 1481801 572 1003401 572
6955907 573 1485672 573 1000752 573
6958815 574 1481377 574 1004381 574
6959583 575 1484921 575 1000680 575
6959269 576 1485999 576 1004410 576
7046685 577 1612118 577 1000661 577
7044532 578 1610488 578 1035131 578
7045800 579 1606377 579 1032086 579
7046729 580 1607293 580 1044427 580
7050744 581 1606655 581 1045704 581
7053937 582 1605432 582 1030748 582
7060972 583 1613580 583 1026719 583
7051946 584 1608029 584 1032871 584
7169569 585 1607644 585 1055339 585
8285920 586 1618446 586 997548 586
7146617 587 1601959 587 1034799 587
7141872 588 1603868 588 1041587 588
7158385 589 1615142 589 1029121 589
7134399 590 1611721 590 1004403 590
7135392 591 1608471 591 1004413 591
7135290 592 1608118 592 1038137 592
7218061 593 1605721 593 1040981 593
7239860 594 1606065 594 1033183 594
8112694 595 1881224 595 1193455 595
7583872 596 1608533 596 1007504 596
7232527 597 1606699 597 1035375 597
7235171 598 1604066 598 1035512 598
7234012 599 1604221 599 1033542 599
7222316 600 1608419 600 1034005 600
7325032 601 1605221 601 1033359 601
7325909 602 1608149 602 1034262 602
7323115 603 1607646 603 1003528 603
7322074 604 1607315 604 1002119 604
7318226 605 1604591 605 1033406 605
7319494 606 1613448 606 1002152 606
7318469 607 1613890 607 1003466 607
7319229 608 1613283 608 1002102 608
7400895 609 1603925 609 1037497 609
7418038 610 1605628 610 1045747 610
7417579 611 1605504 611 1034205 611
7405923 612 1605283 612 1032859 612
7466162 613 1623683 613 1026009 613
7416822 614 1623926 614 1022368 614
7417343 615 1624764 615 1023329 615
7447144 616 1602553 616 1035598 616
7508487 617 1602585 617 1034466 617
7507278 618 1601635 618 1031381 618
7509690 619 1603668 619 1041545 619
7507500 620 1601517 620 1043449 620
7509018 621 1623786 621 1027922 621
9381765 622 1632269 622 1001970 622
7546402 623 1592817 623 1007724 623
7519803 624 1609406 624 1037020 624
7605875 625 1605646 625 1037494 625
7606542 626 1601651 626 1035531 626
7598795 627 1601954 627 1035486 627
7633909 628 1592076 628 997729 628
7603803 629 1598698 629 1001819 629
7596052 630 1607374 630 1002070 630
7598336 631 1606067 631 1001722 631
7594798 632 1617131 632 998444 632
7685414 633 1602423 633 998309 633
7686596 634 1602016 634 1039062 634
7687892 635 1623849 635 1029860 635
7696149 636 1607680 636 1040957 636
7685536 637 1619413 637 1025935 637
7685956 638 1609288 638 1032351 638
7705226 639 1616160 639 1031926 639
7692608 640 1608700 640 1035792 640
7770952 641 1741922 641 1179213 641
13613923 642 1749776 642 1140989 642
7895043 643 1989407 643 1222588 643
8270497 644 1772851 644 1152465 644
8711820 645 1740747 645 1173526 645
7803151 646 1749085 646 1154271 646
9006397 647 2086922 647 1304872 647
7821638 648 1745503 648 1179196 648
7878810 649 1746589 649 1177164 649
7887320 650 1745446 650 1163617 650
7873906 651 1742462 651 1177408 651
7871280 652 1745743 652 1162200 652
7871364 653 1746329 653 1182626 653
7873704 654 1742460 654 1179820 654
7873510 655 1745682 655 1170290 655
7871609 656 1748269 656 1161335 656
7963973 657 1747601 657 1164129 657
7970165 658 1741830 658 1159162 658
7953381 659 1745343 659 1176496 659
7966138 660 1741749 660 1155378 660
7964529 661 1743525 661 1180560 661
7957053 662 1746886 662 1178317 662
7978787 663 1744439 663 1180286 663
7964098 664 1742226 664 1157239 664
8056384 665 1747762 665 1160239 665
8085462 666 1743660 666 1177083 666
8053277 667 1746852 667 1165561 667
8049499 668 1744895 668 1181565 668
8048567 669 1749345 669 1163920 669
8049997 670 1746859 670 1170188 670
8048472 671 1744553 671 1164609 671
9961151 672 1736175 672 1162745 672
8147924 673 1742746 673 1170401 673
8148769 674 1741913 674 1177154 674
8149235 675 1742050 675 1161230 675
8147484 676 1741915 676 1177038 676
8150154 677 1745527 677 1179565 677
8144634 678 1745784 678 1157043 678
8147282 679 1742035 679 1176956 679
8150928 680 1746001 680 1160049 680
8241285 681 1742704 681 1185346 681
8240290 682 1742529 682 1157533 682
8240582 683 1742137 683 1161289 683
8241417 684 1744067 684 1128931 684
8289468 685 1742258 685 1180512 685
8247115 686 1742101 686 1161429 686
8246349 687 1753023 687 1126839 687
8249223 688 1742176 688 1176890 688
8338397 689 1742057 689 1178741 689
8350800 690 1745289 690 1160871 690
8338982 691 1747344 691 1183766 691
8324103 692 1747426 692 1170777 692
8324610 693 1742592 693 1176458 693
8325955 694 1748322 694 1128932 694
8326970 695 1743791 695 1128942 695
10154888 696 1781550 696 1130983 696
8429755 697 1747697 697 1177210 697
8422387 698 1747342 698 1180773 698
8420313 699 1743615 699 1177009 699
8422595 700 1743659 700 1163012 700
8419664 701 1748838 701 1178288 701
8420152 702 1747338 702 1160810 702
8422012 703 1742480 703 1158734 703
8421570 704 1745390 704 1177299 704
8518950 705 1874596 705 1162082 705
8736994 706 2027648 706 1158624 706
8519444 707 1879282 707 1159160 707
8507205 708 1879845 708 1126817 708
8596692 709 1927710 709 1126757 709
8549477 710 1886164 710 1126885 710
8542275 711 1877192 711 1165123 711
8518840 712 1873632 712 1156710 712
8650980 713 1875172 713 1166347 713
8603691 714 1874856 714 1160761 714
8602340 715 1874997 715 1170714 715
8602931 716 1874217 716 1152679 716
8606215 717 1872506 717 1126893 717
8602927 718 1884243 718 1161114 718
8602258 719 2139835 719 1355407 719
9689713 720 1871191 720 1189656 720
8688260 721 1873491 721 1180360 721
8696432 722 1877590 722 1177490 722
8701907 723 1875074 723 1177647 723
8698544 724 1875122 724 1161260 724
8696355 725 1873456 725 1162993 725
8692130 726 1877062 726 1169892 726
8691582 727 1877053 727 1177109 727
8690815 728 1874897 728 1171826 728
8784376 729 1877774 729 1166445 729
8783712 730 1877688 730 1126779 730
8790504 731 1886647 731 1177036 731
8802317 732 1873488 732 1177637 732
8847385 733 1874556 733 1165377 733
8813600 734 1875352 734 1126842 734
8787340 735 1875439 735 1179366 735
8800750 736 1874647 736 1178358 736
8878708 737 1878943 737 1163916 737
8880304 738 1878617 738 1190751 738
8875867 739 1882190 739 1162190 739
8874692 740 1874622 740 1128915 740
8880295 741 1874742 741 1159027 741
9098763 742 2273985 742 1361213 742
9399342 743 1881552 743 1159036 743
8894729 744 1880001 744 1157244 744
8976821 745 1876874 745 1152925 745
9260681 746 2010537 746 1138808 746
8968530 747 1880331 747 1122760 747
8966141 748 1878964 748 1122736 748
8971672 749 1878079 749 1167701 749
8968971 750 1879807 750 1164862 750
8971013 751 1877557 751 1186219 751
8972575 752 1877949 752 1162282 752
9069177 753 1881451 753 1160981 753
9067610 754 1878224 754 1176735 754
9062103 755 1881222 755 1159562 755
9056699 756 1885275 756 1126924 756
9052645 757 1874882 757 1161323 757
9096216 758 1873964 758 1162559 758
9068746 759 1877282 759 1181725 759
9076325 760 1873393 760 1172701 760
9151989 761 1873197 761 1161026 761
9153665 762 1873260 762 1161925 762
9169024 763 1880805 763 1165099 763
9147107 764 1876381 764 1126915 764
11092323 765 1878631 765 1177763 765
9151809 766 1878426 766 1160317 766
9157123 767 1878005 767 1176895 767
9153581 768 1876674 768 1177570 768
9248905 769 2017585 769 1297303 769
9230453 770 2014232 770 1260070 770
9250266 771 2015873 771 1292652 771
9248542 772 2017569 772 1291324 772
9245404 773 2023118 773 1293133 773
9246879 774 2015518 774 1293737 774
9250434 775 2018362 775 1297500 775
9230289 776 2013796 776 1259960 776
9335923 777 2017478 777 1295822 777
9363454 778 2018807 778 1299351 778
9336768 779 2024754 779 1293982 779
9352559 780 2017911 780 1297177 780
9337510 781 2024581 781 1300753 781
9329632 782 2013462 782 1262076 782
9338273 783 2018695 783 1297227 783
9335795 784 2024483 784 1302484 784
9427445 785 2023902 785 1299483 785
9710318 786 2429765 786 1552895 786
9768709 787 2023528 787 1260051 787
9424763 788 2015594 788 1299320 788
9456162 789 2011109 789 1292772 789
9433435 790 2014822 790 1292384 790
9429163 791 2024678 791 1292738 791
9429154 792 2013364 792 1299041 792
9517780 793 2014668 793 1259981 793
9521248 794 2014640 794 1291377 794
9522713 795 2018314 795 1291154 795
9518999 796 2014688 796 1290712 796
9521994 797 2021928 797 1299892 797
9529566 798 2027374 798 1294390 798
9529601 799 2022577 799 1258669 799
9526341 800 2016760 800 1296075 800
9672315 801 2013751 801 1290842 801
9611906 802 2013901 802 1290921 802
9714757 803 2018852 803 1299648 803
9607801 804 2023501 804 1293827 804
9612707 805 2024744 805 1296707 805
9611960 806 2018074 806 1295142 806
9612264 807 2024317 807 1574302 807
10999237 808 2023864 808 1259972 808
9703768 809 2015462 809 1293709 809
9701310 810 2023027 810 1290312 810
9703444 811 2015524 811 1290807 811
9701105 812 2023123 812 1298161 812
9696632 813 2014254 813 1259945 813
9702025 814 2015807 814 1292915 814
9702932 815 2024574 815 1292127 815
9703053 816 2018036 816 1291129 816
9801482 817 2016371 817 1301192 817
9779755 818 2014096 818 1259866 818
9806794 819 2018925 819 1293028 819
9817837 820 2018873 820 1291295 820
9795166 821 2011908 821 1300617 821
15851610 822 2015604 822 1443228 822
10276174 823 2225619 823 1261215 823
10414159 824 2189267 824 1518471 824
9994902 825 2022649 825 1287102 825
9899012 826 2011825 826 1287714 826
9982892 827 2011387 827 1292802 827
11875111 828 2039532 828 1259972 828
9890327 829 2011876 829 1291262 829
9892703 830 2018751 830 1292289 830
9890728 831 2022262 831 1292685 831
9889478 832 2022767 832 1300773 832
9978692 833 2160939 833 1294017 833
9991651 834 2153426 834 1291181 834
9978058 835 2252569 835 1306849 835
10205955 836 2140162 836 1275983 836
9977456 837 2167318 837 1287151 837
10059956 838 2160441 838 1292193 838
10003105 839 2154396 839 1292139 839
10000685 840 2151445 840 1301168 840
10063157 841 2165262 841 1262184 841
10067580 842 2151193 842 1260102 842
10068677 843 2152346 843 1290971 843
10068491 844 2162597 844 1297973 844
10069312 845 2144856 845 1259980 845
10073449 846 2154417 846 1293700 846
10070373 847 2162792 847 1292273 847
11274071 848 2775567 848 1733251 848
17494325 849 3126156 849 1840100 849
13887981 850 2151175 850 1287959 850
10160879 851 2161216 851 1293094 851
10245172 852 2142977 852 1260043 852
10161834 853 2154283 853 1293224 853
10159166 854 2154019 854 1295623 854
10165336 855 2147438 855 1307128 855
10157725 856 2149161 856 1259323 856
10250924 857 2145465 857 1293011 857
10254898 858 2154123 858 1293991 858
10284287 859 2151190 859 1302754 859
10248383 860 2152639 860 1295553 860
10252601 861 2149602 861 1290817 861
10251326 862 2156844 862 1291911 862
10252623 863 2156560 863 1297886 863
10247138 864 2146911 864 1293002 864
10355318 865 2155505 865 1292617 865
10341141 866 2153778 866 1296257 866
10347985 867 2216795 867 1366440 867
10998120 868 2151757 868 1297618 868
10343138 869 2159450 869 1297326 869
10433383 870 2161048 870 1306092 870
10335773 871 2144612 871 1260092 871
10341526 872 2155762 872 1294864 872
10433588 873 2151958 873 1294671 873
10433535 874 2155176 874 1295258 874
10433517 875 2165712 875 1296430 875
10435423 876 2152322 876 1291593 876
10432626 877 2152171 877 1298806 877
10431874 878 2143446 878 1259984 878
10473950 879 2152727 879 1296154 879
10468484 880 2153828 880 1295076 880
10534741 881 2153919 881 1296994 881
10527630 882 2148182 882 1295644 882
10529759 883 2145235 883 1290147 883
10540907 884 2151726 884 1293980 884
10519962 885 2157878 885 1288755 885
10526220 886 2148167 886 1291221 886
10569020 887 2173128 887 1311307 887
10535589 888 2154281 888 1297737 888
10614716 889 2158907 889 1293640 889
10617635 890 2163249 890 1293204 890
10616160 891 2153786 891 1291989 891
10615699 892 2159650 892 1293809 892
10615575 893 2159535 893 1291529 893
10616277 894 2145591 894 1297369 894
10617438 895 2146030 895 1296563 895
10612058 896 2162295 896 1300481 896
10711841 897 2296510 897 1429576 897
10729302 898 2293825 898 1429870 898
10717453 899 2289227 899 1395277 899
10711500 900 2289548 900 1430977 900
10708653 901 2290059 901 1434010 901
10710857 902 2283715 902 1395305 902
10711174 903 2289018 903 1433167 903
10709036 904 2288933 904 1430339 904
10803735 905 2280950 905 1395019 905
10808167 906 2308427 906 1420666 906
10816733 907 2290178 907 1435736 907
10815307 908 2287543 908 1395262 908
10801730 909 2296855 909 1429189 909
10798384 910 2293709 910 1439703 910
10802491 911 2283254 911 1394885 911
10801840 912 2289778 912 1428922 912
10893790 913 2296447 913 1437804 913
10893258 914 2280393 914 1395177 914
10894941 915 2288480 915 1448251 915
10891011 916 2288888 916 1427626 916
10929307 917 2289781 917 1395052 917
10926186 918 2286200 918 1426823 918
10890789 919 2286222 919 1428056 919
10958255 920 2282427 920 1395136 920
10984061 921 2293878 921 1429811 921
10981532 922 2289989 922 1423553 922
10983247 923 2281885 923 1395071 923
10983775 924 2289022 924 1429343 924
11000226 925 2306182 925 1427190 925
11075107 926 2287219 926 1435412 926
10990361 927 2287265 927 1520387 927
10994953 928 2288431 928 1438998 928
11077911 929 2286136 929 1430785 929
11077072 930 2291559 930 1429685 930
11080777 931 2290898 931 1435924 931
11081311 932 2289072 932 1438908 932
11078104 933 2296572 933 1429697 933
11071313 934 2289470 934 1430150 934
11069940 935 2289728 935 1436910 935
11117335 936 2288856 936 1429087 936
11183355 937 2281281 937 1384919 937
11163423 938 2294252 938 1427066 938
11164458 939 2293295 939 1430444 939
11164179 940 2278287 940 1384900 940
11165488 941 2302075 941 1427934 941
11163693 942 2292853 942 1445997 942
11213173 943 2291915 943 1427595 943
13026929 944 2293746 944 1427040 944
11542813 945 2519836 945 1397211 945
11565907 946 2297511 946 1429522 946
11253282 947 2289664 947 1432550 947
11250340 948 2288920 948 1429466 948
11290164 949 2289423 949 1509536 949
12465254 950 2296637 950 1395758 950
11258232 951 2291040 951 1424454 951
11394995 952 2291899 952 1431107 952
11387457 953 2297922 953 1431345 953
11403903 954 2296748 954 1423417 954
11413921 955 2297085 955 1430727 955
11358163 956 2286702 956 1426921 956
11349292 957 2295772 957 1432844 957
11387650 958 2288659 958 1438900 958
11367557 959 2289070 959 1436329 959
11349193 960 2297693 960 1476846 960
11443975 961 2437424 961 1438956 961
13313384 962 2449136 962 1444206 962
11602188 963 2584580 963 1388899 963
11447170 964 2418164 964 1427044 964
11443687 965 2413406 965 1387306 965
11447556 966 2436883 966 1429964 966
11442098 967 2425815 967 1432070 967
11453671 968 2434940 968 1418122 968
11581013 969 2419911 969 1424709 969
11545782 970 2415464 970 1397325 970
11544870 971 2424073 971 1428480 971
11587300 972 2417882 972 1463791 972
17316637 973 2468907 973 1402364 973
12382819 974 2441343 974 1647806 974
12607553 975 2458702 975 1423338 975
11573039 976 2449481 976 1442082 976
11722724 977 2433203 977 1435881 977
11634121 978 2418779 978 1390479 978
11641543 979 2439072 979 1489919 979
11671710 980 2440397 980 1417935 980
11692937 981 2425237 981 1423090 981
11625033 982 2506305 982 1424955 982
11625225 983 2423265 983 1436377 983
11629980 984 2428897 984 1437044 984
13438333 985 2881521 985 1713013 985
12223402 986 2446964 986 1422975 986
11827066 987 2418194 987 1384911 987
11721749 988 2423832 988 1437222 988
11753406 989 2417767 989 1419985 989
11719059 990 2418318 990 1430599 990
11721594 991 2419863 991 1427370 991
11735333 992 2439920 992 1477212 992
11807078 993 2421427 993 1427088 993
11822195 994 2412441 994 1397231 994
11831487 995 2423260 995 1429590 995
11806812 996 2431527 996 1438596 996
11878641 997 2426921 997 1436198 997
11872329 998 2433284 998 1427239 998
11814530 999 2430262 999 1423708 999
