74204043 16 36129046 16 33357736 16
90474674 32 40947200 32 36099612 32
142248106 64 49934789 64 41639058 64
248009359 128 77944984 128 50030138 128
468355187 256 145224510 256 68332673 256
893974927 512 201275451 512 117507498 512
1768748191 1024 366070696 1024 207030887 1024
3467580302 2048 683161665 2048 362274617 2048
6908098759 4096 1326960536 4096 686096206 4096
13810268400 8192 2782472300 8192 1801103062 8192
27563353709 16384 5208671867 16384 3179845771 16384
55165734303 32768 10765703254 32768 7373785686 32768
