200511969848355803 0 468294 0 468250 0
614326 1 640874 1 611561 1
583934 2 515061 2 509537 2
595176 3 507927 3 489000 3
594246 4 500969 4 489197 4
703273 5 474966 5 470240 5
648790 6 453397 6 452867 6
695126 7 457715 7 447343 7
693148 8 436710 8 436772 8
856858 9 510291 9 438134 9
767411 10 509441 10 436591 10
850378 11 528430 11 452505 11
991165 12 522150 12 448016 12
917033 13 492123 13 421483 13
869993 14 491722 14 421753 14
948011 15 493807 15 421571 15
954585 16 491910 16 421783 16
1039674 17 542231 17 492039 17
1038820 18 542143 18 513024 18
1088548 19 525265 19 460284 19
1036709 20 506904 20 460227 20
1111010 21 497681 21 445886 21
1076462 22 521795 22 432236 22
1114673 23 502509 23 419406 23
1069836 24 489265 24 407492 24
1107643 25 499150 25 408645 25
1123989 26 548677 26 442727 26
1246143 27 507200 27 415992 27
1196558 28 506361 28 419484 28
1256335 29 498939 29 407554 29
1230137 30 518048 30 407574 30
1302298 31 498916 31 407481 31
1294679 32 498968 32 407315 32
1365482 33 570020 33 582207 33
1372891 34 570384 34 581866 34
1423304 35 570245 35 582016 35
1426224 36 570177 36 582080 36
1504624 37 584339 37 582136 37
1503088 38 570070 38 582122 38
1564509 39 570301 39 582254 39
1571136 40 571030 40 619356 40
1631951 41 680156 41 607383 41
1786572 42 674738 42 584774 42
1725272 43 632044 43 598845 43
1703287 44 669424 44 581960 44
1772413 45 667108 45 582050 45
1772057 46 798703 46 582261 46
1848401 47 646143 47 582258 47
1846835 48 632121 48 581897 48
1903580 49 716830 49 648715 49
1903935 50 721451 50 640344 50
1971864 51 715317 51 640472 51
1988260 52 674127 52 640343 52
2040694 53 714502 53 648613 53
2038036 54 742939 54 640332 54
2106899 55 731295 55 640510 55
2106947 56 715329 56 648636 56
2170693 57 785944 57 640402 57
2172043 58 777972 58 648687 58
2238126 59 780863 59 648596 59
2244045 60 733929 60 640289 60
2305495 61 776703 61 640512 61
2306175 62 786202 62 640493 62
2372977 63 781541 63 648831 63
2374060 64 780776 64 640398 64
2464826 65 858433 65 695600 65
2440383 66 892308 66 695429 66
2512539 67 893289 67 695468 67
2505633 68 891059 68 695413 68
2575463 69 891415 69 701507 69
2574176 70 890957 70 695502 70
2643837 71 890919 71 695526 71
2647605 72 890728 72 695472 72
2697369 73 894166 73 695558 73
2701300 74 848421 74 695522 74
2774255 75 921842 75 695450 75
2780211 76 924431 76 695501 76
2840988 77 917065 77 695526 77
2850398 78 924056 78 695595 78
2908160 79 918704 79 695531 79
2908207 80 919025 80 695652 80
2974728 81 966304 81 765176 81
2975064 82 977818 82 767235 82
3043335 83 978180 83 765251 83
3043042 84 979604 84 769456 84
3109489 85 969149 85 765159 85
3109748 86 975492 86 770988 86
3174711 87 978318 87 765151 87
3173913 88 977396 88 773914 88
3241870 89 1019179 89 765067 89
3242062 90 1090734 90 776337 90
3308972 91 1049500 91 765147 91
3308936 92 1010535 92 764981 92
3386057 93 1004451 93 765234 93
3377111 94 1030416 94 765180 94
3443900 95 1040393 95 765142 95
3447953 96 1019899 96 765212 96
3514285 97 1102604 97 798360 97
3516374 98 1086895 98 798338 98
3577752 99 1100416 99 802519 99
3582223 100 1095276 100 802501 100
3652487 101 1087466 101 798385 101
3657338 102 1067862 102 798376 102
3709930 103 1094226 103 807244 103
3716442 104 1103834 104 798518 104
3765193 105 1163129 105 798509 105
3756144 106 1161674 106 798468 106
3855867 107 1110213 107 798378 107
3852220 108 1167196 108 804957 108
3915529 109 1151477 109 802545 109
3913390 110 1168608 110 802693 110
3982573 111 1161866 111 798420 111
3986501 112 1159172 112 802463 112
4047648 113 1245021 113 879436 113
4087994 114 1219916 114 879542 114
4110967 115 1237436 115 879410 115
4111466 116 1204566 116 879365 116
4177421 117 1197745 117 879339 117
4178467 118 1186015 118 879369 118
4251026 119 1173711 119 879603 119
6855486 120 1288032 120 1104405 120
5083825 121 1243651 121 882928 121
7409548 122 1596654 122 1082304 122
5402981 123 1244898 123 1003666 123
5865219 124 1364887 124 906616 124
5358136 125 1258086 125 879516 125
4479483 126 1285121 126 880725 126
4511126 127 1300789 127 880853 127
4534770 128 1276082 128 880770 128
4684978 129 1315338 129 931516 129
4579686 130 1335078 130 1046235 130
4679112 131 1342280 131 914843 131
4653916 132 1348697 132 914889 132
4714292 133 1328084 133 957006 133
4713605 134 1318920 134 931437 134
4793255 135 1327083 135 914858 135
4781426 136 1333012 136 961301 136
4846573 137 1404066 137 948116 137
4851185 138 1384291 138 948067 138
4912747 139 1387023 139 914794 139
4958757 140 1351709 140 931472 140
4982551 141 1365122 141 927174 141
4985553 142 1386738 142 948050 142
5046603 143 1395588 143 931517 143
5051029 144 1403750 144 948056 144
5123230 145 1464212 145 998102 145
5462443 146 1435169 146 1091702 146
5313615 147 1456029 147 998314 147
5189574 148 1452903 148 989637 148
5310797 149 1441566 149 989541 149
5246692 150 1452172 150 989645 150
5315711 151 1427028 151 989721 151
5326855 152 1487781 152 989637 152
5391589 153 1507903 153 989642 153
5381851 154 1519092 154 1010418 154
5450122 155 1517720 155 997860 155
5464636 156 1516555 156 997911 156
5524068 157 1504669 157 998048 157
5522246 158 1517529 158 997989 158
5583804 159 1512119 159 1002528 159
5584176 160 1504548 160 997999 160
5664429 161 1589061 161 1071934 161
5648974 162 1589557 162 1071846 162
5717758 163 1579625 163 1071750 163
5710405 164 1618363 164 1074342 164
5781843 165 1589749 165 1057336 165
5798657 166 1556255 166 1071821 166
5855687 167 1554541 167 1071858 167
5850646 168 1591335 168 1071698 168
5918087 169 1634489 169 1075539 169
5889284 170 1636687 170 1071774 170
5984334 171 1666269 171 1071782 171
5990596 172 1640182 172 1091736 172
6059400 173 1653169 173 1071759 173
6052316 174 1657964 174 1071725 174
6120897 175 1636896 175 1071794 175
6120859 176 1654168 176 1139739 176
6217013 177 1682861 177 1114531 177
6195172 178 1702375 178 1106893 178
6264554 179 1697723 179 1112364 179
6264831 180 1700909 180 1126820 180
6328631 181 1697416 181 1112348 181
6317002 182 1710791 182 1124992 182
6383661 183 1688741 183 1112306 183
6388211 184 1700399 184 1112308 184
6456601 185 1793345 185 1112426 185
6452933 186 1804019 186 1112435 186
6532196 187 1760411 187 1124864 187
6525638 188 1738851 188 1101905 188
6585168 189 1791584 189 1095712 189
6585782 190 1751168 190 1101976 190
6651664 191 1738270 191 1101986 191
6650451 192 1750917 192 1120796 192
6727388 193 1810209 193 1252856 193
6728514 194 1818933 194 1169927 194
6803151 195 1853594 195 1175555 195
6790908 196 1836457 196 1203093 196
6858976 197 1838035 197 1195030 197
6862518 198 1813101 198 1189390 198
6923726 199 1810353 199 1194791 199
6923510 200 1810936 200 1203080 200
7032543 201 1910484 201 1175580 201
6987817 202 1861463 202 1194818 202
7051733 203 1890027 203 1169904 203
7047731 204 1897236 204 1181040 204
7119863 205 1866735 205 1196885 205
7119159 206 1894695 206 1176183 206
7189016 207 1889445 207 1190132 207
7199568 208 1850845 208 1188165 208
7254575 209 1951327 209 1246785 209
7255002 210 1957519 210 1243062 210
7326809 211 1919377 211 1243052 211
7328937 212 1976135 212 1242988 212
7387831 213 1922870 213 1248211 213
7393431 214 1958149 214 1242969 214
7463723 215 1927991 215 1243119 215
7465174 216 1920294 216 1242959 216
7527109 217 1991337 217 1242839 217
7527239 218 2007332 218 1242975 218
7594384 219 1978503 219 1305629 219
7593872 220 2021839 220 1250849 220
7683285 221 1995817 221 1239930 221
7665080 222 2028852 222 1253760 222
7723840 223 2016773 223 1257509 223
7724749 224 1970248 224 1255946 224
7789161 225 2065634 225 1305590 225
7826369 226 2066622 226 1289191 226
7855407 227 2068351 227 1289162 227
7854556 228 2062045 228 1289090 228
7920745 229 2035033 229 1289088 229
7921965 230 2075240 230 1280797 230
7993426 231 2051437 231 1280814 231
7996064 232 2022930 232 1289098 232
8085699 233 2101445 233 1297352 233
8030526 234 2167386 234 1289076 234
8130816 235 2138299 235 1297421 235
8123714 236 2098409 236 1292669 236
8417854 237 2219925 237 1280680 237
8212147 238 2136011 238 1289112 238
8262935 239 2086324 239 1297213 239
8378533 240 2129876 240 1295752 240
8326060 241 2173850 241 1358944 241
8331173 242 2168184 242 1360139 242
8565881 243 2107392 243 1359124 243
8394400 244 2213709 244 1364063 244
8464920 245 2193897 245 1364108 245
8470802 246 2162677 246 1363903 246
8529371 247 2195913 247 1364676 247
8526010 248 2164679 248 1364542 248
8647919 249 2147293 249 1380805 249
8591146 250 2240279 250 1367673 250
8664987 251 2202446 251 1368944 251
8665800 252 2245883 252 1367493 252
8732983 253 2218714 253 1367530 253
8730147 254 2198638 254 1369166 254
8825209 255 2192986 255 1367518 255
8798898 256 2203898 256 1371408 256
8860953 257 2298615 257 1447299 257
8866044 258 2281251 258 1447260 258
8935035 259 2285039 259 1425160 259
8945231 260 2296797 260 1422178 260
9008482 261 2292074 261 1441583 261
9007011 262 2300135 262 1449696 262
9065936 263 2314413 263 1441574 263
9068682 264 2290699 264 1441537 264
9239033 265 2333434 265 1424934 265
9139902 266 2337502 266 1424926 266
9198833 267 2445789 267 1450066 267
9207691 268 2398615 268 1435704 268
9264722 269 2377864 269 1436255 269
9263203 270 2390331 270 1468410 270
9333113 271 2397996 271 1436195 271
9331180 272 2360380 272 1435359 272
9587672 273 2435948 273 1498520 273
9408815 274 2420852 274 1482529 274
9472118 275 2406765 275 1482636 275
9597013 276 2416334 276 1493814 276
9526198 277 2422903 277 1476286 277
9537084 278 2385354 278 1526145 278
9604505 279 2415872 279 1480413 279
9732825 280 2373436 280 1499641 280
9663117 281 2470390 281 1480357 281
9663346 282 2479395 282 1480458 282
9727610 283 2472763 283 1488629 283
9729889 284 2472264 284 1480388 284
9880461 285 2433478 285 1476335 285
9796498 286 2494114 286 1476207 286
9868132 287 2442943 287 1509524 287
9868485 288 2477450 288 1513188 288
9929142 289 2549210 289 1543902 289
9932777 290 2536173 290 1541653 290
10031511 291 2545373 291 1548374 291
10043005 292 2524042 292 1546898 292
10067172 293 2541817 293 1538851 293
10068435 294 2541535 294 1546797 294
10134475 295 2516535 295 1541298 295
10253678 296 2520478 296 1546983 296
10198601 297 2566005 297 1538761 297
10196052 298 2576466 298 1554784 298
10268962 299 2581012 299 1538635 299
10276604 300 2579960 300 1546975 300
10342280 301 2629487 301 1550970 301
10327679 302 2571877 302 1555381 302
10404841 303 2640391 303 1541673 303
10405282 304 2604395 304 1546026 304
10467481 305 2693259 305 1609861 305
10469414 306 2666698 306 1600173 306
10534536 307 2650092 307 1606838 307
10534372 308 2657261 308 1600208 308
10594497 309 2673042 309 1610568 309
10602007 310 2660714 310 1634279 310
10684008 311 2665475 311 1603424 311
10683347 312 2670333 312 1603617 312
10735530 313 2733793 313 1600202 313
10734854 314 2735640 314 1688578 314
10820759 315 2752730 315 1618513 315
10815456 316 2722364 316 1623559 316
16367575 317 3178082 317 1608274 317
10984381 318 3130932 318 2162022 318
15920512 319 3201727 319 1784264 319
10998929 320 2706508 320 1614958 320
11010803 321 2867938 321 1666214 321
11084090 322 2800369 322 1699395 322
11117093 323 2808838 323 1686345 323
11090295 324 2797794 324 1690438 324
11153571 325 2790048 325 1681048 325
11142952 326 2794758 326 1715911 326
11265648 327 2811569 327 1685611 327
11198290 328 2801461 328 1686356 328
11281612 329 2866510 329 1679316 329
11288932 330 2806694 330 1670768 330
11349790 331 2881054 331 1780916 331
11342514 332 2863030 332 1690475 332
11405179 333 2800646 333 1687833 333
11405064 334 2876867 334 1696845 334
11503724 335 2806782 335 1679629 335
11481136 336 2848792 336 1704471 336
11572202 337 2904426 337 1770022 337
11538511 338 2912341 338 1765168 338
11634098 339 2883266 339 1760860 339
11612644 340 2870243 340 1759794 340
11682338 341 2889782 341 1759053 341
11683975 342 2909400 342 1751066 342
11748495 343 2906982 343 1763169 343
11786386 344 2882552 344 1788564 344
11805365 345 2885429 345 1752111 345
11808318 346 2935776 346 1748531 346
11885862 347 2938770 347 1769545 347
11885434 348 3047823 348 1749654 348
11954907 349 2938080 349 1754838 349
11949252 350 2988977 350 1760186 350
12027541 351 3741402 351 2239755 351
12412384 352 2941104 352 1734719 352
12118523 353 3021599 353 1947458 353
12076290 354 3067265 354 1817576 354
12144808 355 2993771 355 1821402 355
12189863 356 2986272 356 1814129 356
12215539 357 3035532 357 1830206 357
12221852 358 3013352 358 1829833 358
12284017 359 3006069 359 1826286 359
12350137 360 3000530 360 1817875 360
12281874 361 3086286 361 1836558 361
12306491 362 3002246 362 1820995 362
12483807 363 3106177 363 1818207 363
12428283 364 3031687 364 1868177 364
12653128 365 3030418 365 1806739 365
12499108 366 3068200 366 1820162 366
12560834 367 3080776 367 1806935 367
12590537 368 3104968 368 1811538 368
12628636 369 3123169 369 1887961 369
12619152 370 3154166 370 1879665 370
12688572 371 3177239 371 1920170 371
12678466 372 3127565 372 1880725 372
12742415 373 3171779 373 1877503 373
12745595 374 3117315 374 1889920 374
12811165 375 3157263 375 1866121 375
12874317 376 3187008 376 1867114 376
12890611 377 3223556 377 1881928 377
12888129 378 3151748 378 1848355 378
12956189 379 3150177 379 1883726 379
13093633 380 3113517 380 1887838 380
13027408 381 3232044 381 1885765 381
13019782 382 3222720 382 1874302 382
13092437 383 3191230 383 1843424 383
13088677 384 3168955 384 1885434 384
13156353 385 3266325 385 1934644 385
13185494 386 3243033 386 1993892 386
13236355 387 3284179 387 1940101 387
13219204 388 3271216 388 1945689 388
13281259 389 3256844 389 1954331 389
13278760 390 3224879 390 1964639 390
13391914 391 3265924 391 1939764 391
13348123 392 3242354 392 1915073 392
13414406 393 3260188 393 1988407 393
13421205 394 3347017 394 1951199 394
13496627 395 3378494 395 1947144 395
13485502 396 3280308 396 1944476 396
13556510 397 3287602 397 1951254 397
13570058 398 3255054 398 1940886 398
13623928 399 3301070 399 1907280 399
13622167 400 3237988 400 1952081 400
13690248 401 3364481 401 2045918 401
13754070 402 3349823 402 1972661 402
13796792 403 3386046 403 2029243 403
13762963 404 3382391 404 1995986 404
13839537 405 3371847 405 2001115 405
13874540 406 3363455 406 1996201 406
13925166 407 3371925 407 2000104 407
13895714 408 3379470 408 1986204 408
13961112 409 3448134 409 1979512 409
14069635 410 3470428 410 2012828 410
14022146 411 3457050 411 2019255 411
14021220 412 3434451 412 2000186 412
14111072 413 3421029 413 1984938 413
14089330 414 3446955 414 1996026 414
14156360 415 3437558 415 1979413 415
14194404 416 3403868 416 1966914 416
14222322 417 3462320 417 2044731 417
14218789 418 3476584 418 2049510 418
14275778 419 3490413 419 2053246 419
14325723 420 3490179 420 2083224 420
14344903 421 3470842 421 2114770 421
14362454 422 3490344 422 2120997 422
14420052 423 3485668 423 2111561 423
14515265 424 3491965 424 2080269 424
14479879 425 3546106 425 2128232 425
14479680 426 3558683 426 2114122 426
14570116 427 3557089 427 2053100 427
14553962 428 3549813 428 2053049 428
14617040 429 3561960 429 2049633 429
14666151 430 3457959 430 2059610 430
14687439 431 3556695 431 2103564 431
14693905 432 3582704 432 2120889 432
14748587 433 3633122 433 2133039 433
14805814 434 3594422 434 2129029 434
14834170 435 3600680 435 2125256 435
14813454 436 3590185 436 2126978 436
14880117 437 3587815 437 2160931 437
15027978 438 3593986 438 2119063 438
14953695 439 8842352 439 2137213 439
15324633 440 3604536 440 2158850 440
15025254 441 3801937 441 2150819 441
15015990 442 3678054 442 2124955 442
15117214 443 3686861 443 2112316 443
15098635 444 3677705 444 2106323 444
15497493 445 3684309 445 2139499 445
15177338 446 3686980 446 2127014 446
15297118 447 3678190 447 2139362 447
15275926 448 3650167 448 2126955 448
15296848 449 3716492 449 2154793 449
15296918 450 3753550 450 2191954 450
15513977 451 3749347 451 2176075 451
15358415 452 3679258 452 2199831 452
15441593 453 3695318 453 2196853 453
15424094 454 3754023 454 2203385 454
15505559 455 3737476 455 2195072 455
15558870 456 3671989 456 2200311 456
15577245 457 3781193 457 2206932 457
15560697 458 3783055 458 2203413 458
15627374 459 3788723 459 2196938 459
15675938 460 3788663 460 2203355 460
15697949 461 3805162 461 2194957 461
15695536 462 3718298 462 2215166 462
15756860 463 3870409 463 2200149 463
15858766 464 3771493 464 2179017 464
15831818 465 3855943 465 2281032 465
15836414 466 3753340 466 2266019 466
15883129 467 3816181 467 2262096 467
15888714 468 3811675 468 2263533 468
16017777 469 3892747 469 2252173 469
15973835 470 3843049 470 2255338 470
16024037 471 3846981 471 2266215 471
16038713 472 3777954 472 2276407 472
16118731 473 3847502 473 2267041 473
16084775 474 3867282 474 2272042 474
16143369 475 3870104 475 2278586 475
16143200 476 3989550 476 2242338 476
16220162 477 3931808 477 2272399 477
16217550 478 3914385 478 2267264 478
16306179 479 3914247 479 2278594 479
16286687 480 3868798 480 2245842 480
16352403 481 3982632 481 2334060 481
16358629 482 3916849 482 2348348 482
16418724 483 3958192 483 2343890 483
16420554 484 3909832 484 2347466 484
16536581 485 3978639 485 2353545 485
16485289 486 3971799 486 2353596 486
16555957 487 3944213 487 2353473 487
16552743 488 3957340 488 2435904 488
16619584 489 3989705 489 2277181 489
16586822 490 4048330 490 2276098 490
16701149 491 4026203 491 2311952 491
16688251 492 4013021 492 2309877 492
16763032 493 4025732 493 2312772 493
16783902 494 4065162 494 2343668 494
16827764 495 3964207 495 2336897 495
16824912 496 3977731 496 2342535 496
16911780 497 4074075 497 2358166 497
16910238 498 4043277 498 2357048 498
16963809 499 4053392 499 2368919 499
16953267 500 4112901 500 2367037 500
17180306 501 4095389 501 2378616 501
17023744 502 4085190 502 2382631 502
17111605 503 4094325 503 2363913 503
17092462 504 4089562 504 2386590 504
17158010 505 4164214 505 2374922 505
17176822 506 4140117 506 2357600 506
17225994 507 4141941 507 2357657 507
17222786 508 4150110 508 2362851 508
17341746 509 4145485 509 2357602 509
17293983 510 4152486 510 2352554 510
17357144 511 4151261 511 2352505 511
17359301 512 4176947 512 2482147 512
17428440 513 4183061 513 2426158 513
17427110 514 4171323 514 2569607 514
17638573 515 4161163 515 2430888 515
17605527 516 4231415 516 2458604 516
17621467 517 4152799 517 2440943 517
17572039 518 4176610 518 2415516 518
17629681 519 4206664 519 2415498 519
17627446 520 4206030 520 2440289 520
17740565 521 4232809 521 2434327 521
17685503 522 4232956 522 2415373 522
17756161 523 4250151 523 2415312 523
17901448 524 4281009 524 2474476 524
17826301 525 4252349 525 2442581 525
17835904 526 4200856 526 2434444 526
17889803 527 4225839 527 2433522 527
17891935 528 4217861 528 2422658 528
18008072 529 4307588 529 2509595 529
18037167 530 4304203 530 2478193 530
18038371 531 4298562 531 2490120 531
18080348 532 4343172 532 2503294 532
18094099 533 4399807 533 2528094 533
18095570 534 4281879 534 2536722 534
18181570 535 4372043 535 2450037 535
18154517 536 4290394 536 2440941 536
25126727 537 4309193 537 2522963 537
18237999 538 4389837 538 2509365 538
18310365 539 4442392 539 2515734 539
18317626 540 4348740 540 2518299 540
18375675 541 4429582 541 2527261 541
18367714 542 4385952 542 2449120 542
18490777 543 4395022 543 2511486 543
18445032 544 4369936 544 2444951 544
18507400 545 4439887 545 2554061 545
18499512 546 4524533 546 2547539 546
18579017 547 4392450 547 2556768 547
18573644 548 4453605 548 2567746 548
18637304 549 4452037 549 2545230 549
18628149 550 4445673 550 2548966 550
18719495 551 4432028 551 2536552 551
18710246 552 4461761 552 2545993 552
18767349 553 4492062 553 2580184 553
18808866 554 4539607 554 2549444 554
18869485 555 5027094 555 2551904 555
18859732 556 4433820 556 2651326 556
19060961 557 4458190 557 2561344 557
18923609 558 4543755 558 2561768 558
19042381 559 4451968 559 2543646 559
18988615 560 4485049 560 2547261 560
19049451 561 4523510 561 2645516 561
19051061 562 4573850 562 2636515 562
19098682 563 4593744 563 2615458 563
19115928 564 4488736 564 2639492 564
19258924 565 4578667 565 2645474 565
19169465 566 4528181 566 2632040 566
19240349 567 4573131 567 2622467 567
19359111 568 4537510 568 2623767 568
19297498 569 4608734 569 2563498 569
19328720 570 4596549 570 2632039 570
19370954 571 4633739 571 2642771 571
19421462 572 4594771 572 2615499 572
19447606 573 4588983 573 2615410 573
19444613 574 4618348 574 2619696 574
19526952 575 4659164 575 2640864 575
19508175 576 4641315 576 2611415 576
19576771 577 4654734 577 2704987 577
19579591 578 4736934 578 2658276 578
19637662 579 4670411 579 2712050 579
19907676 580 4707299 580 2703384 580
19722100 581 4668318 581 2751735 581
19732822 582 4661672 582 2760355 582
19822095 583 4683664 583 2705597 583
19781965 584 4661356 584 2682578 584
19848039 585 4751097 585 2714965 585
19898025 586 4749928 586 2684566 586
19912970 587 4754484 587 2699216 587
19907654 588 4753245 588 2693072 588
20119229 589 4718227 589 2688199 589
19970768 590 4773460 590 2688379 590
20075163 591 4707858 591 2691394 591
20044903 592 4730931 592 2711726 592
20129919 593 4766454 593 2749217 593
20113800 594 4794110 594 2723597 594
20179602 595 4820058 595 2751654 595
20239150 596 4792756 596 2771918 596
20244796 597 4803766 597 2731980 597
20247925 598 4798298 598 2734018 598
20414570 599 4809590 599 2778574 599
20314545 600 4824348 600 2751424 600
20397709 601 4792140 601 2748558 601
20379132 602 4867276 602 2750705 602
20454745 603 4877728 603 2742274 603
20448161 604 4890726 604 2763005 604
20509630 605 4838662 605 2748598 605
20572926 606 4827744 606 2771886 606
20579444 607 4872259 607 2689377 607
20599554 608 4827706 608 2742685 608
20805052 609 4861422 609 2814581 609
20666329 610 4925386 610 2813639 610
20742956 611 4868516 611 2813246 611
20732501 612 4816819 612 2803972 612
20790137 613 4805574 613 2810006 613
20782337 614 4887388 614 2788557 614
20849588 615 4851819 615 2811974 615
20904966 616 4891223 616 2795843 616
20917643 617 4997897 617 2798369 617
20904876 618 4963478 618 2807378 618
21100207 619 4967797 619 2809424 619
26112875 620 4990749 620 2805149 620
21053921 621 4983559 621 2802654 621
21082613 622 4927544 622 2830262 622
21100213 623 4974185 623 2813916 623
21106181 624 4982490 624 2795800 624
21172354 625 5032861 625 2875123 625
21206198 626 5062475 626 2880516 626
21234191 627 4998546 627 2881248 627
21233405 628 5120187 628 2878546 628
21312230 629 5023335 629 2878194 629
21326095 630 4952673 630 2858692 630
21370760 631 5043031 631 2858729 631
21383420 632 5009571 632 2893064 632
21480107 633 5119918 633 2877566 633
21473786 634 5074640 634 2883935 634
21566752 635 5020146 635 2871388 635
21512998 636 5078705 636 2865197 636
21588200 637 5070911 637 2870831 637
21679936 638 5078467 638 2869125 638
21639605 639 5022805 639 2879257 639
21968624 640 5078677 640 2875182 640
21805606 641 5132785 641 2947788 641
21733566 642 5126370 642 2949809 642
21775342 643 5135171 643 2948217 643
21771927 644 5118951 644 2918912 644
21893866 645 5142089 645 2926064 645
21845811 646 5100494 646 2922226 646
21922747 647 5121154 647 3076672 647
21910210 648 5098322 648 2929438 648
21992328 649 5135872 649 2940906 649
21974781 650 5234064 650 2929584 650
22054429 651 5033632 651 2926241 651
22043873 652 5218340 652 2945818 652
22105431 653 5195736 653 2933101 653
22161628 654 5170715 654 2919803 654
22237232 655 5115960 655 2921636 655
22172501 656 5194365 656 2921053 656
22287146 657 5262979 657 3008713 657
22394421 658 5249061 658 3011208 658
22329643 659 5251332 659 3014247 659
22318121 660 5254853 660 3002179 660
22386398 661 5255873 661 3016871 661
22404827 662 5236325 662 2977334 662
22477832 663 5208686 663 2981433 663
22497410 664 5237065 664 2968831 664
22529099 665 5268646 665 2982504 665
22553949 666 5371526 666 3012672 666
22591504 667 5329197 667 2977318 667
22608620 668 5326920 668 2977195 668
22651933 669 5318300 669 2970876 669
22651048 670 5314921 670 3007826 670
22720949 671 5351734 671 2995964 671
22735292 672 5279963 672 3004035 672
22776295 673 5400443 673 3074025 673
22774345 674 5384832 674 3072566 674
22879715 675 5375891 675 3069788 675
22839235 676 5391778 676 3075017 676
22934853 677 5359459 677 3071278 677
22909621 678 5366008 678 3062317 678
22977188 679 5383476 679 3069213 679
22991968 680 5376904 680 3059967 680
23068733 681 5374508 681 3075849 681
23084235 682 5432630 682 3076329 682
23110141 683 5405219 683 3074372 683
23151808 684 5505774 684 3067439 684
23171671 685 5437450 685 3068573 685
23201911 686 5470097 686 3078143 686
23245401 687 5470163 687 3057796 687
23240491 688 5404117 688 3072344 688
23309323 689 5485993 689 3117280 689
23329817 690 5425531 690 3138925 690
23377470 691 5508803 691 3106313 691
23377553 692 5469236 692 3100141 692
23482092 693 5512705 693 3125504 693
28563686 694 5625360 694 3188296 694
23564780 695 5461859 695 3243990 695
23548491 696 5490489 696 3106778 696
23576871 697 5537073 697 3109681 697
23577541 698 5596559 698 3110282 698
23717688 699 5571013 699 3101897 699
23651511 700 5579650 700 3129018 700
23740922 701 5524982 701 3118714 701
23790916 702 5504612 702 3053380 702
23810656 703 5587166 703 3128137 703
23788179 704 5602079 704 3125686 704
23881216 705 5558360 705 3207650 705
23852242 706 5628296 706 3181035 706
23921638 707 5623774 707 3189007 707
23956837 708 5622056 708 3197610 708
24122126 709 5648897 709 3167830 709
23989844 710 5653488 710 3187499 710
24049456 711 5562486 711 3187610 711
24075784 712 5664354 712 3167709 712
24114347 713 5725578 713 3178327 713
24114685 714 5720798 714 3213890 714
24182550 715 5680319 715 3202323 715
24202865 716 5613395 716 3198550 716
24246664 717 5655280 717 3191501 717
24255677 718 5678885 718 3187421 718
24354300 719 5642098 719 3180311 719
24310899 720 5663356 720 3196863 720
24382705 721 5773285 721 3249463 721
24393888 722 5761644 722 3262157 722
24495419 723 5699249 723 3274500 723
24471784 724 5728789 724 3188384 724
24571345 725 5734245 725 3183693 725
24521825 726 5734779 726 3250066 726
24583454 727 5756431 727 3253858 727
24581402 728 5738292 728 3259143 728
24673957 729 5754360 729 3259848 729
24646895 730 5799158 730 3244796 730
24711578 731 5783371 731 3250054 731
24713937 732 5804132 732 3256028 732
24803958 733 5776762 733 3249472 733
24782237 734 5823871 734 3249584 734
24850347 735 5749606 735 3253801 735
24885928 736 5784576 736 3250129 736
24952336 737 5839125 737 3308186 737
24912842 738 5842308 738 3308242 738
24992929 739 5840874 739 3304707 739
24994910 740 5867717 740 3297571 740
25058369 741 5821346 741 3315056 741
25116748 742 5837076 742 3297469 742
25114760 743 5798931 743 3297083 743
25349729 744 5870843 744 3327593 744
25251343 745 6023582 745 3408345 745
25267326 746 5895303 746 3405070 746
25285319 747 5894918 747 3330317 747
25250039 748 5872215 748 3325546 748
25314858 749 5913283 749 3337494 749
25421230 750 5904305 750 3323386 750
25385981 751 5869552 751 3325480 751
25388351 752 5960329 752 3327680 752
25451922 753 6005395 753 3364625 753
25476267 754 5975446 754 3377694 754
25532879 755 5935611 755 3372293 755
25515326 756 5975165 756 3383591 756
25582711 757 5943465 757 3358852 757
25641743 758 5963695 758 3366187 758
26436266 759 5940757 759 3369098 759
25653081 760 5969766 760 3358941 760
31718727 761 6072757 761 3373784 761
25728689 762 6018374 762 3345324 762
25801007 763 6014984 763 3382632 763
25781181 764 6029398 764 3357717 764
25915809 765 6020744 765 3348106 765
25924054 766 6102040 766 3380710 766
25936728 767 6032460 767 3381187 767
25920306 768 6060988 768 3376340 768
25986737 769 6061641 769 3443070 769
26000791 770 6085301 770 3414475 770
26066705 771 6121795 771 3433085 771
26051322 772 6102868 772 3414537 772
26121702 773 6068335 773 3427239 773
26166907 774 6059556 774 3441977 774
26188473 775 6125377 775 3424376 775
26196944 776 6090523 776 3404089 776
26251848 777 6184337 777 3405725 777
26260128 778 6187178 778 3427095 778
26331617 779 6153475 779 3429833 779
26322647 780 6125453 780 3420407 780
26382511 781 6151039 781 3428634 781
26418609 782 6269042 782 3429829 782
26506786 783 6166223 783 3420166 783
26502307 784 6143925 784 3420124 784
26558630 785 6224415 785 3488897 785
26557430 786 6254886 786 3505723 786
26611476 787 6258399 787 3498985 787
26587944 788 6196203 788 3476316 788
26662136 789 6172442 789 3492960 789
26700566 790 6234354 790 3481890 790
26726741 791 6232577 791 3489676 791
26759118 792 6225488 792 3517740 792
27057228 793 6315621 793 3489429 793
26921854 794 6283400 794 3504845 794
26867526 795 6261893 795 3423086 795
26853898 796 6251244 796 3401438 796
26955316 797 6270889 797 3499020 797
26937613 798 6270665 798 3476560 798
26992541 799 6243046 799 3486632 799
27029206 800 6303643 800 3484591 800
27087830 801 6381971 801 3548897 801
27072812 802 6395795 802 3545040 802
27173198 803 6299047 803 3571341 803
27159286 804 6299228 804 3547885 804
27279115 805 6331156 805 3540553 805
27209880 806 6316292 806 3532742 806
27261781 807 6330197 807 3549396 807
27255831 808 6282855 808 3548396 808
27338961 809 6386798 809 3532774 809
27285920 810 6335958 810 3560936 810
27390235 811 6407960 811 3559941 811
27391819 812 6415615 812 3563822 812
27491540 813 6366461 813 3555318 813
27459056 814 6409037 814 3553100 814
27560130 815 6414753 815 3547556 815
27548540 816 6331639 816 3547525 816
27593386 817 6449795 817 3633386 817
27585491 818 6447282 818 3618862 818
27669398 819 6461316 819 3606456 819
27716229 820 6364191 820 3617353 820
27736792 821 6474316 821 3618646 821
27718800 822 6417354 822 3605903 822
32965446 823 6456906 823 3633474 823
27822019 824 6477798 824 3622880 824
27887104 825 6510444 825 3628148 825
27857385 826 6521665 826 3625117 826
27947978 827 6424642 827 3614947 827
27998889 828 6474584 828 3615597 828
27991496 829 6569286 829 3629207 829
28029106 830 6440305 830 3625929 830
28083081 831 6565813 831 3605239 831
28069342 832 6468568 832 3615810 832
28131504 833 6550250 833 3689038 833
28127521 834 6551747 834 3686296 834
28247738 835 6597626 835 3688177 835
28203817 836 6545371 836 3677956 836
28257526 837 6599047 837 3583460 837
28275977 838 6933857 838 3834891 838
28385048 839 6679063 839 3589666 839
28359455 840 6580351 840 3661242 840
28392194 841 6681330 841 3678777 841
28447881 842 6671794 842 3604550 842
28485082 843 6667101 843 3701503 843
28458162 844 6698634 844 3669781 844
28568166 845 6608051 845 3690283 845
28548482 846 6695768 846 3688324 846
28619107 847 6680520 847 3661950 847
28591959 848 6655318 848 3664146 848
28661457 849 6687098 849 3749252 849
28695285 850 6699856 850 3754405 850
28729671 851 6677492 851 3752976 851
28766993 852 6718136 852 3725030 852
28819365 853 6648917 853 3752303 853
28811406 854 6713241 854 3738609 854
28860750 855 6684254 855 3737051 855
28865783 856 6714363 856 3753856 856
28991547 857 6741014 857 3747600 857
28956170 858 6729022 858 3739167 858
29042036 859 6759927 859 3709247 859
29053842 860 6673701 860 3751281 860
29092406 861 6722239 861 3756918 861
29079632 862 6756251 862 3733166 862
29129097 863 6746329 863 3737294 863
29201181 864 6712237 864 3702950 864
29224557 865 6745490 865 3805858 865
29212774 866 6799605 866 3781993 866
29291955 867 6838482 867 3802399 867
29297669 868 6781625 868 3800639 868
29357168 869 6846552 869 3808901 869
29357098 870 6708741 870 3809245 870
29475856 871 6755541 871 3796044 871
29430090 872 6837453 872 3807991 872
29484336 873 6888835 873 3802670 873
29492060 874 6844213 874 3793809 874
29554174 875 6880292 875 3787625 875
29570190 876 6803255 876 3824478 876
29610233 877 6873503 877 3793067 877
29658498 878 6874900 878 3827179 878
29687074 879 6902780 879 3821965 879
29713330 880 6876268 880 3850946 880
34572309 881 7452190 881 3999600 881
29819177 882 7017715 882 3896689 882
29813645 883 6926364 883 3863112 883
29824354 884 6871192 884 3871176 884
29924706 885 6867165 885 3860807 885
29854976 886 6894421 886 3864601 886
29931714 887 6913282 887 3863221 887
29942513 888 6923391 888 3864697 888
30005770 889 6994203 889 3883296 889
30012984 890 7004232 890 3885560 890
30067553 891 6930177 891 3862700 891
30107377 892 6964682 892 3856876 892
30138807 893 6964317 893 3863423 893
30137923 894 6983847 894 3875124 894
30349054 895 6943070 895 3866072 895
30212506 896 6979994 896 3771619 896
30274876 897 6993548 897 3854626 897
30265583 898 7034246 898 3943982 898
30426883 899 6995922 899 3937618 899
30328151 900 7043573 900 3906708 900
30438428 901 7061554 901 3925496 901
30408765 902 7026947 902 3949187 902
30464823 903 7056575 903 3928620 903
30469430 904 7031990 904 3925497 904
30540042 905 7098461 905 3933239 905
30578902 906 7126484 906 3946162 906
30604707 907 7079308 907 3953213 907
30640927 908 7112104 908 3931871 908
30683235 909 6973946 909 3940633 909
30683280 910 7036617 910 3940764 910
30736906 911 7055204 911 3951565 911
30732933 912 7139211 912 3908187 912
30849051 913 7121610 913 3967007 913
30813621 914 7152419 914 3973154 914
30890119 915 7145648 915 3954555 915
30886942 916 7179266 916 4025083 916
30950639 917 7125395 917 3984755 917
30934979 918 7121441 918 3996113 918
31009313 919 7137534 919 3942132 919
31032056 920 7192686 920 3987380 920
31072367 921 7196165 921 3995579 921
31089023 922 7186213 922 4418635 922
31519262 923 7209874 923 4084030 923
31167249 924 7184704 924 3980692 924
31201136 925 7269906 925 4025435 925
31222875 926 7251536 926 3991939 926
31330279 927 7222032 927 3991899 927
31302532 928 7223784 928 4004579 928
31359604 929 7263287 929 4085119 929
31361384 930 7302174 930 4038765 930
31436038 931 7236710 931 4057402 931
31414628 932 7285383 932 4077892 932
31520673 933 7289066 933 4058608 933
31469215 934 7274318 934 4057475 934
31579150 935 7260037 935 9883443 935
34710226 936 8046860 936 4013343 936
31732719 937 7330115 937 4070354 937
31622165 938 7300313 938 4055351 938
31710605 939 7372724 939 4059003 939
31675064 940 7318595 940 4043482 940
31740794 941 7322495 941 4050558 941
31743177 942 7280266 942 4033241 942
31800310 943 7439927 943 4069863 943
31805299 944 7360385 944 4070009 944
31876224 945 7351753 945 4120054 945
31963138 946 7383341 946 4150170 946
31958208 947 7366460 947 4109917 947
31974929 948 7379258 948 4099830 948
32033032 949 7399589 949 4092040 949
32125073 950 7403505 950 4104766 950
32078883 951 7402015 951 4138469 951
32103432 952 7402943 952 4146551 952
32146700 953 7422929 953 4126046 953
32138417 954 7460320 954 4209338 954
32213673 955 7423361 955 4094662 955
32209558 956 7505122 956 4114760 956
32279139 957 7461093 957 4118787 957
32276549 958 7430964 958 4112895 958
32401804 959 7487349 959 4112891 959
32344104 960 7486231 960 4114636 960
32470093 961 7483358 961 4166493 961
33338196 962 7524589 962 4188817 962
32777220 963 7497057 963 4181041 963
32491259 964 7486399 964 4173411 964
32576092 965 7555905 965 4223735 965
32543640 966 7531662 966 4181371 966
32609861 967 7515423 967 4221877 967
32612700 968 7512546 968 4184009 968
32785665 969 7501503 969 4178900 969
32676631 970 7594580 970 4182745 970
32738784 971 7499142 971 4190705 971
32788424 972 7588905 972 4192541 972
32797552 973 7527320 973 4187878 973
32845791 974 7542406 974 4195322 974
32893675 975 7563224 975 4170277 975
32971792 976 7516262 976 4192760 976
32941879 977 7657099 977 4259882 977
32994204 978 7643677 978 4237222 978
33025182 979 7606157 979 4259279 979
33047592 980 7575369 980 4244918 980
33096236 981 7646440 981 4262840 981
33178202 982 7625803 982 4238966 982
33143921 983 7556663 983 4264359 983
33165256 984 7634655 984 4231473 984
33240574 985 7635544 985 4243707 985
33212704 986 7685618 986 4243291 986
40652293 987 7831117 987 4464148 987
35122600 988 7784462 988 4250323 988
33371572 989 7644850 989 4235407 989
33362430 990 7674575 990 4237360 990
33475173 991 7710101 991 4157059 991
33411245 992 7672835 992 4131244 992
33519687 993 7737655 993 4281429 993
33516910 994 7846066 994 4299244 994
33542782 995 7752524 995 4299075 995
33544281 996 7717020 996 4299136 996
33667251 997 7818342 997 4295318 997
33630191 998 7753460 998 4267547 998
33719408 999 7725699 999 4279292 999
34561781 1000 7719807 1000 4643827 1000
33784941 1001 7748735 1001 4274056 1001
33750809 1002 7784055 1002 4302638 1002
33878482 1003 7863839 1003 4293098 1003
33806272 1004 7804454 1004 4301181 1004
33917630 1005 7805695 1005 4287318 1005
33915769 1006 7824000 1006 4301691 1006
34084815 1007 7803557 1007 4299542 1007
33952477 1008 7821741 1008 4272339 1008
34074827 1009 7845876 1009 4382300 1009
34040938 1010 7810050 1010 4346775 1010
34086998 1011 7864141 1011 4267947 1011
34096251 1012 7825162 1012 4354764 1012
34220103 1013 7853929 1013 4362019 1013
34142385 1014 7878296 1014 4360970 1014
34231172 1015 7851691 1015 4383440 1015
34214524 1016 7853860 1016 4360009 1016
34343651 1017 7880498 1017 4387459 1017
34324270 1018 7885104 1018 4374482 1018
34444028 1019 7953933 1019 4377282 1019
34363176 1020 7940854 1020 4357090 1020
34431312 1021 7912964 1021 4406308 1021
34448432 1022 7931109 1022 4370212 1022
34487556 1023 7932482 1023 4390505 1023
34505329 1024 7950940 1024 4361303 1024
34683862 1025 7938114 1025 4409953 1025
34556253 1026 7958054 1026 4414566 1026
34617095 1027 7981759 1027 4396823 1027
34692285 1028 7953112 1028 4417314 1028
34764658 1029 7922338 1029 4418644 1029
34723734 1030 7986053 1030 4418318 1030
34822435 1031 7965421 1031 4412429 1031
34750697 1032 7985497 1032 4418486 1032
34809359 1033 8097627 1033 4405925 1033
34835055 1034 8092704 1034 4429226 1034
34886558 1035 7998172 1035 4438769 1035
41234917 1036 8304223 1036 4438273 1036
35149612 1037 8051010 1037 4424159 1037
34950137 1038 8032212 1038 4421790 1038
35044005 1039 7986855 1039 4404812 1039
35097714 1040 8106399 1040 4414574 1040
35096164 1041 8082111 1041 4474357 1041
35128047 1042 8024306 1042 4465981 1042
35202654 1043 8138776 1043 4500797 1043
35161544 1044 8090413 1044 4490447 1044
35232897 1045 8039873 1045 4488885 1045
35248393 1046 8076712 1046 4524267 1046
35286058 1047 8097867 1047 4440859 1047
35332124 1048 7994873 1048 4477352 1048
35376919 1049 8105041 1049 4479057 1049
35349478 1050 8123962 1050 4474385 1050
35438787 1051 8121759 1051 4474240 1051
35533238 1052 8182336 1052 4478622 1052
35494214 1053 8106545 1053 4527534 1053
35514822 1054 8178968 1054 4503596 1054
35591740 1055 8173174 1055 4457651 1055
35556763 1056 8169661 1056 4478548 1056
35642762 1057 8232604 1057 4606171 1057
35615253 1058 8139015 1058 4548147 1058
35686123 1059 8221154 1059 4553318 1059
35706835 1060 8194542 1060 4543345 1060
35779754 1061 8208599 1061 4546345 1061
35746857 1062 8147678 1062 4546155 1062
35852709 1063 8191547 1063 4540366 1063
35825032 1064 8202404 1064 4540296 1064
35910833 1065 8244803 1065 4548069 1065
35908516 1066 8212546 1066 4543262 1066
35977981 1067 8282659 1067 4529798 1067
35955931 1068 8266143 1068 4529872 1068
36087827 1069 8378454 1069 4500242 1069
36038591 1070 8224373 1070 4569644 1070
36130893 1071 8288587 1071 4529867 1071
36888221 1072 8249909 1072 4734548 1072
36154588 1073 8329177 1073 4610427 1073
36165112 1074 8325105 1074 4594803 1074
36322083 1075 8329084 1075 4615328 1075
36221911 1076 8297653 1076 4616118 1076
36353602 1077 8317323 1077 4613787 1077
36330666 1078 8272145 1078 4598531 1078
36371585 1079 8294197 1079 4608442 1079
36356047 1080 8323138 1080 4621342 1080
36452654 1081 8399831 1081 4616428 1081
36422448 1082 8430542 1082 4596881 1082
44203323 1083 8423479 1083 4595378 1083
36544180 1084 8353900 1084 4606435 1084
36573090 1085 8335994 1085 4609870 1085
36579967 1086 8394588 1086 4649531 1086
36627665 1087 8341387 1087 4607121 1087
36622022 1088 8409419 1088 4592409 1088
36715884 1089 8428915 1089 4608622 1089
36714961 1090 8446165 1090 4678247 1090
36759161 1091 8445017 1091 4682308 1091
36810710 1092 8297835 1092 4690224 1092
36820194 1093 8371508 1093 4718293 1093
36834779 1094 8398899 1094 4618534 1094
36916556 1095 8421635 1095 4570019 1095
36894990 1096 8391893 1096 4587882 1096
36955388 1097 8474161 1097 4626296 1097
37025969 1098 8505174 1098 4580440 1098
37044248 1099 8441068 1099 4651715 1099
37033137 1100 8547609 1100 4663743 1100
37110545 1101 8481065 1101 4679709 1101
37092693 1102 8522578 1102 4680490 1102
37180420 1103 8448998 1103 4663968 1103
37192663 1104 8592286 1104 4661937 1104
37225788 1105 8560176 1105 4711281 1105
38121700 1106 8696063 1106 4754651 1106
37462763 1107 8568891 1107 4734112 1107
37289618 1108 8529476 1108 4733542 1108
37418967 1109 8584891 1109 4732162 1109
37362872 1110 8595032 1110 4735417 1110
37464977 1111 8564079 1111 4721885 1111
37489408 1112 8572776 1112 4726933 1112
37517329 1113 8581807 1113 4744108 1113
37489391 1114 8550397 1114 4730040 1114
37604957 1115 8551190 1115 4729057 1115
37557906 1116 8614805 1116 4703008 1116
37649980 1117 8566715 1117 4739699 1117
37653639 1118 8579766 1118 4726840 1118
37700569 1119 8594660 1119 4741198 1119
37720194 1120 8627178 1120 4761873 1120
37756135 1121 8682416 1121 4778489 1121
37773918 1122 8721232 1122 4799675 1122
37845519 1123 8640078 1123 4824838 1123
37824120 1124 8700549 1124 4800137 1124
37894877 1125 8735857 1125 4797754 1125
37947566 1126 8719462 1126 4810517 1126
38012047 1127 8703640 1127 4760359 1127
44809016 1128 8988537 1128 5235153 1128
45286083 1129 8766374 1129 4802839 1129
38050432 1130 8735298 1130 4682838 1130
38133504 1131 8749196 1131 4790693 1131
38107616 1132 8701548 1132 4763504 1132
38201146 1133 8692347 1133 4787134 1133
38206924 1134 8667861 1134 4815080 1134
38269323 1135 8746435 1135 4783001 1135
38250890 1136 8829120 1136 4821184 1136
38345004 1137 8773123 1137 4819419 1137
38320937 1138 8818013 1138 4877501 1138
39197461 1139 8922712 1139 4850060 1139
38747122 1140 8792418 1140 4824939 1140
38465675 1141 8857908 1141 4887679 1141
38513743 1142 8811442 1142 4844757 1142
38524638 1143 8783973 1143 4892951 1143
38536745 1144 8765794 1144 4867310 1144
38731994 1145 8842629 1145 4764462 1145
38587156 1146 8875792 1146 4870601 1146
38650527 1147 8841227 1147 4862107 1147
38650529 1148 8836891 1148 4878149 1148
38716936 1149 8801992 1149 4861110 1149
38715226 1150 8874731 1150 4855470 1150
38891635 1151 8851095 1151 4875579 1151
38790663 1152 8800764 1152 4819507 1152
38861910 1153 8923318 1153 4943698 1153
38864948 1154 8888630 1154 4985505 1154
38937101 1155 8918330 1155 4915530 1155
39016902 1156 8943975 1156 4910380 1156
38984830 1157 8898155 1157 4935696 1157
38995484 1158 8801373 1158 4969023 1158
39051427 1159 8930337 1159 4954510 1159
39057223 1160 8889323 1160 4954359 1160
39137122 1161 8971510 1161 5039024 1161
39123026 1162 9017233 1162 4907851 1162
39190278 1163 8999471 1163 4953364 1163
39220441 1164 9083456 1164 4916785 1164
39284612 1165 8980265 1165 4894634 1165
39272116 1166 8943587 1166 4942031 1166
39499758 1167 8975218 1167 4941646 1167
39328727 1168 9042896 1168 4910920 1168
39398683 1169 9004531 1169 4981634 1169
39376493 1170 9048705 1170 4966407 1170
39466391 1171 14733281 1171 4994028 1171
39563393 1172 9044604 1172 5006658 1172
39494592 1173 9034940 1173 4998247 1173
39514316 1174 8927938 1174 5005366 1174
39570419 1175 9045471 1175 4990221 1175
39565529 1176 9072915 1176 4928451 1176
39649024 1177 9135356 1177 4881822 1177
39643406 1178 9103506 1178 4990585 1178
39694543 1179 9101974 1179 5002284 1179
39757076 1180 9092055 1180 5000930 1180
39783189 1181 9065980 1181 5019109 1181
40063498 1182 8999378 1182 4982802 1182
39901330 1183 9028523 1183 4977436 1183
39834890 1184 9069925 1184 4973219 1184
39913326 1185 9117262 1185 5051569 1185
39896939 1186 9161770 1186 5052382 1186
39972310 1187 9135357 1187 5058322 1187
39994788 1188 9155878 1188 5034663 1188
40043941 1189 9157055 1189 5051745 1189
40581896 1190 9092609 1190 5062332 1190
40091993 1191 9123358 1191 5031997 1191
40108307 1192 9170587 1192 5039377 1192
40214595 1193 9167289 1193 5060775 1193
40530258 1194 9137332 1194 5025408 1194
40239293 1195 9209115 1195 5050666 1195
40281456 1196 9249370 1196 5031845 1196
40306278 1197 9211717 1197 5049748 1197
40308661 1198 9181089 1198 5014047 1198
40360934 1199 9202479 1199 4937213 1199
40370405 1200 9183704 1200 4929620 1200
40445319 1201 9220740 1201 5077266 1201
40454359 1202 9191707 1202 5106297 1202
40529851 1203 9183748 1203 5120933 1203
40565628 1204 9278869 1204 5111968 1204
40597372 1205 9231241 1205 5086592 1205
40607785 1206 9286573 1206 5099984 1206
40700720 1207 9229579 1207 5123049 1207
40673398 1208 9264831 1208 5118872 1208
40772261 1209 9259224 1209 5102382 1209
40728244 1210 9289436 1210 5098087 1210
40804103 1211 9307706 1211 5127994 1211
40799518 1212 9273009 1212 5105674 1212
40877088 1213 14990409 1213 5109093 1213
40915678 1214 9333623 1214 5095999 1214
40923433 1215 9318592 1215 5069988 1215
40949984 1216 9365188 1216 5140653 1216
41059657 1217 9402635 1217 5166795 1217
41010191 1218 9386007 1218 5183425 1218
41099854 1219 9382042 1219 5109955 1219
41091000 1220 9382748 1220 5176871 1220
41149659 1221 9300941 1221 5154363 1221
41157253 1222 9385908 1222 5167251 1222
41192567 1223 9352906 1223 5171072 1223
41225860 1224 9259377 1224 5168667 1224
41262690 1225 9461320 1225 5184040 1225
41262303 1226 9457515 1226 5160526 1226
41325491 1227 9415272 1227 5187389 1227
41321965 1228 9485090 1228 5179540 1228
41407277 1229 9396379 1229 5150532 1229
41415690 1230 9453684 1230 5164583 1230
41461317 1231 9399169 1231 5168244 1231
41461467 1232 9476842 1232 5165971 1232
41578046 1233 9450060 1233 5218335 1233
41573995 1234 9450749 1234 5247814 1234
41599894 1235 9451510 1235 5230367 1235
41593279 1236 9501762 1236 5230280 1236
41668443 1237 9459532 1237 5225484 1237
41659056 1238 9467862 1238 5217748 1238
41741720 1239 9483293 1239 5248046 1239
41733194 1240 9466548 1240 5216580 1240
41798251 1241 9548432 1241 5210182 1241
41808901 1242 9515793 1242 5196836 1242
41867232 1243 9533866 1243 5245856 1243
41884560 1244 9581842 1244 5197950 1244
41996984 1245 9607137 1245 5235040 1245
41942488 1246 9539979 1246 5216637 1246
42056982 1247 9542710 1247 5206165 1247
41999607 1248 9559465 1248 5206252 1248
42083607 1249 9510168 1249 5304003 1249
42099254 1250 9523601 1250 5331867 1250
42134351 1251 9605467 1251 5297596 1251
42152037 1252 9586533 1252 5296622 1252
42199994 1253 9607476 1253 5268503 1253
49660166 1254 10457519 1254 6939617 1254
43330530 1255 9573160 1255 5279340 1255
42261788 1256 9577449 1256 5303927 1256
42321851 1257 9664192 1257 5287604 1257
42331774 1258 9709342 1258 5270536 1258
42405679 1259 9663787 1259 5296565 1259
42377044 1260 9702185 1260 5295827 1260
42443067 1261 9622366 1261 5308512 1261
42442326 1262 9661424 1262 5318478 1262
42510148 1263 9734245 1263 5318896 1263
42534419 1264 9636527 1264 5182239 1264
42577953 1265 9692923 1265 5232765 1265
42579004 1266 9708574 1266 5285192 1266
42882212 1267 9721219 1267 5346043 1267
42645108 1268 9712716 1268 5355295 1268
42743527 1269 9772151 1269 5361062 1269
42744438 1270 9729020 1270 5372644 1270
42784829 1271 9698219 1271 5383933 1271
42811437 1272 9727989 1272 5387114 1272
42840158 1273 9824497 1273 5342436 1273
42849499 1274 9830436 1274 5357199 1274
42905269 1275 9856866 1275 5355795 1275
42915351 1276 9722218 1276 5341517 1276
43008787 1277 9772660 1277 5336568 1277
42978300 1278 9883817 1278 5381339 1278
43079135 1279 9777969 1279 5367332 1279
43035542 1280 9749823 1280 5355408 1280
43134038 1281 9847637 1281 5415451 1281
43142163 1282 9891674 1282 5427984 1282
43193505 1283 9834300 1283 5402198 1283
43216016 1284 9897064 1284 5433883 1284
43241601 1285 9796628 1285 5422172 1285
43255428 1286 9797337 1286 5388330 1286
43327970 1287 9803931 1287 5392578 1287
43315782 1288 9786429 1288 5390543 1288
43414580 1289 9947612 1289 5423749 1289
43393163 1290 9958751 1290 5423519 1290
43455677 1291 9947140 1291 5451566 1291
43446631 1292 9856710 1292 5403987 1292
56484573 1293 9928761 1293 5304553 1293
43555120 1294 9914614 1294 5419245 1294
43606228 1295 9876201 1295 5392562 1295
43693254 1296 9810871 1296 5410415 1296
43645566 1297 9939746 1297 5439213 1297
43803723 1298 9929674 1298 5520118 1298
43739330 1299 9920815 1299 5502600 1299
43709851 1300 9939889 1300 5489010 1300
43825621 1301 9941675 1301 5462266 1301
43784712 1302 10277389 1302 5542338 1302
43976412 1303 9970154 1303 5501600 1303
43862860 1304 9926432 1304 5478964 1304
43928323 1305 9940618 1305 5488746 1305
43952483 1306 10040835 1306 5484391 1306
44005148 1307 10076834 1307 5462029 1307
44031764 1308 9976261 1308 5476749 1308
44041905 1309 9975856 1309 5492561 1309
44061024 1310 9985241 1310 5470238 1310
44145572 1311 9993981 1311 5456034 1311
44210146 1312 9994664 1312 5496880 1312
44212677 1313 10108373 1313 5507774 1313
44183377 1314 10072722 1314 5510809 1314
44281693 1315 10160421 1315 5544799 1315
44251991 1316 10066893 1316 5532580 1316
44458385 1317 10128362 1317 5552624 1317
44347381 1318 10078594 1318 5439949 1318
44388869 1319 10078562 1319 5556208 1319
44405547 1320 10103078 1320 5560663 1320
44445229 1321 10106119 1321 5510780 1321
44567786 1322 10020548 1322 5522547 1322
44547163 1323 10174600 1323 5499890 1323
44519507 1324 10148697 1324 5514536 1324
44616592 1325 10178776 1325 5550125 1325
44583347 1326 10042342 1326 5648485 1326
44714173 1327 10131967 1327 5501026 1327
44726190 1328 10120933 1328 5533652 1328
44720800 1329 10107351 1329 5581127 1329
44748029 1330 10222820 1330 5560708 1330
44916849 1331 16190286 1331 6097300 1331
48397973 1332 10194287 1332 5679737 1332
44889557 1333 10170037 1333 5605017 1333
44898289 1334 10239783 1334 5587346 1334
44936821 1335 10168132 1335 5607864 1335
45131672 1336 10189302 1336 5595092 1336
45021278 1337 10258334 1337 5623981 1337
45039231 1338 11149769 1338 5634452 1338
45260317 1339 10349097 1339 5601472 1339
45135351 1340 10229948 1340 5806204 1340
45193690 1341 10303671 1341 5625802 1341
45186801 1342 10235898 1342 5536863 1342
45234579 1343 10239164 1343 5609025 1343
45245573 1344 10246320 1344 5652062 1344
45400159 1345 10273556 1345 5690127 1345
45336302 1346 10361345 1346 5549204 1346
45343096 1347 10323413 1347 5680235 1347
45354330 1348 10367264 1348 5662038 1348
45415268 1349 10301617 1349 5543942 1349
45567219 1350 10333902 1350 5671385 1350
45496756 1351 10343924 1351 5618294 1351
45460487 1352 10316499 1352 5642438 1352
45586090 1353 10294988 1353 5671441 1353
45597197 1354 10357234 1354 5652458 1354
45779846 1355 10353333 1355 5636086 1355
45624456 1356 10356840 1356 5690567 1356
45685188 1357 10345533 1357 5676874 1357
45717484 1358 10406083 1358 5689118 1358
45855271 1359 10452612 1359 5664272 1359
45765629 1360 10408768 1360 5648408 1360
45809684 1361 10421587 1361 5740214 1361
45970762 1362 10484344 1362 5755906 1362
45882018 1363 10408844 1363 5700737 1363
46055477 1364 10423465 1364 5728098 1364
45956480 1365 10474497 1365 5747737 1365
45974089 1366 10417432 1366 5735121 1366
46059166 1367 10435714 1367 5741200 1367
46011939 1368 10545144 1368 11129541 1368
58890346 1369 10507118 1369 5751940 1369
46167334 1370 10519716 1370 5726698 1370
46194085 1371 10444928 1371 5711301 1371
46119003 1372 10460568 1372 5730816 1372
46498334 1373 10431188 1373 5740652 1373
46237169 1374 10518926 1374 5696814 1374
46253273 1375 10458979 1375 5743133 1375
46279170 1376 10579559 1376 5740631 1376
46357495 1377 10594831 1377 5799405 1377
46369934 1378 10512716 1378 5780946 1378
46389565 1379 10572603 1379 5790228 1379
46399548 1380 10575783 1380 5768403 1380
46455653 1381 10572628 1381 5766486 1381
46576850 1382 10542937 1382 5793518 1382
46504710 1383 10533237 1383 5769764 1383
46503440 1384 10517049 1384 5780160 1384
46617030 1385 10584866 1385 5792169 1385
46727299 1386 10571220 1386 5892776 1386
46694584 1387 10476097 1387 5772949 1387
46699584 1388 10627289 1388 5797117 1388
46791842 1389 10636676 1389 5745541 1389
46718860 1390 10631261 1390 5665024 1390
46913827 1391 10600388 1391 5739541 1391
46820982 1392 10549647 1392 5762842 1392
46860065 1393 10695976 1393 5865637 1393
46888395 1394 10648546 1394 5821605 1394
46946773 1395 10696387 1395 5868403 1395
47054888 1396 10662918 1396 5837194 1396
50092506 1397 10664666 1397 5868685 1397
47130805 1398 10664290 1398 5892957 1398
47117637 1399 10624601 1399 5851517 1399
47299672 1400 10625411 1400 5834838 1400
47167661 1401 10706516 1401 5870317 1401
47150902 1402 10728680 1402 5886876 1402
47253762 1403 10692191 1403 5850339 1403
47213606 1404 10749295 1404 13562749 1404
51603398 1405 10737828 1405 5864399 1405
47388251 1406 10763725 1406 5719614 1406
47480534 1407 10786430 1407 5731136 1407
47324027 1408 10760042 1408 5727153 1408
47627430 1409 10770585 1409 5907552 1409
47390945 1410 10751052 1410 5936548 1410
47486471 1411 10680433 1411 5829794 1411
47538080 1412 10713862 1412 5902164 1412
47525915 1413 10890340 1413 5941245 1413
47577864 1414 10797865 1414 5931986 1414
47587034 1415 10754632 1415 5931944 1415
47640228 1416 10718317 1416 5894370 1416
47665060 1417 10823491 1417 5909453 1417
47804302 1418 10907809 1418 5933283 1418
47804793 1419 10814220 1419 5896867 1419
47737164 1420 10803275 1420 5943010 1420
47822801 1421 10884473 1421 5906838 1421
47882563 1422 10762359 1422 5938882 1422
47878308 1423 10831686 1423 5906537 1423
47858273 1424 10869323 1424 5900606 1424
47971815 1425 10874700 1425 5960053 1425
48017324 1426 10889095 1426 5989800 1426
48150418 1427 10901730 1427 5970532 1427
48002489 1428 10946156 1428 5987667 1428
48126761 1429 10949497 1429 5954488 1429
48085801 1430 10907115 1430 5962722 1430
48256235 1431 10835756 1431 5824226 1431
48123770 1432 10900891 1432 5837047 1432
48238190 1433 11017825 1433 5971032 1433
48247973 1434 10975560 1434 5976796 1434
48262252 1435 10996273 1435 6057713 1435
48324816 1436 10981194 1436 5983677 1436
48326460 1437 10989170 1437 5977875 1437
48354894 1438 10969194 1438 6037703 1438
48388763 1439 10945020 1439 5966948 1439
53624682 1440 10956848 1440 5950176 1440
48470096 1441 11021821 1441 6028726 1441
48479110 1442 11067876 1442 6052998 1442
48566347 1443 11033166 1443 6038891 1443
48583785 1444 11068750 1444 6058698 1444
48606803 1445 11070817 1445 6044758 1445
48595082 1446 11001413 1446 6037696 1446
48681681 1447 11077849 1447 6073316 1447
48638909 1448 11054387 1448 6065475 1448
48793917 1449 11111278 1449 6025264 1449
48728747 1450 11095592 1450 6027884 1450
49009593 1451 11139370 1451 6027453 1451
48792469 1452 11109262 1452 5998269 1452
48958443 1453 11121939 1453 6058518 1453
48868436 1454 11066955 1454 6048177 1454
48967161 1455 11139081 1455 6025224 1455
48970624 1456 11110897 1456 6033200 1456
49040247 1457 11115482 1457 6110877 1457
49002522 1458 11169334 1458 6085597 1458
49068817 1459 11132366 1459 6094924 1459
49108721 1460 11120912 1460 6084764 1460
49128189 1461 11178649 1461 6094526 1461
49198769 1462 11194773 1462 6109517 1462
49245425 1463 11212893 1463 6091837 1463
49224284 1464 11185510 1464 6079172 1464
49566433 1465 11205347 1465 6099599 1465
49356726 1466 11205734 1466 6090963 1466
49330089 1467 11219913 1467 6090734 1467
49339552 1468 11214525 1468 6086630 1468
49433048 1469 11140820 1469 6088805 1469
49445799 1470 11199940 1470 6075961 1470
49472841 1471 11209990 1471 6102338 1471
49463691 1472 11220510 1472 6091781 1472
49578572 1473 11281304 1473 6171471 1473
49530694 1474 13974151 1474 6192080 1474
49628753 1475 11219376 1475 6144477 1475
49629618 1476 11284300 1476 6103096 1476
49730487 1477 11254937 1477 6143001 1477
49667605 1478 11227933 1478 6157742 1478
49888231 1479 11269887 1479 6130868 1479
49712441 1480 11258671 1480 6150128 1480
49826546 1481 11329909 1481 6136246 1481
49798728 1482 11365574 1482 6119508 1482
50035055 1483 11397106 1483 6160435 1483
49895971 1484 11263714 1484 6155534 1484
49940250 1485 11343698 1485 6163283 1485
49962017 1486 11325098 1486 6152228 1486
50193447 1487 11315557 1487 6135781 1487
50003165 1488 11320503 1488 6155833 1488
50080921 1489 11385272 1489 6191673 1489
50112115 1490 11376567 1490 6242398 1490
50130760 1491 11398430 1491 6267312 1491
50162112 1492 11347727 1492 6241666 1492
50222547 1493 11360108 1493 6226866 1493
50333290 1494 11346103 1494 6229199 1494
50265248 1495 11387563 1495 6199823 1495
50439599 1496 11357200 1496 6212608 1496
50337119 1497 11360508 1497 6248172 1497
50371824 1498 11425729 1498 6214532 1498
50401835 1499 11428870 1499 6222370 1499
50554365 1500 11408277 1500 6162703 1500
50494974 1501 11390417 1501 6243531 1501
50483571 1502 11366588 1502 6083588 1502
50570284 1503 11402459 1503 6213393 1503
50668217 1504 11485531 1504 6210404 1504
50626606 1505 11538930 1505 6187940 1505
50597008 1506 11559553 1506 6295985 1506
50717511 1507 11489908 1507 6308922 1507
56036769 1508 11649151 1508 7240464 1508
54432999 1509 11405597 1509 6325819 1509
50778137 1510 11479307 1510 6274766 1510
50872589 1511 11424874 1511 6276275 1511
50829657 1512 11653723 1512 6262864 1512
50906456 1513 11578528 1513 6301931 1513
50927224 1514 11548189 1514 6223944 1514
50998679 1515 11623243 1515 6158033 1515
51113361 1516 11565532 1516 6452543 1516
51162420 1517 11523083 1517 6283641 1517
51060870 1518 11612815 1518 6310083 1518
51167323 1519 11434299 1519 6310139 1519
51095176 1520 11526531 1520 6276749 1520
51451286 1521 11660792 1521 6386654 1521
51161783 1522 11585823 1522 6370410 1522
51258230 1523 11605589 1523 6335195 1523
51262020 1524 11595470 1524 6319559 1524
51558133 1525 11561133 1525 6330064 1525
51330543 1526 11589099 1526 6370340 1526
51396191 1527 11576312 1527 6348508 1527
51379979 1528 11580037 1528 6346914 1528
51724295 1529 11643132 1529 6326072 1529
51444378 1530 11657390 1530 6338577 1530
51507212 1531 11657461 1531 6340841 1531
51540702 1532 11697676 1532 6349160 1532
51785299 1533 11621237 1533 6374497 1533
51571588 1534 11674947 1534 6363760 1534
51761058 1535 11688870 1535 6335094 1535
51712179 1536 11611513 1536 6292807 1536
52605878 1537 11710264 1537 6386615 1537
51738658 1538 11700763 1538 6411602 1538
51772643 1539 11734917 1539 6410160 1539
51823872 1540 11718471 1540 6413633 1540
58487491 1541 11821998 1541 8929409 1541
56301997 1542 11790521 1542 6422505 1542
51888378 1543 11746815 1543 6412190 1543
51926094 1544 11693479 1544 6392841 1544
52127240 1545 11801302 1545 6404303 1545
51964229 1546 11822151 1546 6395422 1546
52017345 1547 11711710 1547 6404348 1547
52036291 1548 11800287 1548 6409904 1548
52123895 1549 11834603 1549 6418036 1549
52090981 1550 11856428 1550 6414759 1550
52136629 1551 11800828 1551 6394084 1551
52173390 1552 11839303 1552 6404257 1552
52217472 1553 11859641 1553 6355640 1553
52221027 1554 11801044 1554 6499326 1554
52279268 1555 11856519 1555 6492460 1555
52299682 1556 11802115 1556 6456870 1556
52340410 1557 11872079 1557 6517221 1557
52352959 1558 11870472 1558 6438975 1558
52438239 1559 11809049 1559 6456631 1559
52447291 1560 11862684 1560 6353828 1560
52480947 1561 11863970 1561 6479625 1561
52871273 1562 11842242 1562 6496121 1562
52539744 1563 11949229 1563 6475941 1563
52577990 1564 11876264 1564 6449815 1564
52635177 1565 11957468 1565 6464338 1565
52680327 1566 11926178 1566 6467321 1566
52671356 1567 11945879 1567 6494840 1567
52709642 1568 11896185 1568 6410980 1568
52777776 1569 11925876 1569 6500139 1569
52833324 1570 11921272 1570 6512951 1570
52811386 1571 12001002 1571 6515124 1571
55819869 1572 11988175 1572 6555395 1572
52916968 1573 18632253 1573 6551002 1573
52968109 1574 11925604 1574 6499889 1574
52974052 1575 11985480 1575 6566033 1575
53108840 1576 11983581 1576 6560095 1576
53030652 1577 11946523 1577 6567136 1577
53084680 1578 11906561 1578 6541411 1578
53129554 1579 12082220 1579 6465314 1579
53197747 1580 12052377 1580 6549686 1580
53189893 1581 12038833 1581 6546692 1581
53199395 1582 12008307 1582 6492912 1582
53248615 1583 11978450 1583 6551058 1583
53268174 1584 12054325 1584 6500332 1584
53312070 1585 12102344 1585 6632510 1585
53347883 1586 12113312 1586 6610383 1586
53398426 1587 12068194 1587 6605567 1587
53412670 1588 12093713 1588 6531892 1588
53445941 1589 12121115 1589 6608990 1589
53498713 1590 11975938 1590 6597740 1590
53518494 1591 12073690 1591 6622650 1591
53534659 1592 12060784 1592 6609320 1592
53580826 1593 12169805 1593 6638458 1593
53582409 1594 12148188 1594 6465304 1594
54742176 1595 12176292 1595 6597847 1595
53810743 1596 12093488 1596 6602531 1596
53707256 1597 12155658 1597 6643246 1597
53715425 1598 12142316 1598 6610192 1598
53768923 1599 12138091 1599 6589948 1599
53818433 1600 12172986 1600 6595488 1600
53851006 1601 12285276 1601 6636407 1601
53839000 1602 12209157 1602 6655837 1602
53915915 1603 12210752 1603 6688429 1603
53944893 1604 12199380 1604 6696050 1604
59136732 1605 12227189 1605 6659633 1605
53987028 1606 12252394 1606 6659883 1606
54066159 1607 12194523 1607 6684691 1607
54070083 1608 12219422 1608 6653100 1608
54181606 1609 12233702 1609 6655805 1609
54124874 1610 12080163 1610 6685774 1610
54178194 1611 12321173 1611 6679137 1611
54214462 1612 12188219 1612 6545822 1612
54303743 1613 12171265 1613 6675938 1613
54231684 1614 12241339 1614 6688210 1614
54520678 1615 12214184 1615 6689755 1615
54349962 1616 12206250 1616 6634166 1616
54466485 1617 12297654 1617 6719652 1617
54385121 1618 12350885 1618 6743020 1618
54481242 1619 12314310 1619 6718719 1619
54503279 1620 12336453 1620 6716380 1620
54580103 1621 12353640 1621 6722542 1621
54502717 1622 12297289 1622 6690618 1622
54600919 1623 12364503 1623 6739625 1623
54584824 1624 12303578 1624 6719070 1624
54692360 1625 12377294 1625 6717617 1625
54664249 1626 12400360 1626 6758746 1626
54727921 1627 12377604 1627 6734191 1627
54707630 1628 12405730 1628 6729836 1628
54902724 1629 12370172 1629 6586655 1629
54787396 1630 12342789 1630 6727580 1630
54890619 1631 12282645 1631 6751331 1631
54841722 1632 12395173 1632 6717378 1632
54978377 1633 12430716 1633 6781530 1633
54966615 1634 12439901 1634 6769916 1634
55014937 1635 12468700 1635 6787318 1635
55000846 1636 17693110 1636 6727811 1636
55403816 1637 12412515 1637 6781400 1637
55091284 1638 12396146 1638 6806370 1638
55178761 1639 12459481 1639 6758897 1639
55137965 1640 12497221 1640 6772459 1640
58112740 1641 12494954 1641 6848003 1641
55196744 1642 12456569 1642 6783163 1642
55328404 1643 12446736 1643 6773282 1643
55868435 1644 12530235 1644 6758746 1644
55303518 1645 12441291 1645 6797144 1645
55290885 1646 12526369 1646 6801241 1646
55388784 1647 12463213 1647 6768408 1647
55463779 1648 12489756 1648 6758662 1648
55430255 1649 12561903 1649 6856300 1649
55429057 1650 12538008 1650 6850736 1650
55484921 1651 12588539 1651 6854015 1651
55539918 1652 12528498 1652 6830795 1652
55574492 1653 12544186 1653 6841225 1653
55633429 1654 12558121 1654 6807023 1654
55618673 1655 12970519 1655 6881028 1655
55700605 1656 12530369 1656 6844478 1656
55686667 1657 12640660 1657 6860523 1657
55754313 1658 12605137 1658 6846486 1658
55744430 1659 12581875 1659 6834060 1659
55791136 1660 12591057 1660 6852335 1660
55822593 1661 12568247 1661 6847218 1661
55854079 1662 12593822 1662 6844209 1662
55910748 1663 12610540 1663 6819429 1663
55886739 1664 12603493 1664 6838057 1664
55982735 1665 12650955 1665 6885676 1665
55976642 1666 12631211 1666 6890649 1666
72096804 1667 13369427 1667 6910069 1667
56214211 1668 12653202 1668 6892547 1668
56158272 1669 12680511 1669 6869568 1669
56132098 1670 12651555 1670 6918085 1670
56249785 1671 12651152 1671 6771854 1671
56208714 1672 12666472 1672 6900229 1672
56294654 1673 12788485 1673 6764220 1673
56274003 1674 12702135 1674 6911042 1674
56339997 1675 12677878 1675 6909906 1675
56369429 1676 12686507 1676 6924802 1676
56450815 1677 12782788 1677 6913178 1677
56393324 1678 12751740 1678 6931641 1678
56457276 1679 12716767 1679 6869517 1679
56461672 1680 12795558 1680 6894553 1680
56580017 1681 12739142 1681 6965486 1681
56566311 1682 12755595 1682 6956886 1682
56556523 1683 12753985 1683 6960520 1683
56566862 1684 12835316 1684 7001648 1684
56619196 1685 12803026 1685 6985722 1685
56733937 1686 12733505 1686 6954239 1686
56688077 1687 12768279 1687 6949445 1687
56728966 1688 12801515 1688 6969172 1688
56748287 1689 12882117 1689 6969259 1689
56901717 1690 12861217 1690 6957101 1690
56936545 1691 12873777 1691 6974614 1691
56898841 1692 12829826 1692 6976390 1692
56913433 1693 12990551 1693 6871806 1693
56897797 1694 12866343 1694 6994000 1694
56997012 1695 12860247 1695 6956676 1695
57007011 1696 12878740 1696 6955632 1696
75423494 1697 12884887 1697 7033931 1697
57166159 1698 12919997 1698 7024907 1698
57143965 1699 12867008 1699 7057169 1699
57119124 1700 12851566 1700 7035063 1700
57416688 1701 12907865 1701 6991449 1701
57156008 1702 12930834 1702 7004057 1702
57263524 1703 12922449 1703 7010566 1703
57258690 1704 12961861 1704 7045088 1704
57320144 1705 12972858 1705 7024361 1705
57291200 1706 12979894 1706 7015053 1706
57396245 1707 12859675 1707 7015357 1707
57486209 1708 12968626 1708 6896883 1708
57429192 1709 12985644 1709 6989126 1709
57421948 1710 12975732 1710 6995427 1710
57492853 1711 12891507 1711 7019646 1711
57616572 1712 12950414 1712 7028048 1712
57559415 1713 12939161 1713 7118449 1713
57613654 1714 12944040 1714 7091919 1714
57637581 1715 13068576 1715 7102347 1715
57650494 1716 12951116 1716 7054635 1716
57696613 1717 12989778 1717 7086724 1717
57757612 1718 12976510 1718 7094935 1718
57887664 1719 13002462 1719 7111306 1719
57783582 1720 12937542 1720 7087642 1720
57831855 1721 13131326 1721 7113977 1721
57830468 1722 13084514 1722 7127285 1722
58048884 1723 13076502 1723 6947676 1723
57909898 1724 13109115 1724 7243921 1724
57996351 1725 13174577 1725 7084497 1725
63093898 1726 13039632 1726 7101576 1726
58048348 1727 13114500 1727 7050223 1727
58094205 1728 13044573 1728 7056707 1728
58132806 1729 13183040 1729 7136889 1729
58262513 1730 13168351 1730 7156718 1730
58171762 1731 13155699 1731 7137012 1731
58219914 1732 13135044 1732 7156197 1732
58235485 1733 13186551 1733 7129190 1733
58373943 1734 13162984 1734 7110590 1734
58292731 1735 13156606 1735 7125250 1735
58324841 1736 13109602 1736 7127940 1736
58370312 1737 13212961 1737 7158516 1737
58360453 1738 13220888 1738 7159006 1738
58429645 1739 13184643 1739 7157252 1739
58459972 1740 13186441 1740 7152319 1740
58618823 1741 13073694 1741 7125433 1741
58501673 1742 13204634 1742 7158070 1742
58596853 1743 13216118 1743 7145372 1743
58589481 1744 13334140 1744 7126461 1744
58722054 1745 13277144 1745 7212773 1745
58686476 1746 13258087 1746 7224915 1746
58954443 1747 13317905 1747 7232572 1747
58751713 1748 13326081 1748 7233003 1748
58796348 1749 13250788 1749 7239470 1749
58802608 1750 13308885 1750 7203121 1750
58906011 1751 13344653 1751 7239440 1751
58919983 1752 13343219 1752 7199901 1752
58931881 1753 13297752 1753 7062988 1753
58959161 1754 13201623 1754 7266920 1754
59018675 1755 21225690 1755 7433906 1755
61508566 1756 13300346 1756 7180252 1756
59095986 1757 13375088 1757 7228858 1757
59113261 1758 13336310 1758 7227465 1758
59237451 1759 13323889 1759 7214485 1759
59112214 1760 13243744 1760 7212553 1760
59163086 1761 13355392 1761 7268242 1761
59182743 1762 13357814 1762 7254534 1762
59260724 1763 13420433 1763 7251273 1763
59416336 1764 13399221 1764 7277837 1764
59336364 1765 13445181 1765 7261333 1765
60046496 1766 13450721 1766 7272489 1766
59364432 1767 13457618 1767 7277363 1767
59393876 1768 13378169 1768 7297578 1768
59458339 1769 13467599 1769 7259922 1769
59500474 1770 13356180 1770 7268141 1770
59499188 1771 13443296 1771 7272280 1771
59532615 1772 13444552 1772 7255936 1772
59580975 1773 13464602 1773 7280456 1773
59597237 1774 13449549 1774 7112715 1774
64547234 1775 13474699 1775 7331117 1775
63734355 1776 13413973 1776 7293533 1776
59832690 1777 13559526 1777 7375673 1777
59740196 1778 13494758 1778 7352358 1778
59879357 1779 13476028 1779 7382829 1779
59819236 1780 13462856 1780 7352402 1780
59863759 1781 13521004 1781 7320316 1781
59835107 1782 13518382 1782 7361165 1782
59938690 1783 13463523 1783 7357432 1783
65079275 1784 13511951 1784 7353371 1784
59964285 1785 13614151 1785 7347874 1785
60062071 1786 13552038 1786 7173879 1786
60048673 1787 13599950 1787 7326480 1787
60062207 1788 13469647 1788 7343216 1788
60102145 1789 13517583 1789 7362914 1789
60154696 1790 13541952 1790 7353992 1790
60224485 1791 13580817 1791 7394300 1791
60168842 1792 13589945 1792 7308457 1792
60253360 1793 13664731 1793 7386246 1793
60256442 1794 13563684 1794 7366040 1794
60351433 1795 13585060 1795 7405423 1795
60301721 1796 13557898 1796 7390051 1796
60406538 1797 13606990 1797 7369025 1797
60399451 1798 13509295 1798 7414980 1798
60452331 1799 13567607 1799 7392816 1799
60579645 1800 13658708 1800 7378768 1800
60571458 1801 13608535 1801 7391903 1801
60569486 1802 13663036 1802 7401731 1802
60614777 1803 13647818 1803 7400769 1803
60722304 1804 13618338 1804 7405430 1804
60697916 1805 13673106 1805 7388364 1805
60664990 1806 13681292 1806 7373862 1806
60762045 1807 13600622 1807 7393180 1807
60760845 1808 13612049 1808 7399583 1808
60853552 1809 13738473 1809 7454059 1809
60804893 1810 13732987 1810 7468799 1810
60921946 1811 13720551 1811 7438941 1811
72309214 1812 14543062 1812 7479438 1812
61097828 1813 13696977 1813 7418358 1813
61005057 1814 13770017 1814 7450438 1814
61031694 1815 13704786 1815 7480796 1815
61182762 1816 13748202 1816 7479857 1816
61603566 1817 13843178 1817 7445836 1817
61110581 1818 13853437 1818 7459644 1818
61320290 1819 13827402 1819 7507523 1819
61104987 1820 13843675 1820 7479440 1820
61224386 1821 13870333 1821 7456404 1821
61201500 1822 13834933 1822 7431281 1822
61470121 1823 13861993 1823 7434940 1823
61239996 1824 13825914 1824 7446376 1824
61372388 1825 13896253 1825 7561307 1825
61457515 1826 13811655 1826 7490864 1826
61372760 1827 13794438 1827 7495869 1827
61418474 1828 13879796 1828 7509812 1828
61447842 1829 13883000 1829 7538126 1829
61611394 1830 13835803 1830 7490116 1830
61502729 1831 13857033 1831 7491633 1831
61533560 1832 13880562 1832 7504529 1832
61702027 1833 13773680 1833 7504628 1833
61572659 1834 14038529 1834 7513762 1834
61700751 1835 13928282 1835 7513473 1835
61661933 1836 13905771 1836 7639359 1836
61714617 1837 13910204 1837 7530667 1837
61718018 1838 13769691 1838 7550644 1838
61836984 1839 13904338 1839 7342998 1839
78581878 1840 14065651 1840 7504104 1840
61896938 1841 13975392 1841 7577076 1841
61946061 1842 13941360 1842 7604033 1842
62138714 1843 14008314 1843 7595249 1843
61950014 1844 13936926 1844 7580088 1844
62041517 1845 13990088 1845 7555651 1845
62027959 1846 13995778 1846 7585118 1846
62268177 1847 13993175 1847 7557607 1847
62090520 1848 13918130 1848 7572348 1848
62179199 1849 14036010 1849 7601418 1849
62297732 1850 14040531 1850 7597462 1850
62227582 1851 14020066 1851 7447764 1851
62566314 1852 14043946 1852 7596695 1852
62319272 1853 14032067 1853 7720002 1853
62302912 1854 14048038 1854 7562871 1854
62354556 1855 14036100 1855 7569188 1855
62427240 1856 13947890 1856 7602732 1856
62636192 1857 14092033 1857 7650588 1857
62416916 1858 14077209 1858 7652428 1858
62542553 1859 14095357 1859 7638615 1859
62499073 1860 14142207 1860 7474285 1860
62580822 1861 14007353 1861 7657661 1861
62555917 1862 14085766 1862 7684554 1862
62627146 1863 14046817 1863 7679312 1863
62786560 1864 14086142 1864 7667461 1864
62694300 1865 14146328 1865 7654117 1865
62734150 1866 14135016 1866 7663578 1866
67969167 1867 14036110 1867 7461380 1867
62800937 1868 14189264 1868 7677260 1868
62860369 1869 14108980 1869 7650261 1869
63859352 1870 14107440 1870 7668364 1870
63053938 1871 14089327 1871 7638236 1871
62900942 1872 14232521 1872 7650423 1872
63030548 1873 14231556 1873 7715418 1873
63115224 1874 14100537 1874 7708596 1874
63014293 1875 14157976 1875 7692710 1875
63058019 1876 14186390 1876 7738685 1876
63097254 1877 14225288 1877 7728479 1877
63133888 1878 14172863 1878 7734576 1878
63171738 1879 14209484 1879 7774002 1879
63164599 1880 14155715 1880 7740881 1880
63373243 1881 14251227 1881 7717996 1881
63216447 1882 14280281 1882 7676089 1882
63330338 1883 14299663 1883 7728996 1883
63379927 1884 14219121 1884 7728347 1884
63367587 1885 14296815 1885 7680931 1885
63428923 1886 14214408 1886 7702262 1886
63454077 1887 14322051 1887 7787048 1887
63428026 1888 14238132 1888 7734619 1888
63487120 1889 14317785 1889 7782539 1889
63500009 1890 14251265 1890 7749233 1890
63678356 1891 14320836 1891 7663856 1891
63550875 1892 14379075 1892 7731044 1892
63683134 1893 14251449 1893 7788787 1893
74776289 1894 14286341 1894 7861593 1894
63750601 1895 14325444 1895 7752403 1895
63750558 1896 14345161 1896 7650307 1896
63785790 1897 14360281 1897 7805951 1897
63795100 1898 14491835 1898 7737311 1898
63836246 1899 14323238 1899 7781807 1899
63875954 1900 14424680 1900 7773180 1900
63956951 1901 14417710 1901 7800611 1901
64053097 1902 14344001 1902 7721159 1902
63996012 1903 14416439 1903 7769714 1903
64007550 1904 14214226 1904 7749857 1904
64026676 1905 14431269 1905 7804703 1905
64091800 1906 14522188 1906 7654864 1906
64142720 1907 14428454 1907 7871790 1907
64082326 1908 14408552 1908 7817751 1908
64163592 1909 14412774 1909 7836424 1909
64186032 1910 14422469 1910 7849443 1910
64277820 1911 14440624 1911 7838580 1911
64213338 1912 14407202 1912 7848606 1912
64504911 1913 14530268 1913 7853389 1913
64319360 1914 14460227 1914 7853467 1914
64375079 1915 14506535 1915 7842122 1915
64400206 1916 14500509 1916 7840314 1916
64449708 1917 14506989 1917 7869878 1917
64444120 1918 14496385 1918 7839519 1918
64491864 1919 14543333 1919 7840418 1919
64516366 1920 24235390 1920 8686814 1920
64766106 1921 14541705 1921 7716642 1921
64533709 1922 14542632 1922 7867026 1922
64722637 1923 14571487 1923 7901348 1923
64632192 1924 14566736 1924 7886216 1924
64650006 1925 14528551 1925 7898256 1925
64717637 1926 14590034 1926 7880362 1926
64780228 1927 14539193 1927 7907757 1927
64714108 1928 14553129 1928 7911646 1928
64821838 1929 14573938 1929 7888772 1929
64800136 1930 14586544 1930 7901483 1930
64919546 1931 14663966 1931 7904358 1931
64956724 1932 14529174 1932 7893104 1932
64925666 1933 14606896 1933 7890128 1933
64981727 1934 14597087 1934 7926563 1934
65064668 1935 14633648 1935 7904978 1935
65015791 1936 14601446 1936 7877348 1936
65101737 1937 14654228 1937 7989945 1937
65054362 1938 14650620 1938 7963389 1938
65161787 1939 14674112 1939 7927137 1939
65173836 1940 14712473 1940 7982950 1940
65229337 1941 14637810 1941 8033578 1941
65247412 1942 14652018 1942 7986484 1942
65307025 1943 14660288 1943 7939161 1943
65332155 1944 14694043 1944 7970348 1944
65393217 1945 14702776 1945 7958136 1945
65366579 1946 14664903 1946 14390484 1946
70684572 1947 14821816 1947 7983813 1947
65453950 1948 14697718 1948 7988169 1948
65499882 1949 14679155 1949 7958461 1949
65497016 1950 14773715 1950 8012141 1950
65569782 1951 14793954 1951 7967089 1951
65531589 1952 14712794 1952 7946569 1952
65603321 1953 14759129 1953 7822107 1953
65592681 1954 14735228 1954 8002873 1954
65671932 1955 14831283 1955 8034832 1955
65690195 1956 14773205 1956 8017145 1956
65742334 1957 14736411 1957 8002406 1957
65738308 1958 14776550 1958 7988654 1958
65804755 1959 14795181 1959 7977844 1959
65839916 1960 14821242 1960 8022276 1960
65863470 1961 14881894 1961 7928737 1961
65882514 1962 14902293 1962 8071341 1962
65960546 1963 14811638 1963 7991189 1963
65954020 1964 14946742 1964 8044261 1964
66002322 1965 14883684 1965 8051739 1965
66003437 1966 14900318 1966 8006801 1966
66184313 1967 14893903 1967 8060684 1967
66086520 1968 14862650 1968 8055083 1968
66887146 1969 14869578 1969 8060737 1969
66153159 1970 14868071 1970 8056277 1970
66209551 1971 14848016 1971 8073324 1971
66260438 1972 22591479 1972 12528484 1972
73642032 1973 14892081 1973 8091899 1973
66594181 1974 14869682 1974 8104777 1974
66359606 1975 14818104 1975 8067385 1975
66404120 1976 14885094 1976 8090894 1976
66393277 1977 14956008 1977 8140452 1977
66406798 1978 14964895 1978 8110645 1978
66507085 1979 14935200 1979 8152626 1979
66488823 1980 14949865 1980 8061356 1980
67028438 1981 14945169 1981 8056061 1981
66603932 1982 14928958 1982 8066507 1982
66614683 1983 14938473 1983 8081081 1983
66598742 1984 14921273 1984 8067059 1984
67012825 1985 15041028 1985 8009455 1985
66667361 1986 15014535 1986 8132966 1986
66731292 1987 15028833 1987 8131272 1987
66789606 1988 15084575 1988 8148448 1988
66824324 1989 15059363 1989 8134417 1989
66797943 1990 15096821 1990 8145435 1990
67415709 1991 15056099 1991 8159112 1991
66915135 1992 14931962 1992 8145077 1992
66922530 1993 15029434 1993 8146774 1993
66937350 1994 15110780 1994 8147820 1994
67019608 1995 15105197 1995 9492332 1995
73656733 1996 15059541 1996 8156838 1996
67080247 1997 15001444 1997 8145161 1997
80309907 1998 15149545 1998 8168238 1998
67257186 1999 15148205 1999 8145620 1999
