-40.000000 41.271759 
-39.900000 41.530187 
-39.800000 41.517719 
-39.700000 42.211532 
-39.600000 41.611860 
-39.500000 42.491959 
-39.400000 42.328595 
-39.300000 42.359814 
-39.200000 42.818465 
-39.100000 42.505947 
-39.000000 42.977857 
-38.900000 43.408443 
-38.800000 42.864114 
-38.700000 42.715712 
-38.600000 42.872427 
-38.500000 43.412523 
-38.400000 43.090323 
-38.300000 43.004034 
-38.200000 43.684534 
-38.100000 43.213409 
-38.000000 43.361154 
-37.900000 44.000785 
-37.800000 43.773614 
-37.700000 43.973842 
-37.600000 43.787083 
-37.500000 44.553965 
-37.400000 44.252604 
-37.300000 45.028025 
-37.200000 44.067101 
-37.100000 44.623993 
-37.000000 45.169222 
-36.900000 44.670385 
-36.800000 44.811951 
-36.700000 44.933667 
-36.600000 45.183375 
-36.500000 45.042080 
-36.400000 45.582489 
-36.300000 45.239585 
-36.200000 45.424659 
-36.100000 45.342978 
-36.000000 45.887887 
-35.900000 45.512198 
-35.800000 46.043851 
-35.700000 45.926911 
-35.600000 45.736324 
-35.500000 46.126422 
-35.400000 46.388413 
-35.300000 46.402943 
-35.200000 46.356849 
-35.100000 46.403941 
-35.000000 46.505422 
-34.900000 46.847794 
-34.800000 46.895423 
-34.700000 47.169629 
-34.600000 46.715106 
-34.500000 47.209243 
-34.400000 47.103702 
-34.300000 47.126147 
-34.200000 47.176870 
-34.100000 47.730566 
-34.000000 47.672417 
-33.900000 47.812019 
-33.800000 47.715900 
-33.700000 47.862160 
-33.600000 48.155499 
-33.500000 48.121384 
-33.400000 48.034231 
-33.300000 48.497964 
-33.200000 48.825750 
-33.100000 48.602860 
-33.000000 48.605478 
-32.900000 48.496063 
-32.800000 48.736914 
-32.700000 48.486905 
-32.600000 48.670733 
-32.500000 48.710709 
-32.400000 49.215522 
-32.300000 48.757055 
-32.200000 50.104294 
-32.100000 49.495229 
-32.000000 49.544009 
-31.900000 49.429617 
-31.800000 49.564013 
-31.700000 50.200520 
-31.600000 50.020563 
-31.500000 49.231532 
-31.400000 50.443484 
-31.300000 50.434619 
-31.200000 50.645777 
-31.100000 50.747336 
-31.000000 50.110757 
-30.900000 51.014346 
-30.800000 50.857861 
-30.700000 51.215409 
-30.600000 51.691846 
-30.500000 50.763178 
-30.400000 51.294100 
-30.300000 51.372091 
-30.200000 51.121873 
-30.100000 51.625707 
-30.000000 52.121446 
-29.900000 52.008185 
-29.800000 51.331276 
-29.700000 52.061812 
-29.600000 51.739318 
-29.500000 51.879224 
-29.400000 52.125424 
-29.300000 52.231941 
-29.200000 52.472037 
-29.100000 52.662505 
-29.000000 52.620850 
-28.900000 52.688538 
-28.800000 52.747492 
-28.700000 53.008561 
-28.600000 52.561630 
-28.500000 52.996989 
-28.400000 53.273697 
-28.300000 53.021209 
-28.200000 53.484781 
-28.100000 53.469680 
-28.000000 53.206007 
-27.900000 53.788343 
-27.800000 53.433328 
-27.700000 53.625719 
-27.600000 53.989435 
-27.500000 53.861323 
-27.400000 54.552341 
-27.300000 54.398953 
-27.200000 54.615624 
-27.100000 54.522327 
-27.000000 54.183766 
-26.900000 54.643048 
-26.800000 54.841971 
-26.700000 54.712669 
-26.600000 55.421574 
-26.500000 54.892344 
-26.400000 55.228524 
-26.300000 55.451141 
-26.200000 54.635687 
-26.100000 55.090079 
-26.000000 55.957662 
-25.900000 55.777275 
-25.800000 55.500020 
-25.700000 55.331504 
-25.600000 56.000276 
-25.500000 56.087200 
-25.400000 55.555208 
-25.300000 55.847805 
-25.200000 55.708684 
-25.100000 56.347006 
-25.000000 56.096319 
-24.900000 56.958218 
-24.800000 56.151843 
-24.700000 56.308583 
-24.600000 56.221188 
-24.500000 56.698581 
-24.400000 56.706668 
-24.300000 56.689938 
-24.200000 57.253034 
-24.100000 56.953356 
-24.000000 57.065193 
-23.900000 57.201290 
-23.800000 57.461904 
-23.700000 56.815662 
-23.600000 57.469903 
-23.500000 57.686240 
-23.400000 57.980147 
-23.300000 57.634125 
-23.200000 57.796251 
-23.100000 58.322398 
-23.000000 58.374030 
-22.900000 57.857392 
-22.800000 58.069915 
-22.700000 58.299907 
-22.600000 58.810390 
-22.500000 58.404578 
-22.400000 58.816420 
-22.300000 58.794299 
-22.200000 59.001690 
-22.100000 59.322003 
-22.000000 58.968665 
-21.900000 58.898850 
-21.800000 59.471530 
-21.700000 59.517920 
-21.600000 59.341663 
-21.500000 59.009049 
-21.400000 59.775694 
-21.300000 59.166377 
-21.200000 60.263762 
-21.100000 59.923112 
-21.000000 60.444498 
-20.900000 59.872269 
-20.800000 60.242791 
-20.700000 59.940673 
-20.600000 60.633028 
-20.500000 61.061786 
-20.400000 60.561457 
-20.300000 59.811092 
-20.200000 60.684037 
-20.100000 60.953645 
-20.000000 60.925069 
-19.900000 60.688188 
-19.800000 60.686604 
-19.700000 60.791537 
-19.600000 60.848038 
-19.500000 61.321286 
-19.400000 60.746912 
-19.300000 61.224956 
-19.200000 61.757507 
-19.100000 60.972765 
-19.000000 60.904309 
-18.900000 60.767414 
-18.800000 60.983186 
-18.700000 61.527539 
-18.600000 61.269187 
-18.500000 61.383015 
-18.400000 61.255558 
-18.300000 62.059262 
-18.200000 61.669899 
-18.100000 62.671950 
-18.000000 61.779256 
-17.900000 61.558257 
-17.800000 62.195013 
-17.700000 62.579111 
-17.600000 62.489335 
-17.500000 62.404106 
-17.400000 62.238482 
-17.300000 62.663053 
-17.200000 62.250318 
-17.100000 62.508570 
-17.000000 62.418622 
-16.900000 62.440690 
-16.800000 63.485593 
-16.700000 63.211719 
-16.600000 62.679386 
-16.500000 62.790486 
-16.400000 63.263767 
-16.300000 63.573702 
-16.200000 63.329428 
-16.100000 63.797490 
-16.000000 62.975841 
-15.900000 63.834985 
-15.800000 63.634834 
-15.700000 64.557184 
-15.600000 63.876203 
-15.500000 63.879819 
-15.400000 64.255527 
-15.300000 64.182893 
-15.200000 64.471735 
-15.100000 64.113934 
-15.000000 63.861456 
-14.900000 64.571634 
-14.800000 64.656554 
-14.700000 64.551011 
-14.600000 64.969348 
-14.500000 64.166258 
-14.400000 64.856135 
-14.300000 64.252048 
-14.200000 65.390550 
-14.100000 65.320097 
-14.000000 65.614747 
-13.900000 64.470782 
-13.800000 66.192752 
-13.700000 64.639142 
-13.600000 64.417041 
-13.500000 64.200557 
-13.400000 64.861655 
-13.300000 64.337009 
-13.200000 65.571506 
-13.100000 65.544497 
-13.000000 65.599916 
-12.900000 63.955817 
-12.800000 64.630716 
-12.700000 64.738126 
-12.600000 63.910313 
-12.500000 64.849303 
-12.400000 64.687428 
-12.300000 63.456360 
-12.200000 65.708466 
-12.100000 64.053344 
-12.000000 64.395037 
-11.900000 63.574171 
-11.800000 64.038126 
-11.700000 64.265885 
-11.600000 64.907726 
-11.500000 64.463068 
-11.400000 64.830248 
-11.300000 64.789633 
-11.200000 64.947370 
-11.100000 65.069279 
-11.000000 65.401128 
-10.900000 65.754445 
-10.800000 65.661749 
-10.700000 65.233559 
-10.600000 65.446231 
-10.500000 65.913188 
-10.400000 65.927279 
-10.300000 66.176353 
-10.200000 65.343333 
-10.100000 66.029042 
-10.000000 66.248747 
-9.900000 66.511549 
-9.800000 65.718571 
-9.700000 66.684696 
-9.600000 66.294061 
-9.500000 67.319042 
-9.400000 66.921879 
-9.300000 66.722434 
-9.200000 65.138833 
-9.100000 66.831281 
-9.000000 67.031424 
-8.900000 66.868080 
-8.800000 66.856150 
-8.700000 67.806657 
-8.600000 65.929802 
-8.500000 68.151713 
-8.400000 67.817885 
-8.300000 66.257358 
-8.200000 67.529685 
-8.100000 66.269766 
-8.000000 67.771586 
-7.900000 66.874407 
-7.800000 66.271359 
-7.700000 68.324914 
-7.600000 65.164230 
-7.500000 66.658467 
-7.400000 57.130893 
-7.300000 68.779334 
-7.200000 66.765747 
-7.100000 65.940078 
-7.000000 64.696192 
-6.900000 65.524155 
-6.800000 65.636556 
-6.700000 64.525437 
-6.600000 32.334092 
-6.500000 43.500011 
-6.400000 33.808539 
-6.300000 25.315896 
-6.200000 65.376437 
-6.100000 63.100080 
-6.000000 62.711275 
-5.900000 30.896648 
-5.800000 31.715593 
-5.700000 12.160757 
-5.600000 12.706929 
-5.500000 12.225803 
-5.400000 9.576600 
-5.300000 25.697880 
-5.200000 12.047890 
-5.100000 12.891990 
-5.000000 9.907398 
-4.900000 10.316206 
-4.800000 8.428124 
-4.700000 7.906850 
-4.600000 7.000399 
-4.500000 7.306570 
-4.400000 8.651238 
-4.300000 6.252615 
-4.200000 7.521524 
-4.100000 4.767317 
-4.000000 5.857295 
-3.900000 6.422306 
-3.800000 4.114511 
-3.700000 4.051643 
-3.600000 3.714514 
-3.500000 4.935967 
-3.400000 4.125191 
-3.300000 2.634706 
-3.200000 3.621909 
-3.100000 2.907609 
-3.000000 3.092408 
-2.900000 2.878095 
-2.800000 2.634445 
-2.700000 2.279779 
-2.600000 2.203121 
-2.500000 1.899720 
-2.400000 2.802780 
-2.300000 1.881149 
-2.200000 1.749745 
-2.100000 1.968466 
-2.000000 1.559415 
-1.900000 1.227121 
-1.800000 1.583243 
-1.700000 1.249910 
-1.600000 1.261516 
-1.500000 0.976116 
-1.400000 1.072608 
-1.300000 1.217091 
-1.200000 1.036735 
-1.100000 0.776841 
-1.000000 0.833814 
-0.900000 0.660903 
-0.800000 0.813757 
-0.700000 0.642802 
-0.600000 0.451235 
-0.500000 0.842216 
-0.400000 0.495698 
-0.300000 0.380726 
-0.200000 0.375693 
-0.100000 0.454126 
