-40.000000 42.011047 
-39.900000 42.200234 
-39.800000 42.462811 
-39.700000 42.458299 
-39.600000 42.439353 
-39.500000 42.705808 
-39.400000 42.619085 
-39.300000 42.866424 
-39.200000 43.345943 
-39.100000 42.538672 
-39.000000 42.915404 
-38.900000 43.120788 
-38.800000 43.264955 
-38.700000 43.491659 
-38.600000 43.721362 
-38.500000 43.572617 
-38.400000 43.972820 
-38.300000 43.658626 
-38.200000 44.187273 
-38.100000 43.871228 
-38.000000 43.904397 
-37.900000 44.644257 
-37.800000 44.043294 
-37.700000 44.567215 
-37.600000 44.244219 
-37.500000 43.975274 
-37.400000 44.775929 
-37.300000 44.988898 
-37.200000 44.735203 
-37.100000 44.918548 
-37.000000 45.047204 
-36.900000 45.181354 
-36.800000 44.866211 
-36.700000 45.549608 
-36.600000 45.254266 
-36.500000 45.543327 
-36.400000 45.855628 
-36.300000 45.771683 
-36.200000 45.424518 
-36.100000 46.550685 
-36.000000 46.130198 
-35.900000 46.233343 
-35.800000 46.583178 
-35.700000 46.521279 
-35.600000 46.770597 
-35.500000 46.371723 
-35.400000 46.492766 
-35.300000 46.600564 
-35.200000 47.014657 
-35.100000 46.929516 
-35.000000 47.115822 
-34.900000 47.258028 
-34.800000 47.381971 
-34.700000 47.596504 
-34.600000 47.460788 
-34.500000 47.385285 
-34.400000 47.487535 
-34.300000 47.633501 
-34.200000 47.606510 
-34.100000 48.034934 
-34.000000 48.146354 
-33.900000 48.137038 
-33.800000 48.475009 
-33.700000 48.302526 
-33.600000 48.928204 
-33.500000 48.371039 
-33.400000 48.567633 
-33.300000 48.636033 
-33.200000 48.776362 
-33.100000 48.760217 
-33.000000 49.165786 
-32.900000 49.305191 
-32.800000 49.134602 
-32.700000 48.854616 
-32.600000 49.562632 
-32.500000 49.689472 
-32.400000 49.644673 
-32.300000 49.738088 
-32.200000 50.016330 
-32.100000 49.547085 
-32.000000 49.643619 
-31.900000 49.994354 
-31.800000 50.605191 
-31.700000 49.914619 
-31.600000 50.350779 
-31.500000 50.441284 
-31.400000 50.845541 
-31.300000 50.539499 
-31.200000 50.924221 
-31.100000 50.712577 
-31.000000 51.101615 
-30.900000 51.307778 
-30.800000 51.128575 
-30.700000 51.035190 
-30.600000 51.298471 
-30.500000 51.383493 
-30.400000 51.673920 
-30.300000 51.432429 
-30.200000 51.527163 
-30.100000 51.351531 
-30.000000 51.602442 
-29.900000 51.902053 
-29.800000 52.047245 
-29.700000 51.867305 
-29.600000 52.209711 
-29.500000 52.191368 
-29.400000 52.452200 
-29.300000 52.453404 
-29.200000 52.141080 
-29.100000 52.448420 
-29.000000 53.236822 
-28.900000 52.745399 
-28.800000 52.577873 
-28.700000 52.511750 
-28.600000 52.884754 
-28.500000 53.262044 
-28.400000 53.248047 
-28.300000 53.061162 
-28.200000 53.459539 
-28.100000 53.596424 
-28.000000 53.694837 
-27.900000 53.642348 
-27.800000 53.792277 
-27.700000 53.860628 
-27.600000 53.732716 
-27.500000 53.678265 
-27.400000 54.051598 
-27.300000 54.059435 
-27.200000 54.327550 
-27.100000 54.512612 
-27.000000 54.407069 
-26.900000 54.460443 
-26.800000 54.840602 
-26.700000 55.224447 
-26.600000 54.943250 
-26.500000 55.144935 
-26.400000 55.283620 
-26.300000 55.235700 
-26.200000 55.509857 
-26.100000 55.504785 
-26.000000 55.367688 
-25.900000 55.193209 
-25.800000 55.824198 
-25.700000 55.621907 
-25.600000 56.008236 
-25.500000 56.454704 
-25.400000 56.277657 
-25.300000 55.931822 
-25.200000 56.410976 
-25.100000 56.868552 
-25.000000 56.676614 
-24.900000 56.903731 
-24.800000 56.946411 
-24.700000 56.904842 
-24.600000 57.029699 
-24.500000 56.476239 
-24.400000 55.974684 
-24.300000 56.299993 
-24.200000 56.326777 
-24.100000 56.930055 
-24.000000 56.812366 
-23.900000 56.534672 
-23.800000 56.805279 
-23.700000 57.218880 
-23.600000 57.128600 
-23.500000 57.642450 
-23.400000 57.324067 
-23.300000 57.392028 
-23.200000 57.308244 
-23.100000 57.765683 
-23.000000 58.015431 
-22.900000 57.722556 
-22.800000 57.857089 
-22.700000 58.096122 
-22.600000 58.305512 
-22.500000 58.094306 
-22.400000 58.361807 
-22.300000 58.063572 
-22.200000 58.903644 
-22.100000 58.272950 
-22.000000 58.473009 
-21.900000 58.914717 
-21.800000 58.996298 
-21.700000 59.117547 
-21.600000 59.275195 
-21.500000 59.158558 
-21.400000 59.192326 
-21.300000 59.065561 
-21.200000 59.483041 
-21.100000 59.482904 
-21.000000 60.111895 
-20.900000 59.611541 
-20.800000 60.057303 
-20.700000 60.048999 
-20.600000 60.154928 
-20.500000 60.080941 
-20.400000 60.460870 
-20.300000 60.331132 
-20.200000 60.645715 
-20.100000 60.738987 
-20.000000 60.160705 
-19.900000 60.767826 
-19.800000 60.747101 
-19.700000 60.977547 
-19.600000 61.136406 
-19.500000 60.658393 
-19.400000 61.147345 
-19.300000 60.675439 
-19.200000 61.240508 
-19.100000 61.193398 
-19.000000 61.319941 
-18.900000 61.173783 
-18.800000 61.415231 
-18.700000 61.527936 
-18.600000 61.273890 
-18.500000 60.523268 
-18.400000 60.075496 
-18.300000 60.485062 
-18.200000 44.125754 
-18.100000 36.843092 
-18.000000 32.962164 
-17.900000 30.313787 
-17.800000 28.307173 
-17.700000 26.695292 
-17.600000 25.350475 
-17.500000 24.198599 
-17.400000 23.192773 
-17.300000 22.301141 
-17.200000 21.501438 
-17.100000 20.777237 
-17.000000 20.116173 
-16.900000 19.508669 
-16.800000 18.947148 
-16.700000 18.425620 
-16.600000 17.939127 
-16.500000 17.483550 
-16.400000 17.055526 
-16.300000 16.652172 
-16.200000 16.271036 
-16.100000 15.910016 
-16.000000 15.567296 
-15.900000 15.241285 
-15.800000 14.930608 
-15.700000 14.634037 
-15.600000 14.350480 
-15.500000 14.078986 
-15.400000 13.818695 
-15.300000 13.568825 
-15.200000 13.328683 
-15.100000 13.097647 
-15.000000 12.875135 
-14.900000 12.660634 
-14.800000 12.453676 
-14.700000 12.253818 
-14.600000 12.060666 
-14.500000 11.871717 
-14.400000 11.685269 
-14.300000 11.501563 
-14.200000 11.320786 
-14.100000 11.143082 
-14.000000 10.968552 
-13.900000 10.797272 
-13.800000 10.629283 
-13.700000 10.464610 
-13.600000 10.303256 
-13.500000 10.145207 
-13.400000 9.990447 
-13.300000 9.838934 
-13.200000 9.690631 
-13.100000 9.545485 
-13.000000 9.403446 
-12.900000 9.264452 
-12.800000 9.128446 
-12.700000 8.995362 
-12.600000 8.865136 
-12.500000 8.737703 
-12.400000 8.612991 
-12.300000 8.490947 
-12.200000 8.371500 
-12.100000 8.254586 
-12.000000 8.140140 
-11.900000 8.028100 
-11.800000 7.918404 
-11.700000 7.810990 
-11.600000 7.705802 
-11.500000 7.602779 
-11.400000 7.501868 
-11.300000 7.403010 
-11.200000 7.306154 
-11.100000 7.211249 
-11.000000 7.118244 
-10.900000 7.027089 
-10.800000 6.937736 
-10.700000 6.850139 
-10.600000 6.764255 
-10.500000 6.680038 
-10.400000 6.597447 
-10.300000 6.516440 
-10.200000 6.436979 
-10.100000 6.359023 
-10.000000 6.282537 
-9.900000 6.207484 
-9.800000 6.133827 
-9.700000 6.061535 
-9.600000 5.990574 
-9.500000 5.920911 
-9.400000 5.852515 
-9.300000 5.785357 
-9.200000 5.719407 
-9.100000 5.654637 
-9.000000 5.590997 
-8.900000 5.528278 
-8.800000 5.466420 
-8.700000 5.405420 
-8.600000 5.345146 
-8.500000 5.286185 
-8.400000 5.228557 
-8.300000 5.171723 
-8.200000 5.115674 
-8.100000 5.060402 
-8.000000 5.005899 
-7.900000 4.952157 
-7.800000 4.899167 
-7.700000 4.846920 
-7.600000 4.795406 
-7.500000 4.744610 
-7.400000 4.694419 
-7.300000 4.644795 
-7.200000 4.595740 
-7.100000 4.547252 
-7.000000 4.499329 
-6.900000 4.451972 
-6.800000 4.405178 
-6.700000 4.358944 
-6.600000 4.313269 
-6.500000 4.268148 
-6.400000 4.211432 
-6.300000 4.165185 
-6.200000 4.120576 
-6.100000 4.076137 
-6.000000 4.031917 
-5.900000 3.987918 
-5.800000 3.944128 
-5.700000 3.900505 
-5.600000 3.857078 
-5.500000 3.813890 
-5.400000 3.770908 
-5.300000 3.553052 
-5.200000 3.515158 
-5.100000 3.477566 
-5.000000 3.440259 
-4.900000 3.403232 
-4.800000 3.366484 
-4.700000 3.329998 
-4.600000 3.293790 
-4.500000 3.257812 
-4.400000 3.222070 
-4.300000 3.186620 
-4.200000 3.151448 
-4.100000 3.116531 
-4.000000 3.081887 
-3.900000 3.048390 
-3.800000 3.015352 
-3.700000 2.982516 
-3.600000 2.949854 
-3.500000 2.917444 
-3.400000 2.885238 
-3.300000 2.853241 
-3.200000 2.821470 
-3.100000 2.789899 
-3.000000 1.472649 
-2.900000 1.479220 
-2.800000 1.487555 
-2.700000 1.495412 
-2.600000 1.504944 
-2.500000 1.513755 
-2.400000 1.521883 
-2.300000 1.529383 
-2.200000 1.536213 
-2.100000 1.543114 
-2.000000 1.549641 
-1.900000 1.555196 
-1.800000 1.559700 
-1.700000 1.561208 
-1.600000 1.561330 
-1.500000 1.564377 
-1.400000 1.570528 
-1.300000 1.575284 
-1.200000 1.578679 
-1.100000 -0.398127 
-1.000000 -0.391971 
-0.900000 -0.385853 
-0.800000 -0.378831 
-0.700000 -0.372762 
-0.600000 -0.366891 
-0.500000 -0.356335 
-0.400000 -0.350230 
-0.300000 -0.344393 
-0.200000 -0.338949 
-0.100000 -0.333194 
