-40.000000 41.619650 
-39.900000 41.790868 
-39.800000 41.706093 
-39.700000 41.394805 
-39.600000 42.275430 
-39.500000 42.040225 
-39.400000 42.541903 
-39.300000 41.993782 
-39.200000 42.798914 
-39.100000 42.806168 
-39.000000 42.683157 
-38.900000 42.648257 
-38.800000 42.729593 
-38.700000 43.207286 
-38.600000 43.281062 
-38.500000 43.267024 
-38.400000 43.286539 
-38.300000 43.365331 
-38.200000 43.124388 
-38.100000 43.700890 
-38.000000 43.216134 
-37.900000 43.461321 
-37.800000 43.311730 
-37.700000 44.110317 
-37.600000 43.833491 
-37.500000 44.308665 
-37.400000 44.066080 
-37.300000 44.800570 
-37.200000 44.935215 
-37.100000 45.249553 
-37.000000 44.916686 
-36.900000 44.515230 
-36.800000 44.901102 
-36.700000 44.973760 
-36.600000 44.938163 
-36.500000 45.220915 
-36.400000 45.354601 
-36.300000 45.252930 
-36.200000 45.327076 
-36.100000 44.984351 
-36.000000 45.517982 
-35.900000 45.411430 
-35.800000 45.657808 
-35.700000 45.933783 
-35.600000 45.875009 
-35.500000 45.797386 
-35.400000 46.208549 
-35.300000 46.695059 
-35.200000 46.477110 
-35.100000 47.112502 
-35.000000 47.015275 
-34.900000 46.607817 
-34.800000 47.084186 
-34.700000 46.608776 
-34.600000 47.730308 
-34.500000 47.630436 
-34.400000 47.378804 
-34.300000 47.212548 
-34.200000 47.691639 
-34.100000 47.888963 
-34.000000 47.272357 
-33.900000 47.719425 
-33.800000 47.744813 
-33.700000 47.809407 
-33.600000 48.228608 
-33.500000 48.086326 
-33.400000 48.172866 
-33.300000 48.163634 
-33.200000 48.428651 
-33.100000 48.260635 
-33.000000 48.609555 
-32.900000 48.961478 
-32.800000 49.524810 
-32.700000 49.012834 
-32.600000 48.556386 
-32.500000 48.948281 
-32.400000 48.948917 
-32.300000 49.252930 
-32.200000 49.360244 
-32.100000 49.714178 
-32.000000 50.006130 
-31.900000 50.091346 
-31.800000 50.171997 
-31.700000 49.979459 
-31.600000 50.128161 
-31.500000 50.560640 
-31.400000 50.160083 
-31.300000 50.075930 
-31.200000 50.495209 
-31.100000 50.664970 
-31.000000 50.896625 
-30.900000 50.447714 
-30.800000 50.471134 
-30.700000 50.856841 
-30.600000 51.042489 
-30.500000 51.369422 
-30.400000 51.495081 
-30.300000 51.104652 
-30.200000 51.635206 
-30.100000 51.706779 
-30.000000 51.926377 
-29.900000 52.003712 
-29.800000 51.925006 
-29.700000 51.851255 
-29.600000 51.702014 
-29.500000 52.507537 
-29.400000 52.402688 
-29.300000 52.356606 
-29.200000 52.782218 
-29.100000 52.652909 
-29.000000 52.946218 
-28.900000 52.400528 
-28.800000 53.103363 
-28.700000 52.868101 
-28.600000 52.823288 
-28.500000 53.124146 
-28.400000 53.229672 
-28.300000 53.706147 
-28.200000 52.970266 
-28.100000 53.178152 
-28.000000 53.957293 
-27.900000 53.412805 
-27.800000 53.834646 
-27.700000 53.897617 
-27.600000 53.913594 
-27.500000 54.130254 
-27.400000 53.741638 
-27.300000 54.114716 
-27.200000 54.753670 
-27.100000 54.897017 
-27.000000 54.459602 
-26.900000 54.581037 
-26.800000 54.794170 
-26.700000 54.825249 
-26.600000 55.328992 
-26.500000 54.989591 
-26.400000 55.066336 
-26.300000 55.223459 
-26.200000 56.125859 
-26.100000 55.760780 
-26.000000 55.875340 
-25.900000 55.671728 
-25.800000 56.008772 
-25.700000 55.801523 
-25.600000 55.768991 
-25.500000 55.845185 
-25.400000 56.115927 
-25.300000 56.422895 
-25.200000 55.909235 
-25.100000 56.710615 
-25.000000 56.548669 
-24.900000 56.675507 
-24.800000 56.843395 
-24.700000 57.168939 
-24.600000 56.840236 
-24.500000 57.470856 
-24.400000 56.937642 
-24.300000 56.873785 
-24.200000 57.220893 
-24.100000 57.735948 
-24.000000 57.339649 
-23.900000 57.430053 
-23.800000 58.042660 
-23.700000 57.947516 
-23.600000 57.897086 
-23.500000 58.239683 
-23.400000 58.075198 
-23.300000 58.596751 
-23.200000 58.338782 
-23.100000 57.933276 
-23.000000 58.292277 
-22.900000 58.606689 
-22.800000 59.047929 
-22.700000 58.762836 
-22.600000 59.091970 
-22.500000 58.974079 
-22.400000 59.258095 
-22.300000 59.094949 
-22.200000 60.116571 
-22.100000 59.666711 
-22.000000 60.166725 
-21.900000 59.651686 
-21.800000 59.262131 
-21.700000 59.773388 
-21.600000 60.101731 
-21.500000 60.364520 
-21.400000 60.200864 
-21.300000 60.043027 
-21.200000 60.390196 
-21.100000 60.312553 
-21.000000 60.278473 
-20.900000 60.931991 
-20.800000 60.712258 
-20.700000 61.127279 
-20.600000 60.520358 
-20.500000 60.515980 
-20.400000 61.308573 
-20.300000 60.709175 
-20.200000 61.516186 
-20.100000 62.078990 
-20.000000 61.826951 
-19.900000 61.460504 
-19.800000 61.868443 
-19.700000 61.845635 
-19.600000 62.799189 
-19.500000 62.482285 
-19.400000 61.798260 
-19.300000 62.597173 
-19.200000 62.247879 
-19.100000 62.327177 
-19.000000 62.379197 
-18.900000 62.781302 
-18.800000 62.761340 
-18.700000 63.198736 
-18.600000 63.542654 
-18.500000 63.291073 
-18.400000 63.267545 
-18.300000 63.364281 
-18.200000 63.016684 
-18.100000 63.005942 
-18.000000 63.677861 
-17.900000 63.383067 
-17.800000 63.618312 
-17.700000 63.676744 
-17.600000 64.063530 
-17.500000 64.294541 
-17.400000 63.865649 
-17.300000 63.980025 
-17.200000 64.323921 
-17.100000 64.564761 
-17.000000 64.257617 
-16.900000 64.583907 
-16.800000 64.506605 
-16.700000 64.843451 
-16.600000 64.794855 
-16.500000 65.239330 
-16.400000 65.065447 
-16.300000 65.692197 
-16.200000 65.194579 
-16.100000 65.767036 
-16.000000 65.277080 
-15.900000 65.863737 
-15.800000 65.224368 
-15.700000 65.814139 
-15.600000 66.060979 
-15.500000 65.835236 
-15.400000 65.886503 
-15.300000 65.740934 
-15.200000 66.580414 
-15.100000 66.039039 
-15.000000 66.175383 
-14.900000 66.628391 
-14.800000 66.607156 
-14.700000 66.539873 
-14.600000 66.801356 
-14.500000 66.445575 
-14.400000 67.012169 
-14.300000 67.100923 
-14.200000 67.003914 
-14.100000 67.603213 
-14.000000 67.664137 
-13.900000 67.937220 
-13.800000 67.563954 
-13.700000 67.822606 
-13.600000 67.464126 
-13.500000 67.871005 
-13.400000 68.185830 
-13.300000 68.153773 
-13.200000 67.910366 
-13.100000 68.457491 
-13.000000 68.864419 
-12.900000 68.564621 
-12.800000 68.704719 
-12.700000 68.449274 
-12.600000 68.648264 
-12.500000 69.172732 
-12.400000 69.017331 
-12.300000 69.524583 
-12.200000 69.047684 
-12.100000 68.679488 
-12.000000 69.166558 
-11.900000 69.470700 
-11.800000 69.594544 
-11.700000 69.602295 
-11.600000 69.494326 
-11.500000 70.045077 
-11.400000 69.983570 
-11.300000 70.080807 
-11.200000 70.266199 
-11.100000 70.760341 
-11.000000 70.100448 
-10.900000 70.924132 
-10.800000 71.119641 
-10.700000 70.180104 
-10.600000 71.042215 
-10.500000 70.965224 
-10.400000 70.708525 
-10.300000 70.812683 
-10.200000 71.215064 
-10.100000 71.037846 
-10.000000 71.683764 
-9.900000 70.863099 
-9.800000 71.155225 
-9.700000 71.449802 
-9.600000 71.497074 
-9.500000 71.709327 
-9.400000 71.936729 
-9.300000 72.117336 
-9.200000 71.739195 
-9.100000 72.629309 
-9.000000 72.115824 
-8.900000 72.109684 
-8.800000 72.492810 
-8.700000 72.318168 
-8.600000 72.336110 
-8.500000 72.675087 
-8.400000 72.991337 
-8.300000 72.477664 
-8.200000 72.497570 
-8.100000 72.767633 
-8.000000 72.785951 
-7.900000 72.992142 
-7.800000 73.462971 
-7.700000 73.332960 
-7.600000 73.460114 
-7.500000 73.457798 
-7.400000 73.953521 
-7.300000 73.663571 
-7.200000 73.803156 
-7.100000 73.598844 
-7.000000 74.348579 
-6.900000 73.797698 
-6.800000 74.301344 
-6.700000 74.736499 
-6.600000 74.883436 
-6.500000 74.212380 
-6.400000 74.834301 
-6.300000 74.567512 
-6.200000 74.858164 
-6.100000 75.174060 
-6.000000 74.639873 
-5.900000 74.738308 
-5.800000 75.542162 
-5.700000 74.976452 
-5.600000 75.910501 
-5.500000 75.286857 
-5.400000 75.002072 
-5.300000 76.047328 
-5.200000 75.750583 
-5.100000 75.899685 
-5.000000 76.084048 
-4.900000 76.197698 
-4.800000 75.570035 
-4.700000 76.566583 
-4.600000 76.224217 
-4.500000 76.090622 
-4.400000 76.019770 
-4.300000 76.601260 
-4.200000 76.407713 
-4.100000 77.176977 
-4.000000 76.838039 
-3.900000 76.847166 
-3.800000 76.814892 
-3.700000 77.140000 
-3.600000 77.577951 
-3.500000 77.288913 
-3.400000 77.414312 
-3.300000 77.332884 
-3.200000 77.329792 
-3.100000 77.891423 
-3.000000 78.229532 
-2.900000 77.750460 
-2.800000 77.769135 
-2.700000 78.047016 
-2.600000 77.795504 
-2.500000 78.263622 
-2.400000 78.289120 
-2.300000 77.944921 
-2.200000 78.725215 
-2.100000 78.517871 
-2.000000 78.360698 
-1.900000 79.270548 
-1.800000 78.567865 
-1.700000 78.581466 
-1.600000 78.689771 
-1.500000 79.348829 
-1.400000 78.913668 
-1.300000 78.819601 
-1.200000 79.288285 
-1.100000 79.299037 
-1.000000 78.828125 
-0.900000 80.196434 
-0.800000 79.965026 
-0.700000 79.492354 
-0.600000 79.686889 
-0.500000 79.584190 
-0.400000 79.438685 
-0.300000 80.291131 
-0.200000 80.189011 
-0.100000 80.353213 
