-40.000000 41.361459 
-39.900000 41.864940 
-39.800000 41.798286 
-39.700000 42.233904 
-39.600000 42.015947 
-39.500000 42.491757 
-39.400000 42.340930 
-39.300000 42.353929 
-39.200000 43.180179 
-39.100000 42.199009 
-39.000000 42.319569 
-38.900000 42.511893 
-38.800000 43.199429 
-38.700000 42.970907 
-38.600000 43.536447 
-38.500000 42.456925 
-38.400000 43.526375 
-38.300000 43.286076 
-38.200000 43.953244 
-38.100000 43.615049 
-38.000000 43.921017 
-37.900000 44.166764 
-37.800000 43.872782 
-37.700000 44.000533 
-37.600000 44.250409 
-37.500000 43.446930 
-37.400000 44.591717 
-37.300000 44.802592 
-37.200000 44.932659 
-37.100000 45.278897 
-37.000000 44.446395 
-36.900000 44.841077 
-36.800000 44.468510 
-36.700000 44.980745 
-36.600000 45.179567 
-36.500000 44.889887 
-36.400000 45.036407 
-36.300000 44.892307 
-36.200000 45.394776 
-36.100000 46.160700 
-36.000000 45.834940 
-35.900000 46.141441 
-35.800000 46.183742 
-35.700000 46.022049 
-35.600000 46.674794 
-35.500000 45.955459 
-35.400000 45.983937 
-35.300000 46.230048 
-35.200000 46.482452 
-35.100000 46.383864 
-35.000000 46.950443 
-34.900000 47.109324 
-34.800000 47.142708 
-34.700000 47.229303 
-34.600000 47.267914 
-34.500000 47.129751 
-34.400000 47.313380 
-34.300000 47.589578 
-34.200000 47.431206 
-34.100000 47.643220 
-34.000000 47.620090 
-33.900000 47.787979 
-33.800000 48.148956 
-33.700000 48.039042 
-33.600000 48.720287 
-33.500000 48.304127 
-33.400000 48.172961 
-33.300000 48.367630 
-33.200000 48.314438 
-33.100000 47.887119 
-33.000000 48.786110 
-32.900000 49.227293 
-32.800000 48.897698 
-32.700000 48.596862 
-32.600000 48.986126 
-32.500000 48.971747 
-32.400000 49.662812 
-32.300000 49.111236 
-32.200000 49.428815 
-32.100000 49.331303 
-32.000000 49.393478 
-31.900000 49.884707 
-31.800000 50.453159 
-31.700000 49.937110 
-31.600000 50.095675 
-31.500000 50.332802 
-31.400000 50.910198 
-31.300000 49.949821 
-31.200000 50.786784 
-31.100000 50.884891 
-31.000000 50.925894 
-30.900000 51.144298 
-30.800000 50.690172 
-30.700000 50.582744 
-30.600000 51.269865 
-30.500000 51.258646 
-30.400000 51.513879 
-30.300000 51.411098 
-30.200000 51.831834 
-30.100000 51.415560 
-30.000000 51.433523 
-29.900000 51.583434 
-29.800000 52.547948 
-29.700000 52.005931 
-29.600000 52.865655 
-29.500000 51.950236 
-29.400000 52.321875 
-29.300000 52.537886 
-29.200000 52.343729 
-29.100000 52.356688 
-29.000000 53.165453 
-28.900000 53.253965 
-28.800000 52.724692 
-28.700000 52.623790 
-28.600000 53.116954 
-28.500000 53.326852 
-28.400000 53.146831 
-28.300000 53.495828 
-28.200000 53.406682 
-28.100000 53.587277 
-28.000000 53.994525 
-27.900000 53.772966 
-27.800000 53.911374 
-27.700000 54.058947 
-27.600000 53.730857 
-27.500000 54.240840 
-27.400000 54.252177 
-27.300000 54.459779 
-27.200000 54.408040 
-27.100000 54.729622 
-27.000000 54.318427 
-26.900000 54.438555 
-26.800000 55.359485 
-26.700000 55.061469 
-26.600000 54.947177 
-26.500000 54.966213 
-26.400000 55.219304 
-26.300000 55.737982 
-26.200000 55.737019 
-26.100000 55.013576 
-26.000000 55.672930 
-25.900000 55.257037 
-25.800000 55.291181 
-25.700000 55.955005 
-25.600000 55.967756 
-25.500000 56.883482 
-25.400000 56.507930 
-25.300000 56.328775 
-25.200000 56.624246 
-25.100000 57.074819 
-25.000000 56.586037 
-24.900000 57.981995 
-24.800000 57.501524 
-24.700000 57.012350 
-24.600000 57.348011 
-24.500000 57.511832 
-24.400000 57.186120 
-24.300000 57.554907 
-24.200000 57.451607 
-24.100000 57.648955 
-24.000000 57.756248 
-23.900000 57.084622 
-23.800000 57.548629 
-23.700000 57.730754 
-23.600000 57.658616 
-23.500000 58.600072 
-23.400000 58.104404 
-23.300000 58.315093 
-23.200000 58.184275 
-23.100000 58.454096 
-23.000000 58.785287 
-22.900000 59.088409 
-22.800000 59.242942 
-22.700000 59.014325 
-22.600000 59.046546 
-22.500000 59.390391 
-22.400000 59.382441 
-22.300000 58.752002 
-22.200000 60.011931 
-22.100000 59.633872 
-22.000000 59.405139 
-21.900000 60.186269 
-21.800000 60.199781 
-21.700000 59.857095 
-21.600000 60.626397 
-21.500000 60.222940 
-21.400000 59.879811 
-21.300000 59.967732 
-21.200000 61.279931 
-21.100000 60.907828 
-21.000000 61.008847 
-20.900000 60.453202 
-20.800000 61.375133 
-20.700000 61.430469 
-20.600000 61.410293 
-20.500000 60.928534 
-20.400000 61.756046 
-20.300000 61.731913 
-20.200000 61.738624 
-20.100000 61.426799 
-20.000000 61.379393 
-19.900000 61.532739 
-19.800000 61.598713 
-19.700000 62.043069 
-19.600000 62.139076 
-19.500000 62.137426 
-19.400000 62.679275 
-19.300000 62.584903 
-19.200000 62.508146 
-19.100000 62.380870 
-19.000000 63.274695 
-18.900000 62.587635 
-18.800000 63.311459 
-18.700000 62.927182 
-18.600000 63.101427 
-18.500000 63.472745 
-18.400000 63.263067 
-18.300000 63.327902 
-18.200000 64.136349 
-18.100000 63.463034 
-18.000000 63.419166 
-17.900000 64.147084 
-17.800000 63.478834 
-17.700000 63.792545 
-17.600000 64.319653 
-17.500000 64.234876 
-17.400000 64.493704 
-17.300000 64.732952 
-17.200000 64.141965 
-17.100000 64.071348 
-17.000000 64.953795 
-16.900000 64.397808 
-16.800000 64.713493 
-16.700000 64.864213 
-16.600000 65.410403 
-16.500000 65.255274 
-16.400000 65.175218 
-16.300000 64.947513 
-16.200000 65.507828 
-16.100000 65.639183 
-16.000000 65.829416 
-15.900000 65.331267 
-15.800000 66.302361 
-15.700000 66.604655 
-15.600000 65.700124 
-15.500000 65.900919 
-15.400000 66.001993 
-15.300000 66.509080 
-15.200000 66.018759 
-15.100000 66.762175 
-15.000000 66.532081 
-14.900000 66.217621 
-14.800000 66.972122 
-14.700000 66.818776 
-14.600000 66.589535 
-14.500000 66.893327 
-14.400000 67.056065 
-14.300000 67.970837 
-14.200000 67.219717 
-14.100000 68.207222 
-14.000000 67.455039 
-13.900000 67.446588 
-13.800000 67.651679 
-13.700000 68.377683 
-13.600000 67.364193 
-13.500000 68.510159 
-13.400000 68.425662 
-13.300000 68.006997 
-13.200000 68.172338 
-13.100000 68.812440 
-13.000000 68.435904 
-12.900000 68.733505 
-12.800000 69.515881 
-12.700000 68.904261 
-12.600000 69.205151 
-12.500000 69.312060 
-12.400000 69.778914 
-12.300000 69.571383 
-12.200000 69.806226 
-12.100000 69.026289 
-12.000000 68.759517 
-11.900000 69.434652 
-11.800000 69.789761 
-11.700000 70.123265 
-11.600000 70.133952 
-11.500000 69.801986 
-11.400000 69.831171 
-11.300000 69.934494 
-11.200000 69.851322 
-11.100000 70.556521 
-11.000000 70.538510 
-10.900000 70.857096 
-10.800000 71.219972 
-10.700000 71.253062 
-10.600000 70.898366 
-10.500000 71.419329 
-10.400000 71.031890 
-10.300000 71.588545 
-10.200000 71.903878 
-10.100000 71.776155 
-10.000000 71.875538 
-9.900000 71.648654 
-9.800000 72.150410 
-9.700000 71.323228 
-9.600000 71.719433 
-9.500000 72.058267 
-9.400000 72.096805 
-9.300000 72.423107 
-9.200000 72.082173 
-9.100000 72.410713 
-9.000000 72.032635 
-8.900000 72.685451 
-8.800000 72.632819 
-8.700000 73.474741 
-8.600000 72.573967 
-8.500000 72.396925 
-8.400000 72.822422 
-8.300000 73.149834 
-8.200000 73.547996 
-8.100000 72.914292 
-8.000000 73.435905 
-7.900000 73.394471 
-7.800000 73.454657 
-7.700000 73.723102 
-7.600000 73.686266 
-7.500000 74.300738 
-7.400000 74.669000 
-7.300000 74.790284 
-7.200000 73.618808 
-7.100000 74.847290 
-7.000000 74.542343 
-6.900000 74.053646 
-6.800000 74.707375 
-6.700000 75.026567 
-6.600000 74.913414 
-6.500000 74.990436 
-6.400000 74.530723 
-6.300000 75.891219 
-6.200000 75.545334 
-6.100000 75.492774 
-6.000000 74.955670 
-5.900000 74.672357 
-5.800000 75.356139 
-5.700000 75.665094 
-5.600000 76.274881 
-5.500000 75.609057 
-5.400000 75.920666 
-5.300000 75.708568 
-5.200000 75.782805 
-5.100000 76.595311 
-5.000000 76.349511 
-4.900000 76.087741 
-4.800000 76.437879 
-4.700000 76.187085 
-4.600000 76.944350 
-4.500000 76.809610 
-4.400000 76.658104 
-4.300000 77.294093 
-4.200000 77.016139 
-4.100000 77.218228 
-4.000000 77.754107 
-3.900000 77.533086 
-3.800000 77.610491 
-3.700000 77.399340 
-3.600000 77.750164 
-3.500000 77.209123 
-3.400000 77.683931 
-3.300000 77.829715 
-3.200000 78.314259 
-3.100000 78.085325 
-3.000000 77.707672 
-2.900000 78.247282 
-2.800000 78.345090 
-2.700000 78.521229 
-2.600000 78.474918 
-2.500000 78.966831 
-2.400000 78.850546 
-2.300000 78.764954 
-2.200000 78.803671 
-2.100000 79.111705 
-2.000000 78.693253 
-1.900000 79.463227 
-1.800000 79.272265 
-1.700000 79.976229 
-1.600000 79.663333 
-1.500000 79.350101 
-1.400000 79.621798 
-1.300000 79.778379 
-1.200000 79.732706 
-1.100000 80.238779 
-1.000000 80.143239 
-0.900000 80.098865 
-0.800000 80.308082 
-0.700000 80.486381 
-0.600000 80.619647 
-0.500000 80.663870 
-0.400000 80.485704 
-0.300000 80.241081 
-0.200000 80.727246 
-0.100000 80.880370 
