-40.000000 41.654555 
-39.900000 41.695546 
-39.800000 41.890772 
-39.700000 42.076612 
-39.600000 41.949342 
-39.500000 42.145586 
-39.400000 42.236571 
-39.300000 42.684267 
-39.200000 42.926011 
-39.100000 42.371149 
-39.000000 42.668749 
-38.900000 42.832192 
-38.800000 43.142704 
-38.700000 43.271687 
-38.600000 43.244430 
-38.500000 43.200974 
-38.400000 43.331273 
-38.300000 43.278871 
-38.200000 43.715914 
-38.100000 43.657001 
-38.000000 43.580103 
-37.900000 43.992748 
-37.800000 43.696351 
-37.700000 43.986467 
-37.600000 44.122046 
-37.500000 43.825029 
-37.400000 44.371342 
-37.300000 44.378075 
-37.200000 44.337556 
-37.100000 44.415653 
-37.000000 44.648631 
-36.900000 44.699276 
-36.800000 44.492341 
-36.700000 44.940326 
-36.600000 44.115546 
-36.500000 44.129226 
-36.400000 44.365319 
-36.300000 44.246093 
-36.200000 44.315447 
-36.100000 44.748026 
-36.000000 44.663970 
-35.900000 44.816083 
-35.800000 45.051021 
-35.700000 44.972496 
-35.600000 45.225594 
-35.500000 45.108826 
-35.400000 45.194114 
-35.300000 45.368073 
-35.200000 45.399650 
-35.100000 45.584911 
-35.000000 45.683046 
-34.900000 45.831788 
-34.800000 46.001256 
-34.700000 46.152403 
-34.600000 46.088537 
-34.500000 46.165506 
-34.400000 46.142746 
-34.300000 46.465203 
-34.200000 46.364012 
-34.100000 46.656617 
-34.000000 46.662912 
-33.900000 46.823387 
-33.800000 46.942119 
-33.700000 46.936031 
-33.600000 47.285114 
-33.500000 47.192313 
-33.400000 47.260012 
-33.300000 47.271452 
-33.200000 47.546379 
-33.100000 47.387573 
-33.000000 47.708744 
-32.900000 47.911596 
-32.800000 47.821460 
-32.700000 47.729562 
-32.600000 47.883389 
-32.500000 48.146028 
-32.400000 48.270720 
-32.300000 48.280573 
-32.200000 48.471490 
-32.100000 48.305530 
-32.000000 48.442171 
-31.900000 48.602304 
-31.800000 48.873049 
-31.700000 48.835334 
-31.600000 49.088762 
-31.500000 49.121209 
-31.400000 49.389812 
-31.300000 49.074436 
-31.200000 49.387026 
-31.100000 49.447510 
-31.000000 49.619286 
-30.900000 49.599004 
-30.800000 49.492096 
-30.700000 49.261655 
-30.600000 48.239879 
-30.500000 47.952133 
-30.400000 48.041964 
-30.300000 48.075654 
-30.200000 43.900332 
-30.100000 37.212014 
-30.000000 33.286006 
-29.900000 30.586195 
-29.800000 28.539351 
-29.700000 26.897841 
-29.600000 25.531906 
-29.500000 24.362576 
-29.400000 23.343242 
-29.300000 22.440557 
-29.200000 21.631402 
-29.100000 20.899627 
-29.000000 20.232031 
-28.900000 19.618621 
-28.800000 19.052201 
-28.700000 18.526160 
-28.600000 18.035860 
-28.500000 17.576796 
-28.400000 17.145690 
-28.300000 16.739484 
-28.200000 16.355816 
-28.100000 15.992441 
-28.000000 15.647625 
-27.900000 15.319656 
-27.800000 15.007193 
-27.700000 14.708930 
-27.600000 14.423830 
-27.500000 14.150898 
-27.400000 13.889289 
-27.300000 13.638153 
-27.200000 13.396869 
-27.100000 13.164744 
-27.000000 12.941177 
-26.900000 12.725717 
-26.800000 12.517856 
-26.700000 12.316934 
-26.600000 12.119564 
-26.500000 11.924937 
-26.400000 11.733295 
-26.300000 11.544857 
-26.200000 11.359737 
-26.100000 11.178066 
-26.000000 10.999913 
-25.900000 10.825323 
-25.800000 10.654310 
-25.700000 10.486862 
-25.600000 10.322975 
-25.500000 10.162610 
-25.400000 10.005721 
-25.300000 9.852252 
-25.200000 9.702160 
-25.100000 9.555382 
-25.000000 9.411831 
-24.900000 9.271450 
-24.800000 9.134157 
-24.700000 8.999901 
-24.600000 8.868532 
-24.500000 8.740009 
-24.400000 8.614397 
-24.300000 8.491526 
-24.200000 8.371318 
-24.100000 8.253703 
-24.000000 8.138601 
-23.900000 8.025965 
-23.800000 7.915718 
-23.700000 7.807795 
-23.600000 7.702138 
-23.500000 7.598686 
-23.400000 7.497375 
-23.300000 7.398156 
-23.200000 7.300962 
-23.100000 7.205748 
-23.000000 7.112459 
-22.900000 7.021038 
-22.800000 6.931448 
-22.700000 6.843631 
-22.600000 6.757543 
-22.500000 6.673141 
-22.400000 6.590381 
-22.300000 6.509219 
-22.200000 6.429617 
-22.100000 6.351532 
-22.000000 6.274927 
-21.900000 6.199769 
-21.800000 6.126017 
-21.700000 6.053639 
-21.600000 5.982598 
-21.500000 5.912866 
-21.400000 5.844408 
-21.300000 5.777195 
-21.200000 5.711197 
-21.100000 5.646384 
-21.000000 5.582731 
-20.900000 5.520206 
-20.800000 5.458788 
-20.700000 5.398449 
-20.600000 5.339152 
-20.500000 5.280899 
-20.400000 5.223535 
-20.300000 5.166959 
-20.200000 5.111164 
-20.100000 5.056140 
-20.000000 5.001880 
-19.900000 4.948377 
-19.800000 4.895619 
-19.700000 4.843599 
-19.600000 4.792308 
-19.500000 4.741737 
-19.400000 4.691878 
-19.300000 4.642664 
-19.200000 4.594009 
-19.100000 4.545911 
-19.000000 4.498370 
-18.900000 4.451384 
-18.800000 4.404948 
-18.700000 4.359067 
-18.600000 4.313721 
-18.500000 4.268868 
-18.400000 4.224451 
-18.300000 4.180484 
-18.200000 4.135412 
-18.100000 4.089116 
-18.000000 4.045473 
-17.900000 4.002130 
-17.800000 3.959181 
-17.700000 3.916649 
-17.600000 3.874543 
-17.500000 3.832899 
-17.400000 3.791699 
-17.300000 3.720048 
-17.200000 3.679205 
-17.100000 3.612647 
-17.000000 3.573720 
-16.900000 3.535382 
-16.800000 3.497564 
-16.700000 3.460176 
-16.600000 3.423092 
-16.500000 3.386355 
-16.400000 3.349843 
-16.300000 3.313536 
-16.200000 3.277462 
-16.100000 3.241580 
-16.000000 3.205882 
-15.900000 3.170366 
-15.800000 3.134998 
-15.700000 3.099888 
-15.600000 3.064994 
-15.500000 3.030342 
-15.400000 2.995884 
-15.300000 2.961692 
-15.200000 2.927758 
-15.100000 2.894065 
-15.000000 2.860731 
-14.900000 2.827728 
-14.800000 2.794997 
-14.700000 2.762665 
-14.600000 2.731114 
-14.500000 2.700072 
-14.400000 2.669487 
-14.300000 2.639296 
-14.200000 2.609542 
-14.100000 2.580117 
-14.000000 2.551021 
-13.900000 2.522341 
-13.800000 2.493944 
-13.700000 2.465891 
-13.600000 2.438176 
-13.500000 2.410792 
-13.400000 2.383749 
-13.300000 2.357065 
-13.200000 2.330682 
-13.100000 2.304582 
-13.000000 2.278773 
-12.900000 2.253221 
-12.800000 2.227969 
-12.700000 2.203182 
-12.600000 2.179115 
-12.500000 2.155458 
-12.400000 2.132183 
-12.300000 2.109571 
-12.200000 2.087569 
-12.100000 2.065694 
-12.000000 2.043918 
-11.900000 2.022232 
-11.800000 2.000632 
-11.700000 1.979139 
-11.600000 1.957711 
-11.500000 1.936369 
-11.400000 1.915096 
-11.300000 1.893888 
-11.200000 1.872779 
-11.100000 1.851747 
-11.000000 1.830791 
-10.900000 1.809922 
-10.800000 1.789173 
-10.700000 1.768549 
-10.600000 1.748071 
-10.500000 1.727695 
-10.400000 1.707491 
-10.300000 1.687408 
-10.200000 1.667443 
-10.100000 1.647622 
-10.000000 1.627938 
-9.900000 1.608378 
-9.800000 1.588934 
-9.700000 1.575155 
-9.600000 1.561767 
-9.500000 1.548446 
-9.400000 1.535546 
-9.300000 1.523091 
-9.200000 1.510680 
-9.100000 1.498298 
-9.000000 1.485995 
-8.900000 1.473756 
-8.800000 1.461571 
-8.700000 1.449438 
-8.600000 1.437339 
-8.500000 1.425295 
-8.400000 1.382338 
-8.300000 1.369327 
-8.200000 1.356391 
-8.100000 1.343530 
-8.000000 1.330749 
-7.900000 1.318028 
-7.800000 1.305346 
-7.700000 1.292863 
-7.600000 1.276929 
-7.500000 1.263293 
-7.400000 1.252608 
-7.300000 1.242046 
-7.200000 1.231535 
-7.100000 1.213231 
-7.000000 1.186143 
-6.900000 1.175832 
-6.800000 1.165545 
-6.700000 1.155255 
-6.600000 1.144984 
-6.500000 1.134737 
-6.400000 1.124505 
-6.300000 1.114276 
-6.200000 1.104066 
-6.100000 1.093869 
-6.000000 1.077669 
-5.900000 1.067625 
-5.800000 1.046976 
-5.700000 1.037193 
-5.600000 1.027417 
-5.500000 1.008911 
-5.400000 1.000114 
-5.300000 0.991382 
-5.200000 0.982752 
-5.100000 0.974152 
-5.000000 0.965588 
-4.900000 0.957038 
-4.800000 0.948506 
-4.700000 0.939983 
-4.600000 0.931500 
-4.500000 0.923043 
-4.400000 0.914694 
-4.300000 0.906454 
-4.200000 0.898239 
-4.100000 0.890049 
-4.000000 0.881914 
-3.900000 0.873952 
-3.800000 0.865981 
-3.700000 0.857969 
-3.600000 0.849916 
-3.500000 0.841832 
-3.400000 0.834103 
-3.300000 0.826753 
-3.200000 0.819403 
-3.100000 0.812053 
-3.000000 0.623258 
-2.900000 0.607088 
-2.800000 0.603516 
-2.700000 0.599942 
-2.600000 0.596314 
-2.500000 0.592674 
-2.400000 0.588963 
-2.300000 0.585312 
-2.200000 0.581630 
-2.100000 0.577864 
-2.000000 0.573928 
-1.900000 0.572884 
-1.800000 0.573572 
-1.700000 0.570821 
-1.600000 0.570755 
-1.500000 0.570557 
-1.400000 0.569796 
-1.300000 0.568805 
-1.200000 0.567714 
-1.100000 -0.023592 
-1.000000 -0.023450 
-0.900000 -0.023409 
-0.800000 -0.023258 
-0.700000 -0.022590 
-0.600000 -0.022592 
-0.500000 -0.022314 
-0.400000 -0.021932 
-0.300000 -0.021220 
-0.200000 -0.020716 
-0.100000 -0.021098 
