-40.000000 41.842855 
-39.900000 42.060544 
-39.800000 42.179819 
-39.700000 42.230730 
-39.600000 41.786976 
-39.500000 42.289114 
-39.400000 42.469568 
-39.300000 42.390744 
-39.200000 42.675718 
-39.100000 42.369721 
-39.000000 42.578146 
-38.900000 42.606166 
-38.800000 42.712769 
-38.700000 43.015387 
-38.600000 43.044665 
-38.500000 43.293294 
-38.400000 43.525580 
-38.300000 43.312655 
-38.200000 43.324058 
-38.100000 43.622247 
-38.000000 43.597236 
-37.900000 43.800404 
-37.800000 43.927257 
-37.700000 43.995710 
-37.600000 44.176306 
-37.500000 44.105478 
-37.400000 44.087526 
-37.300000 44.266234 
-37.200000 44.550290 
-37.100000 44.584491 
-37.000000 44.829119 
-36.900000 44.867660 
-36.800000 44.830120 
-36.700000 45.282763 
-36.600000 45.230563 
-36.500000 44.918989 
-36.400000 45.354986 
-36.300000 45.542065 
-36.200000 45.284853 
-36.100000 45.467713 
-36.000000 45.787466 
-35.900000 45.303568 
-35.800000 45.747009 
-35.700000 46.077321 
-35.600000 45.947659 
-35.500000 46.217455 
-35.400000 46.133239 
-35.300000 46.093756 
-35.200000 46.461036 
-35.100000 46.471525 
-35.000000 46.757419 
-34.900000 46.654179 
-34.800000 47.030946 
-34.700000 46.900153 
-34.600000 46.767636 
-34.500000 47.570268 
-34.400000 47.302756 
-34.300000 47.362134 
-34.200000 47.412439 
-34.100000 47.508820 
-34.000000 47.352398 
-33.900000 47.534961 
-33.800000 47.783734 
-33.700000 47.954349 
-33.600000 48.091219 
-33.500000 47.997223 
-33.400000 48.211906 
-33.300000 48.004603 
-33.200000 48.182535 
-33.100000 48.684585 
-33.000000 48.643714 
-32.900000 48.454807 
-32.800000 48.565186 
-32.700000 48.807716 
-32.600000 49.107720 
-32.500000 49.202854 
-32.400000 49.403417 
-32.300000 49.431608 
-32.200000 49.564993 
-32.100000 49.750323 
-32.000000 49.413991 
-31.900000 49.764864 
-31.800000 49.554293 
-31.700000 49.628363 
-31.600000 49.780483 
-31.500000 49.966223 
-31.400000 50.102382 
-31.300000 50.358375 
-31.200000 50.166918 
-31.100000 50.317062 
-31.000000 50.481438 
-30.900000 50.789307 
-30.800000 50.714039 
-30.700000 50.803883 
-30.600000 51.390823 
-30.500000 51.170141 
-30.400000 51.247397 
-30.300000 51.296833 
-30.200000 51.337389 
-30.100000 51.475342 
-30.000000 51.361681 
-29.900000 51.619195 
-29.800000 51.451751 
-29.700000 51.694904 
-29.600000 51.971724 
-29.500000 51.888851 
-29.400000 52.020753 
-29.300000 52.032099 
-29.200000 52.180415 
-29.100000 52.258447 
-29.000000 52.525246 
-28.900000 52.427410 
-28.800000 52.438249 
-28.700000 52.644644 
-28.600000 52.488554 
-28.500000 52.744365 
-28.400000 53.075187 
-28.300000 53.135563 
-28.200000 53.258628 
-28.100000 53.429674 
-28.000000 53.330613 
-27.900000 53.167254 
-27.800000 53.640639 
-27.700000 53.669348 
-27.600000 53.877009 
-27.500000 53.565134 
-27.400000 53.697070 
-27.300000 54.366348 
-27.200000 53.916136 
-27.100000 54.074066 
-27.000000 54.246426 
-26.900000 54.211359 
-26.800000 54.817991 
-26.700000 54.628280 
-26.600000 54.778474 
-26.500000 54.709500 
-26.400000 54.690388 
-26.300000 54.909089 
-26.200000 54.816563 
-26.100000 54.333932 
-26.000000 54.928950 
-25.900000 55.470212 
-25.800000 55.562926 
-25.700000 55.168598 
-25.600000 55.297324 
-25.500000 55.223968 
-25.400000 55.299124 
-25.300000 55.268788 
-25.200000 55.549894 
-25.100000 55.891312 
-25.000000 55.685540 
-24.900000 55.825278 
-24.800000 56.070586 
-24.700000 55.919860 
-24.600000 55.863761 
-24.500000 56.076079 
-24.400000 56.567439 
-24.300000 56.053904 
-24.200000 56.748367 
-24.100000 56.487120 
-24.000000 56.463345 
-23.900000 56.979767 
-23.800000 56.931645 
-23.700000 57.145621 
-23.600000 56.943030 
-23.500000 57.364692 
-23.400000 57.325358 
-23.300000 57.488987 
-23.200000 57.256816 
-23.100000 57.320201 
-23.000000 57.793264 
-22.900000 57.624845 
-22.800000 57.555805 
-22.700000 58.325179 
-22.600000 57.993099 
-22.500000 58.003413 
-22.400000 58.272148 
-22.300000 58.427269 
-22.200000 58.371077 
-22.100000 58.187633 
-22.000000 58.597791 
-21.900000 58.765682 
-21.800000 58.849696 
-21.700000 59.161235 
-21.600000 59.087557 
-21.500000 58.726996 
-21.400000 59.253292 
-21.300000 58.709229 
-21.200000 59.284730 
-21.100000 59.400664 
-21.000000 59.071380 
-20.900000 59.521631 
-20.800000 59.601217 
-20.700000 59.477099 
-20.600000 59.728958 
-20.500000 59.833080 
-20.400000 59.461894 
-20.300000 59.611565 
-20.200000 59.881044 
-20.100000 59.482139 
-20.000000 59.119787 
-19.900000 59.330239 
-19.800000 60.237874 
-19.700000 59.816626 
-19.600000 60.356100 
-19.500000 60.302581 
-19.400000 59.577988 
-19.300000 59.364036 
-19.200000 59.780359 
-19.100000 59.794781 
-19.000000 59.780483 
-18.900000 59.920299 
-18.800000 60.156247 
-18.700000 60.379518 
-18.600000 60.629162 
-18.500000 60.397069 
-18.400000 60.306139 
-18.300000 60.659723 
-18.200000 60.701040 
-18.100000 60.868876 
-18.000000 60.583101 
-17.900000 60.855214 
-17.800000 61.149214 
-17.700000 61.155226 
-17.600000 61.128320 
-17.500000 61.434556 
-17.400000 61.094701 
-17.300000 61.818116 
-17.200000 61.824461 
-17.100000 61.302947 
-17.000000 61.971103 
-16.900000 62.029022 
-16.800000 61.775252 
-16.700000 62.129136 
-16.600000 62.080997 
-16.500000 62.307174 
-16.400000 62.393454 
-16.300000 62.588277 
-16.200000 62.561517 
-16.100000 62.805105 
-16.000000 62.924125 
-15.900000 62.673307 
-15.800000 62.807489 
-15.700000 62.348068 
-15.600000 63.224822 
-15.500000 63.255273 
-15.400000 63.320163 
-15.300000 63.470504 
-15.200000 62.903283 
-15.100000 62.092065 
-15.000000 63.404071 
-14.900000 63.840518 
-14.800000 62.967482 
-14.700000 61.913341 
-14.600000 62.949124 
-14.500000 63.243949 
-14.400000 62.144151 
-14.300000 63.361714 
-14.200000 62.882808 
-14.100000 61.898464 
-14.000000 61.012807 
-13.900000 61.823412 
-13.800000 63.667173 
-13.700000 61.661462 
-13.600000 62.216145 
-13.500000 63.161140 
-13.400000 61.863843 
-13.300000 61.756020 
-13.200000 62.178480 
-13.100000 61.879819 
-13.000000 61.726050 
-12.900000 62.019735 
-12.800000 62.433939 
-12.700000 62.502981 
-12.600000 62.300710 
-12.500000 62.523040 
-12.400000 62.572982 
-12.300000 62.760921 
-12.200000 62.945294 
-12.100000 62.743246 
-12.000000 63.247155 
-11.900000 63.100050 
-11.800000 63.305061 
-11.700000 63.469672 
-11.600000 63.386027 
-11.500000 63.446339 
-11.400000 63.646423 
-11.300000 63.595935 
-11.200000 63.639439 
-11.100000 63.929592 
-11.000000 63.597115 
-10.900000 64.182867 
-10.800000 64.183021 
-10.700000 64.125368 
-10.600000 64.343080 
-10.500000 64.184405 
-10.400000 64.627088 
-10.300000 64.277106 
-10.200000 65.080034 
-10.100000 64.839674 
-10.000000 65.408622 
-9.900000 64.917881 
-9.800000 65.161896 
-9.700000 65.022719 
-9.600000 63.998860 
-9.500000 63.907117 
-9.400000 64.205077 
-9.300000 65.612141 
-9.200000 65.388167 
-9.100000 65.815091 
-9.000000 64.641691 
-8.900000 64.559869 
-8.800000 64.306682 
-8.700000 63.565773 
-8.600000 61.507462 
-8.500000 64.842420 
-8.400000 64.911312 
-8.300000 63.956359 
-8.200000 63.857876 
-8.100000 62.782235 
-8.000000 64.856406 
-7.900000 60.443694 
-7.800000 48.525038 
-7.700000 57.637693 
-7.600000 60.502571 
-7.500000 62.587384 
-7.400000 50.000000 
-7.300000 42.000000 
-7.200000 40.000000 
-7.100000 39.627345 
-7.000000 17.266226 
-6.900000 33.183127 
-6.800000 32.133672 
-6.700000 17.122582 
-6.600000 17.328488 
-6.500000 35.145667 
-6.400000 17.564002 
-6.300000 12.771513 
-6.200000 14.399852 
-6.100000 14.582345 
-6.000000 12.098773 
-5.900000 13.581439 
-5.800000 10.122231 
-5.700000 12.381151 
-5.600000 10.007403 
-5.500000 9.972140 
-5.400000 8.438348 
-5.300000 8.121297 
-5.200000 7.581243 
-5.100000 7.688065 
-5.000000 7.135763 
-4.900000 6.322272 
-4.800000 6.142263 
-4.700000 5.844367 
-4.600000 5.919727 
-4.500000 5.306140 
-4.400000 5.254038 
-4.300000 4.568004 
-4.200000 4.998234 
-4.100000 4.889575 
-4.000000 4.121108 
-3.900000 4.081358 
-3.800000 4.425239 
-3.700000 3.572607 
-3.600000 3.915332 
-3.500000 3.460923 
-3.400000 2.914049 
-3.300000 3.135857 
-3.200000 2.617700 
-3.100000 2.592461 
-3.000000 2.564816 
-2.900000 2.304844 
-2.800000 2.263047 
-2.700000 2.014293 
-2.600000 1.865332 
-2.500000 1.673856 
-2.400000 1.653697 
-2.300000 1.685675 
-2.200000 1.528399 
-2.100000 1.751354 
-2.000000 1.360658 
-1.900000 1.167527 
-1.800000 1.162385 
-1.700000 0.999252 
-1.600000 0.990342 
-1.500000 0.965395 
-1.400000 0.844977 
-1.300000 0.835193 
-1.200000 0.770511 
-1.100000 0.649055 
-1.000000 0.790595 
-0.900000 0.550094 
-0.800000 0.541272 
-0.700000 0.524915 
-0.600000 0.453052 
-0.500000 0.332658 
-0.400000 0.400815 
-0.300000 0.274428 
-0.200000 0.393130 
-0.100000 0.268651 
