-40.000000 41.203155 
-39.900000 41.234376 
-39.800000 42.531054 
-39.700000 42.125928 
-39.600000 42.498750 
-39.500000 42.753605 
-39.400000 42.988087 
-39.300000 41.887299 
-39.200000 42.085185 
-39.100000 42.044619 
-39.000000 42.391650 
-38.900000 42.217571 
-38.800000 41.924157 
-38.700000 43.925843 
-38.600000 43.468478 
-38.500000 43.767044 
-38.400000 42.929566 
-38.300000 44.492218 
-38.200000 43.979737 
-38.100000 42.787066 
-38.000000 43.708640 
-37.900000 43.051660 
-37.800000 44.055036 
-37.700000 44.942212 
-37.600000 43.700813 
-37.500000 44.636548 
-37.400000 44.203122 
-37.300000 44.794612 
-37.200000 45.469093 
-37.100000 45.114747 
-37.000000 45.311111 
-36.900000 45.357038 
-36.800000 44.833688 
-36.700000 44.653624 
-36.600000 44.923446 
-36.500000 45.770169 
-36.400000 44.988882 
-36.300000 44.657402 
-36.200000 45.308823 
-36.100000 46.435575 
-36.000000 45.771167 
-35.900000 46.312704 
-35.800000 46.640562 
-35.700000 44.540728 
-35.600000 45.241303 
-35.500000 44.977842 
-35.400000 45.095335 
-35.300000 47.575033 
-35.200000 47.074373 
-35.100000 46.948060 
-35.000000 46.408733 
-34.900000 47.111984 
-34.800000 46.963469 
-34.700000 47.160760 
-34.600000 46.530722 
-34.500000 47.767046 
-34.400000 47.791082 
-34.300000 47.834463 
-34.200000 48.215698 
-34.100000 48.174518 
-34.000000 47.450364 
-33.900000 48.129648 
-33.800000 47.391259 
-33.700000 49.035144 
-33.600000 48.502596 
-33.500000 46.706613 
-33.400000 48.177347 
-33.300000 49.060525 
-33.200000 48.990145 
-33.100000 48.431939 
-33.000000 47.560835 
-32.900000 48.280600 
-32.800000 49.467505 
-32.700000 49.670081 
-32.600000 48.223375 
-32.500000 49.307211 
-32.400000 49.023647 
-32.300000 49.711581 
-32.200000 49.963207 
-32.100000 49.452156 
-32.000000 49.378902 
-31.900000 49.397756 
-31.800000 50.826250 
-31.700000 50.147158 
-31.600000 49.567599 
-31.500000 50.172934 
-31.400000 49.694511 
-31.300000 50.871855 
-31.200000 50.793955 
-31.100000 51.023430 
-31.000000 51.526860 
-30.900000 51.189021 
-30.800000 50.570543 
-30.700000 50.571964 
-30.600000 51.067201 
-30.500000 51.998096 
-30.400000 50.388277 
-30.300000 51.385317 
-30.200000 51.858525 
-30.100000 50.527573 
-30.000000 52.036855 
-29.900000 51.516725 
-29.800000 51.318025 
-29.700000 52.181863 
-29.600000 52.690333 
-29.500000 53.043756 
-29.400000 53.014781 
-29.300000 52.460719 
-29.200000 52.218159 
-29.100000 52.881668 
-29.000000 52.507326 
-28.900000 52.414409 
-28.800000 52.684802 
-28.700000 52.861793 
-28.600000 51.761115 
-28.500000 53.128172 
-28.400000 52.645054 
-28.300000 53.369099 
-28.200000 54.154649 
-28.100000 53.258485 
-28.000000 53.550027 
-27.900000 53.593401 
-27.800000 54.498896 
-27.700000 55.178347 
-27.600000 53.319719 
-27.500000 53.161324 
-27.400000 55.234326 
-27.300000 55.092873 
-27.200000 53.987021 
-27.100000 54.019200 
-27.000000 53.928751 
-26.900000 55.008349 
-26.800000 53.951351 
-26.700000 55.422132 
-26.600000 54.118370 
-26.500000 55.189488 
-26.400000 54.107422 
-26.300000 55.789385 
-26.200000 55.555637 
-26.100000 56.360471 
-26.000000 55.079115 
-25.900000 56.893262 
-25.800000 56.334224 
-25.700000 55.473514 
-25.600000 55.669124 
-25.500000 56.902573 
-25.400000 56.842447 
-25.300000 55.555619 
-25.200000 56.783781 
-25.100000 57.218707 
-25.000000 57.628934 
-24.900000 57.244447 
-24.800000 56.689504 
-24.700000 56.855303 
-24.600000 57.283848 
-24.500000 57.559041 
-24.400000 57.776027 
-24.300000 57.226239 
-24.200000 57.026820 
-24.100000 56.960401 
-24.000000 58.159965 
-23.900000 58.935864 
-23.800000 58.657536 
-23.700000 58.123071 
-23.600000 57.388402 
-23.500000 57.952033 
-23.400000 58.582600 
-23.300000 57.857716 
-23.200000 58.237396 
-23.100000 59.412541 
-23.000000 58.724595 
-22.900000 59.779952 
-22.800000 58.386992 
-22.700000 59.733921 
-22.600000 59.381401 
-22.500000 60.354426 
-22.400000 60.189205 
-22.300000 59.745248 
-22.200000 59.991497 
-22.100000 58.761299 
-22.000000 60.159677 
-21.900000 59.067071 
-21.800000 59.573921 
-21.700000 58.709194 
-21.600000 59.413854 
-21.500000 59.981746 
-21.400000 59.205245 
-21.300000 60.759901 
-21.200000 60.473087 
-21.100000 59.765628 
-21.000000 60.120921 
-20.900000 61.129390 
-20.800000 61.907265 
-20.700000 60.687304 
-20.600000 61.526675 
-20.500000 61.095901 
-20.400000 60.911578 
-20.300000 62.614352 
-20.200000 60.933287 
-20.100000 60.703204 
-20.000000 61.826527 
-19.900000 61.855606 
-19.800000 61.319698 
-19.700000 61.223437 
-19.600000 62.937456 
-19.500000 61.783689 
-19.400000 62.014129 
-19.300000 62.596319 
-19.200000 62.619714 
-19.100000 61.963866 
-19.000000 62.122111 
-18.900000 63.674055 
-18.800000 63.154535 
-18.700000 63.201216 
-18.600000 63.636446 
-18.500000 63.367323 
-18.400000 63.339916 
-18.300000 63.143750 
-18.200000 63.434341 
-18.100000 63.182366 
-18.000000 63.890458 
-17.900000 63.053920 
-17.800000 62.874257 
-17.700000 63.476259 
-17.600000 63.343695 
-17.500000 63.554685 
-17.400000 64.160841 
-17.300000 63.632162 
-17.200000 63.974822 
-17.100000 63.772705 
-17.000000 63.932927 
-16.900000 64.046185 
-16.800000 64.763669 
-16.700000 65.847616 
-16.600000 64.279375 
-16.500000 65.791748 
-16.400000 64.642133 
-16.300000 65.498270 
-16.200000 65.001653 
-16.100000 65.573933 
-16.000000 65.219854 
-15.900000 65.623618 
-15.800000 65.647586 
-15.700000 64.828383 
-15.600000 64.880407 
-15.500000 65.754139 
-15.400000 66.464368 
-15.300000 66.536598 
-15.200000 66.820402 
-15.100000 66.103989 
-15.000000 66.242285 
-14.900000 65.230387 
-14.800000 66.532743 
-14.700000 67.508660 
-14.600000 66.960749 
-14.500000 66.891585 
-14.400000 67.630955 
-14.300000 66.872214 
-14.200000 67.643096 
-14.100000 67.390087 
-14.000000 67.755817 
-13.900000 68.164941 
-13.800000 66.663049 
-13.700000 68.643776 
-13.600000 67.595438 
-13.500000 66.885634 
-13.400000 67.758805 
-13.300000 67.335137 
-13.200000 67.897613 
-13.100000 68.590003 
-13.000000 68.661388 
-12.900000 68.008153 
-12.800000 68.774060 
-12.700000 68.333260 
-12.600000 69.927999 
-12.500000 68.973282 
-12.400000 68.343267 
-12.300000 70.025764 
-12.200000 68.884947 
-12.100000 68.259836 
-12.000000 69.381755 
-11.900000 69.447727 
-11.800000 69.557726 
-11.700000 69.417485 
-11.600000 70.248920 
-11.500000 68.094950 
-11.400000 69.556163 
-11.300000 70.494965 
-11.200000 69.633686 
-11.100000 69.534793 
-11.000000 71.094115 
-10.900000 70.573511 
-10.800000 71.300504 
-10.700000 69.502494 
-10.600000 69.617862 
-10.500000 71.605785 
-10.400000 70.736356 
-10.300000 71.408192 
-10.200000 71.533036 
-10.100000 71.093673 
-10.000000 71.340821 
-9.900000 70.460855 
-9.800000 72.523697 
-9.700000 71.238718 
-9.600000 72.180277 
-9.500000 71.134520 
-9.400000 72.604727 
-9.300000 71.943201 
-9.200000 71.368353 
-9.100000 72.435785 
-9.000000 72.270445 
-8.900000 72.986798 
-8.800000 72.722733 
-8.700000 72.714243 
-8.600000 72.834748 
-8.500000 73.584960 
-8.400000 73.081344 
-8.300000 73.665609 
-8.200000 73.111790 
-8.100000 72.156924 
-8.000000 73.580397 
-7.900000 72.740058 
-7.800000 73.314940 
-7.700000 74.466937 
-7.600000 73.382699 
-7.500000 73.568224 
-7.400000 73.863545 
-7.300000 73.233903 
-7.200000 74.246474 
-7.100000 74.030667 
-7.000000 74.636538 
-6.900000 75.272302 
-6.800000 74.023774 
-6.700000 74.457331 
-6.600000 74.271102 
-6.500000 74.548718 
-6.400000 74.572512 
-6.300000 73.755893 
-6.200000 75.994402 
-6.100000 75.312931 
-6.000000 75.086976 
-5.900000 75.971148 
-5.800000 75.370560 
-5.700000 75.272358 
-5.600000 74.361858 
-5.500000 74.931518 
-5.400000 74.977777 
-5.300000 76.485225 
-5.200000 75.214222 
-5.100000 76.108747 
-5.000000 74.991066 
-4.900000 76.970176 
-4.800000 75.486188 
-4.700000 75.446497 
-4.600000 76.073960 
-4.500000 76.673222 
-4.400000 75.781740 
-4.300000 75.463702 
-4.200000 77.432494 
-4.100000 77.612750 
-4.000000 75.849424 
-3.900000 76.210986 
-3.800000 77.572839 
-3.700000 76.158057 
-3.600000 75.897055 
-3.500000 77.068698 
-3.400000 77.226293 
-3.300000 76.966284 
-3.200000 76.702817 
-3.100000 76.751049 
-3.000000 77.223015 
-2.900000 77.241086 
-2.800000 77.992967 
-2.700000 78.342807 
-2.600000 78.893823 
-2.500000 77.621100 
-2.400000 77.816883 
-2.300000 77.766822 
-2.200000 79.316898 
-2.100000 78.386098 
-2.000000 79.338075 
-1.900000 79.544139 
-1.800000 79.349799 
-1.700000 77.777154 
-1.600000 78.294202 
-1.500000 79.813728 
-1.400000 80.056710 
-1.300000 79.341917 
-1.200000 79.367377 
-1.100000 78.741612 
-1.000000 77.791698 
-0.900000 78.288175 
-0.800000 80.107374 
-0.700000 79.320567 
-0.600000 79.351022 
-0.500000 79.660356 
-0.400000 80.065670 
-0.300000 80.774168 
-0.200000 78.801677 
-0.100000 80.045181 
