-40.000000 46.200395 
-39.900000 48.241507 
-39.800000 49.619733 
-39.700000 45.920310 
-39.600000 47.388694 
-39.500000 48.440600 
-39.400000 49.385422 
-39.300000 49.846532 
-39.200000 50.222744 
-39.100000 45.483664 
-39.000000 45.768184 
-38.900000 45.966060 
-38.800000 50.665203 
-38.700000 50.594359 
-38.600000 50.209787 
-38.500000 49.931042 
-38.400000 48.525454 
-38.300000 47.361363 
-38.200000 51.346502 
-38.100000 50.070811 
-38.000000 48.100364 
-37.900000 51.751320 
-37.800000 49.798387 
-37.700000 47.391927 
-37.600000 50.261894 
-37.500000 47.313984 
-37.400000 49.555430 
-37.300000 51.831781 
-37.200000 48.458506 
-37.100000 50.148730 
-37.000000 51.709863 
-36.900000 52.573739 
-36.800000 48.220795 
-36.700000 49.272545 
-36.600000 49.708139 
-36.500000 49.928080 
-36.400000 49.762671 
-36.300000 49.674503 
-36.200000 49.301341 
-36.100000 53.512046 
-36.000000 52.851382 
-35.900000 51.612245 
-35.800000 50.122523 
-35.700000 53.592802 
-35.600000 51.771861 
-35.500000 49.093380 
-35.400000 52.273520 
-35.300000 54.229382 
-35.200000 51.474623 
-35.100000 53.218313 
-35.000000 54.547209 
-34.900000 50.658488 
-34.800000 51.896203 
-34.700000 52.925121 
-34.600000 53.363722 
-34.500000 53.341620 
-34.400000 52.987871 
-34.300000 52.449100 
-34.200000 51.639710 
-34.100000 55.522327 
-34.000000 54.724258 
-33.900000 52.549202 
-33.800000 55.604036 
-33.700000 53.382931 
-33.600000 55.709565 
-33.500000 52.944564 
-33.400000 54.817098 
-33.300000 55.999488 
-33.200000 51.930002 
-33.100000 52.782514 
-33.000000 53.151530 
-32.900000 53.218395 
-32.800000 53.015818 
-32.700000 52.321228 
-32.600000 56.708096 
-32.500000 55.244923 
-32.400000 53.221723 
-32.300000 56.637869 
-32.200000 53.468574 
-32.100000 56.385272 
-32.000000 52.568458 
-31.900000 54.271515 
-31.800000 55.386806 
-31.700000 55.863346 
-31.600000 56.222198 
-31.500000 56.080902 
-31.400000 55.235549 
-31.300000 54.301806 
-31.200000 57.793788 
-31.100000 55.944875 
-31.000000 58.676542 
-30.900000 56.195882 
-30.800000 58.075576 
-30.700000 54.069271 
-30.600000 55.293400 
-30.500000 55.669247 
-30.400000 55.839755 
-30.300000 55.361362 
-30.200000 59.424019 
-30.100000 58.132706 
-30.000000 56.082648 
-29.900000 59.102961 
-29.800000 56.238655 
-29.700000 58.074947 
-29.600000 59.180553 
-29.500000 59.752906 
-29.400000 59.944541 
-29.300000 59.645642 
-29.200000 58.819360 
-29.100000 57.075827 
-29.000000 60.313827 
-28.900000 57.540297 
-28.800000 59.876244 
-28.700000 55.850648 
-28.600000 56.698819 
-28.500000 56.912460 
-28.400000 56.661625 
-28.300000 61.192291 
-28.200000 59.632377 
-28.100000 57.255780 
-28.000000 59.866026 
-27.900000 61.460022 
-27.800000 57.208011 
-27.700000 57.736337 
-27.600000 57.497222 
-27.500000 61.877794 
-27.400000 60.770370 
-27.300000 58.376403 
-27.200000 60.604450 
-27.100000 62.034269 
-27.000000 57.884991 
-26.900000 57.997485 
-26.800000 62.627986 
-26.700000 61.434642 
-26.600000 59.261672 
-26.500000 61.823361 
-26.400000 58.104873 
-26.300000 59.115796 
-26.200000 59.550962 
-26.100000 58.633978 
-26.000000 62.656189 
-25.900000 60.275695 
-25.800000 62.444995 
-25.700000 63.761880 
-25.600000 58.961197 
-25.500000 63.720054 
-25.400000 62.967438 
-25.300000 60.659044 
-25.200000 63.318753 
-25.100000 64.358418 
-25.000000 59.786816 
-24.900000 64.615775 
-24.800000 63.651249 
-24.700000 61.347646 
-24.600000 63.481142 
-24.500000 64.519898 
-24.400000 64.542086 
-24.300000 64.050263 
-24.200000 62.205749 
-24.100000 64.625289 
-24.000000 60.867839 
-23.900000 61.396055 
-23.800000 60.771778 
-23.700000 64.595941 
-23.600000 61.814396 
-23.500000 63.382477 
-23.400000 63.984406 
-23.300000 63.287680 
-23.200000 61.476629 
-23.100000 63.949430 
-23.000000 65.405101 
-22.900000 65.237974 
-22.800000 64.328881 
-22.700000 61.983724 
-22.600000 63.934570 
-22.500000 64.670686 
-22.400000 63.968090 
-22.300000 62.174171 
-22.200000 64.597829 
-22.100000 65.635757 
-22.000000 65.287552 
-21.900000 63.895637 
-21.800000 66.440840 
-21.700000 67.475977 
-21.600000 67.033264 
-21.500000 65.685130 
-21.400000 67.744916 
-21.300000 63.442555 
-21.200000 68.161236 
-21.100000 66.638067 
-21.000000 68.612965 
-20.900000 63.569197 
-20.800000 68.137130 
-20.700000 65.938428 
-20.600000 67.391726 
-20.500000 67.137833 
-20.400000 65.381695 
-20.300000 67.481619 
-20.200000 68.020230 
-20.100000 66.979461 
-20.000000 64.372932 
-19.900000 65.275789 
-19.800000 64.551944 
-19.700000 67.821933 
-19.600000 69.003136 
-19.500000 68.572717 
-19.400000 66.377779 
-19.300000 67.929817 
-19.200000 67.497727 
-19.100000 65.147686 
-19.000000 66.640657 
-18.900000 66.141433 
-18.800000 69.530956 
-18.700000 70.481456 
-18.600000 70.027021 
-18.500000 66.721804 
-18.400000 67.459991 
-18.300000 66.356409 
-18.200000 68.343064 
-18.100000 68.559484 
-18.000000 66.525807 
-17.900000 67.593502 
-17.800000 66.989780 
-17.700000 69.356120 
-17.600000 69.882555 
-17.500000 67.621076 
-17.400000 69.060372 
-17.300000 68.237807 
-17.200000 70.231037 
-17.100000 70.250740 
-17.000000 67.892976 
-16.900000 68.310027 
-16.800000 72.187758 
-16.700000 67.952211 
-16.600000 72.444123 
-16.500000 68.638691 
-16.400000 68.018274 
-16.300000 70.270991 
-16.200000 69.857740 
-16.100000 72.549903 
-16.000000 72.315905 
-15.900000 69.503765 
-15.800000 69.392487 
-15.700000 72.396054 
-15.600000 72.256565 
-15.500000 69.505558 
-15.400000 69.198138 
-15.300000 71.983905 
-15.200000 71.444148 
-15.100000 73.567378 
-15.000000 72.644336 
-14.900000 69.079720 
-14.800000 73.219156 
-14.700000 74.097566 
-14.600000 72.033093 
-14.500000 72.556224 
-14.400000 69.545905 
-14.300000 74.454970 
-14.200000 70.558819 
-14.100000 74.434257 
-14.000000 69.566745 
-13.900000 72.055902 
-13.800000 71.397056 
-13.700000 72.746793 
-13.600000 70.549007 
-13.500000 70.359717 
-13.400000 72.012357 
-13.300000 70.191038 
-13.200000 70.114452 
-13.100000 71.825506 
-13.000000 75.326429 
-12.900000 75.047225 
-12.800000 70.990021 
-12.700000 74.004104 
-12.600000 73.074216 
-12.500000 73.584891 
-12.400000 76.084405 
-12.300000 73.856732 
-12.200000 73.352478 
-12.100000 74.596035 
-12.000000 71.082824 
-11.900000 74.323977 
-11.800000 73.437496 
-11.700000 73.907078 
-11.600000 75.193385 
-11.500000 72.198380 
-11.400000 75.647713 
-11.300000 74.625734 
-11.200000 74.413937 
-11.100000 75.071336 
-11.000000 76.608249 
-10.900000 73.223603 
-10.800000 75.921824 
-10.700000 73.941559 
-10.600000 72.717258 
-10.500000 77.260338 
-10.400000 76.731635 
-10.300000 76.588198 
-10.200000 77.059532 
-10.100000 77.447794 
-10.000000 73.050522 
-9.900000 73.902116 
-9.800000 74.839803 
-9.700000 75.740418 
-9.600000 76.826144 
-9.500000 77.810579 
-9.400000 73.348061 
-9.300000 73.744052 
-9.200000 74.145874 
-9.100000 73.995093 
-9.000000 73.742171 
-8.900000 77.688352 
-8.800000 76.527387 
-8.700000 74.341200 
-8.600000 76.433842 
-8.500000 78.459704 
-8.400000 74.279247 
-8.300000 74.248692 
-8.200000 78.583803 
-8.100000 76.668391 
-8.000000 78.861212 
-7.900000 74.725154 
-7.800000 74.588203 
-7.700000 78.255763 
-7.600000 75.367026 
-7.500000 76.292516 
-7.400000 75.591870 
-7.300000 78.559908 
-7.200000 74.809086 
-7.100000 79.236773 
-7.000000 76.762827 
-6.900000 77.697196 
-6.800000 76.533885 
-6.700000 78.555429 
-6.600000 78.249096 
-6.500000 75.879400 
-6.400000 76.297066 
-6.300000 79.240668 
-6.200000 79.887332 
-6.100000 77.631917 
-6.000000 78.139292 
-5.900000 76.080326 
-5.800000 76.014977 
-5.700000 77.950865 
-5.600000 77.041825 
-5.500000 78.014709 
-5.400000 76.190076 
-5.300000 76.007828 
-5.200000 76.881050 
-5.100000 79.823836 
-5.000000 79.011834 
-4.900000 79.673927 
-4.800000 76.934480 
-4.700000 79.768831 
-4.600000 78.901235 
-4.500000 79.154308 
-4.400000 80.108076 
-4.300000 77.135240 
-4.200000 79.273964 
-4.100000 77.337963 
-4.000000 80.507992 
-3.900000 79.167394 
-3.800000 78.075394 
-3.700000 77.173529 
-3.600000 80.655115 
-3.500000 79.412920 
-3.400000 78.161097 
-3.300000 80.820612 
-3.200000 78.720722 
-3.100000 80.445710 
-3.000000 77.418879 
-2.900000 77.687994 
-2.800000 81.465172 
-2.700000 79.813987 
-2.600000 77.473390 
-2.500000 77.906743 
-2.400000 81.237864 
-2.300000 79.120409 
-2.200000 79.595896 
-2.100000 78.612356 
-2.000000 79.953502 
-1.900000 79.611400 
-1.800000 81.348968 
-1.700000 81.003373 
-1.600000 78.655155 
-1.500000 78.132398 
-1.400000 79.202980 
-1.300000 81.722284 
-1.200000 81.851251 
-1.100000 79.219713 
-1.000000 81.724110 
-0.900000 81.173239 
-0.800000 81.694032 
-0.700000 79.083618 
-0.600000 80.870036 
-0.500000 79.532202 
-0.400000 78.618563 
-0.300000 81.499954 
-0.200000 80.723020 
-0.100000 80.138637 
