-40.000000 40.843141 
-39.900000 43.108345 
-39.800000 42.832938 
-39.700000 41.155924 
-39.600000 41.507481 
-39.500000 42.374471 
-39.400000 42.974205 
-39.300000 43.296661 
-39.200000 44.548724 
-39.100000 41.154247 
-39.000000 41.297837 
-38.900000 41.614073 
-38.800000 43.666651 
-38.700000 43.961092 
-38.600000 44.233045 
-38.500000 43.340028 
-38.400000 43.869020 
-38.300000 42.176019 
-38.200000 45.573882 
-38.100000 43.622867 
-38.000000 43.898856 
-37.900000 45.237933 
-37.800000 43.889915 
-37.700000 42.526695 
-37.600000 44.874832 
-37.500000 42.689986 
-37.400000 44.026892 
-37.300000 44.513109 
-37.200000 43.640817 
-37.100000 44.817663 
-37.000000 45.662219 
-36.900000 45.928334 
-36.800000 44.725268 
-36.700000 44.063577 
-36.600000 44.749247 
-36.500000 44.128613 
-36.400000 44.290443 
-36.300000 44.672099 
-36.200000 44.581714 
-36.100000 47.250788 
-36.000000 46.774474 
-35.900000 46.834823 
-35.800000 46.514750 
-35.700000 47.286875 
-35.600000 45.966797 
-35.500000 45.823756 
-35.400000 47.207774 
-35.300000 47.353458 
-35.200000 46.336293 
-35.100000 46.937440 
-35.000000 48.358811 
-34.900000 45.512713 
-34.800000 47.285440 
-34.700000 46.785004 
-34.600000 47.924156 
-34.500000 47.742869 
-34.400000 47.281591 
-34.300000 47.466139 
-34.200000 46.787648 
-34.100000 48.574237 
-34.000000 49.211397 
-33.900000 47.453514 
-33.800000 49.086826 
-33.700000 48.036228 
-33.600000 48.614885 
-33.500000 48.837021 
-33.400000 49.114088 
-33.300000 49.865861 
-33.200000 48.025831 
-33.100000 47.610716 
-33.000000 49.078541 
-32.900000 48.694652 
-32.800000 49.188012 
-32.700000 48.329474 
-32.600000 49.696062 
-32.500000 49.533094 
-32.400000 48.992600 
-32.300000 50.064014 
-32.200000 48.754972 
-32.100000 50.403950 
-32.000000 48.995758 
-31.900000 49.430533 
-31.800000 50.179361 
-31.700000 51.767469 
-31.600000 51.008366 
-31.500000 51.026502 
-31.400000 49.312191 
-31.300000 49.037505 
-31.200000 51.412981 
-31.100000 50.104540 
-31.000000 52.498519 
-30.900000 51.324688 
-30.800000 52.259903 
-30.700000 49.414647 
-30.600000 50.543065 
-30.500000 50.685092 
-30.400000 50.539153 
-30.300000 50.818155 
-30.200000 52.044226 
-30.100000 52.204254 
-30.000000 51.947286 
-29.900000 52.690930 
-29.800000 51.980395 
-29.700000 52.616661 
-29.600000 53.436990 
-29.500000 53.652884 
-29.400000 54.031997 
-29.300000 52.924721 
-29.200000 52.818064 
-29.100000 52.202354 
-29.000000 53.292003 
-28.900000 52.643603 
-28.800000 53.495059 
-28.700000 52.658220 
-28.600000 52.332910 
-28.500000 52.644521 
-28.400000 52.256309 
-28.300000 54.226335 
-28.200000 54.363608 
-28.100000 52.450572 
-28.000000 54.224350 
-27.900000 54.921487 
-27.800000 53.249155 
-27.700000 53.405302 
-27.600000 53.850706 
-27.500000 55.465108 
-27.400000 54.526727 
-27.300000 53.735782 
-27.200000 55.261033 
-27.100000 56.094432 
-27.000000 53.865726 
-26.900000 54.009689 
-26.800000 56.035014 
-26.700000 55.204739 
-26.600000 54.419949 
-26.500000 55.710868 
-26.400000 53.729473 
-26.300000 54.566552 
-26.200000 55.682221 
-26.100000 55.518696 
-26.000000 56.779136 
-25.900000 56.001914 
-25.800000 55.915263 
-25.700000 56.770418 
-25.600000 55.552844 
-25.500000 57.161123 
-25.400000 57.404358 
-25.300000 55.834968 
-25.200000 57.480594 
-25.100000 58.409920 
-25.000000 56.161361 
-24.900000 57.490457 
-24.800000 58.183775 
-24.700000 56.507718 
-24.600000 57.162316 
-24.500000 58.565066 
-24.400000 58.720001 
-24.300000 57.903163 
-24.200000 57.412949 
-24.100000 58.152422 
-24.000000 56.655336 
-23.900000 57.422130 
-23.800000 56.535376 
-23.700000 58.116543 
-23.600000 56.635041 
-23.500000 58.935858 
-23.400000 58.952250 
-23.300000 58.424461 
-23.200000 57.074490 
-23.100000 58.477561 
-23.000000 59.098568 
-22.900000 59.035783 
-22.800000 58.670449 
-22.700000 58.430761 
-22.600000 59.004800 
-22.500000 59.380906 
-22.400000 59.006177 
-22.300000 58.220327 
-22.200000 59.561015 
-22.100000 60.198169 
-22.000000 59.561763 
-21.900000 58.573578 
-21.800000 60.666339 
-21.700000 60.638105 
-21.600000 60.476547 
-21.500000 60.936758 
-21.400000 61.905213 
-21.300000 59.601810 
-21.200000 62.039522 
-21.100000 60.908926 
-21.000000 62.274391 
-20.900000 59.168294 
-20.800000 61.350156 
-20.700000 60.425922 
-20.600000 61.905870 
-20.500000 61.630857 
-20.400000 60.287891 
-20.300000 62.131080 
-20.200000 61.778518 
-20.100000 61.908390 
-20.000000 60.799158 
-19.900000 60.971669 
-19.800000 60.330121 
-19.700000 62.201735 
-19.600000 62.671131 
-19.500000 62.945222 
-19.400000 62.057960 
-19.300000 63.126946 
-19.200000 61.968830 
-19.100000 61.956870 
-19.000000 61.284227 
-18.900000 61.749454 
-18.800000 63.187993 
-18.700000 62.550533 
-18.600000 63.828779 
-18.500000 62.808027 
-18.400000 63.084218 
-18.300000 61.651940 
-18.200000 63.406794 
-18.100000 63.464350 
-18.000000 61.888629 
-17.900000 62.924573 
-17.800000 63.039168 
-17.700000 63.134507 
-17.600000 63.801533 
-17.500000 64.198072 
-17.400000 63.234533 
-17.300000 64.129197 
-17.200000 64.947332 
-17.100000 63.247692 
-17.000000 63.408258 
-16.900000 63.621307 
-16.800000 65.627852 
-16.700000 63.017702 
-16.600000 65.645402 
-16.500000 64.114250 
-16.400000 64.277579 
-16.300000 64.435096 
-16.200000 64.902230 
-16.100000 65.740303 
-16.000000 65.672108 
-15.900000 65.477792 
-15.800000 64.858377 
-15.700000 65.690928 
-15.600000 65.319545 
-15.500000 64.783292 
-15.400000 64.803511 
-15.300000 65.494193 
-15.200000 65.731247 
-15.100000 67.504902 
-15.000000 66.643344 
-14.900000 64.934564 
-14.800000 66.583861 
-14.700000 67.227913 
-14.600000 66.680919 
-14.500000 67.225931 
-14.400000 65.742664 
-14.300000 68.007716 
-14.200000 65.840163 
-14.100000 68.290580 
-14.000000 66.490857 
-13.900000 66.478397 
-13.800000 66.737773 
-13.700000 67.191166 
-13.600000 66.664692 
-13.500000 66.115603 
-13.400000 67.322342 
-13.300000 67.093380 
-13.200000 67.206199 
-13.100000 65.659165 
-13.000000 68.669946 
-12.900000 68.298681 
-12.800000 67.174149 
-12.700000 67.912923 
-12.600000 68.922092 
-12.500000 67.967583 
-12.400000 69.748951 
-12.300000 68.720512 
-12.200000 68.654885 
-12.100000 68.780002 
-12.000000 67.679709 
-11.900000 67.749021 
-11.800000 67.902330 
-11.700000 67.537079 
-11.600000 69.951315 
-11.500000 67.499018 
-11.400000 69.859978 
-11.300000 68.300761 
-11.200000 66.634134 
-11.100000 67.472548 
-11.000000 69.074519 
-10.900000 68.317955 
-10.800000 68.261973 
-10.700000 68.845586 
-10.600000 67.710581 
-10.500000 69.499942 
-10.400000 68.802595 
-10.300000 69.569472 
-10.200000 70.485155 
-10.100000 68.356699 
-10.000000 67.727549 
-9.900000 67.917512 
-9.800000 70.490266 
-9.700000 69.849794 
-9.600000 69.391476 
-9.500000 69.091828 
-9.400000 67.932510 
-9.300000 68.164236 
-9.200000 67.732853 
-9.100000 69.361863 
-9.000000 69.590750 
-8.900000 69.874013 
-8.800000 70.866198 
-8.700000 68.960722 
-8.600000 70.550714 
-8.500000 71.436617 
-8.400000 69.876103 
-8.300000 69.606766 
-8.200000 71.737318 
-8.100000 70.892227 
-8.000000 72.518993 
-7.900000 69.196127 
-7.800000 69.702172 
-7.700000 72.804672 
-7.600000 70.866678 
-7.500000 71.070579 
-7.400000 69.238056 
-7.300000 69.850422 
-7.200000 69.604842 
-7.100000 68.118121 
-7.000000 70.369494 
-6.900000 71.317122 
-6.800000 70.983501 
-6.700000 71.023175 
-6.600000 70.746541 
-6.500000 71.263357 
-6.400000 68.263046 
-6.300000 73.139010 
-6.200000 73.739999 
-6.100000 69.262353 
-6.000000 69.182882 
-5.900000 68.359609 
-5.800000 37.234423 
-5.700000 69.950174 
-5.600000 63.770963 
-5.500000 66.093000 
-5.400000 70.050095 
-5.300000 69.109641 
-5.200000 41.902436 
-5.100000 71.293854 
-5.000000 72.221889 
-4.900000 31.267725 
-4.800000 48.455148 
-4.700000 31.306163 
-4.600000 38.019397 
-4.500000 27.412386 
-4.400000 31.027054 
-4.300000 25.926329 
-4.200000 34.260588 
-4.100000 34.621342 
-4.000000 58.893772 
-3.900000 31.162115 
-3.800000 42.894188 
-3.700000 44.710711 
-3.600000 26.774237 
-3.500000 28.242217 
-3.400000 34.166320 
-3.300000 23.274883 
-3.200000 25.157465 
-3.100000 22.885164 
-3.000000 19.431514 
-2.900000 22.584511 
-2.800000 21.222699 
-2.700000 21.906234 
-2.600000 18.829089 
-2.500000 24.105357 
-2.400000 18.402075 
-2.300000 17.315554 
-2.200000 23.175740 
-2.100000 17.959694 
-2.000000 20.357003 
-1.900000 19.303223 
-1.800000 18.416018 
-1.700000 20.618228 
-1.600000 19.422071 
-1.500000 15.205727 
-1.400000 16.905556 
-1.300000 15.341103 
-1.200000 14.045267 
-1.100000 13.689740 
-1.000000 12.460362 
-0.900000 15.163705 
-0.800000 14.787788 
-0.700000 14.129305 
-0.600000 14.100291 
-0.500000 15.292855 
-0.400000 14.856207 
-0.300000 12.226435 
-0.200000 14.847519 
-0.100000 13.171945 
