-40.000000 41.295359 
-39.900000 41.755115 
-39.800000 41.679775 
-39.700000 42.234694 
-39.600000 42.199986 
-39.500000 41.770561 
-39.400000 41.906030 
-39.300000 41.356916 
-39.200000 42.747700 
-39.100000 42.650799 
-39.000000 42.448561 
-38.900000 43.113564 
-38.800000 43.541367 
-38.700000 44.085630 
-38.600000 44.335996 
-38.500000 43.050557 
-38.400000 43.032738 
-38.300000 42.883175 
-38.200000 43.336100 
-38.100000 44.492272 
-38.000000 44.574865 
-37.900000 44.540762 
-37.800000 44.315280 
-37.700000 43.205762 
-37.600000 44.341381 
-37.500000 44.801022 
-37.400000 44.174793 
-37.300000 45.596360 
-37.200000 43.616064 
-37.100000 44.730993 
-37.000000 44.375555 
-36.900000 44.821396 
-36.800000 45.056692 
-36.700000 45.373029 
-36.600000 45.842587 
-36.500000 44.930498 
-36.400000 45.084835 
-36.300000 45.560987 
-36.200000 46.764733 
-36.100000 47.033398 
-36.000000 45.185391 
-35.900000 46.680482 
-35.800000 46.432588 
-35.700000 46.467379 
-35.600000 46.994446 
-35.500000 46.625943 
-35.400000 46.547202 
-35.300000 46.067454 
-35.200000 46.614402 
-35.100000 46.347497 
-35.000000 46.403931 
-34.900000 47.238293 
-34.800000 48.072758 
-34.700000 47.765122 
-34.600000 47.723376 
-34.500000 46.674781 
-34.400000 47.670355 
-34.300000 47.874288 
-34.200000 49.120595 
-34.100000 46.919670 
-34.000000 47.505309 
-33.900000 47.925778 
-33.800000 48.089487 
-33.700000 47.299313 
-33.600000 47.671103 
-33.500000 48.080772 
-33.400000 48.902502 
-33.300000 48.275920 
-33.200000 49.335818 
-33.100000 49.308026 
-33.000000 48.987054 
-32.900000 50.071790 
-32.800000 48.511218 
-32.700000 49.473011 
-32.600000 48.993989 
-32.500000 50.587230 
-32.400000 48.736101 
-32.300000 49.175864 
-32.200000 50.625967 
-32.100000 49.812977 
-32.000000 49.885194 
-31.900000 50.497655 
-31.800000 50.184349 
-31.700000 49.564615 
-31.600000 50.872307 
-31.500000 50.490851 
-31.400000 50.383759 
-31.300000 49.926915 
-31.200000 51.584973 
-31.100000 51.135416 
-31.000000 51.661283 
-30.900000 51.317876 
-30.800000 50.774324 
-30.700000 52.293368 
-30.600000 51.737058 
-30.500000 51.974634 
-30.400000 50.824460 
-30.300000 51.338400 
-30.200000 50.725929 
-30.100000 52.438656 
-30.000000 52.031658 
-29.900000 52.314090 
-29.800000 51.350051 
-29.700000 53.262648 
-29.600000 51.511092 
-29.500000 53.164023 
-29.400000 53.442035 
-29.300000 53.158311 
-29.200000 52.399533 
-29.100000 52.564990 
-29.000000 52.422851 
-28.900000 52.859386 
-28.800000 52.403017 
-28.700000 53.516447 
-28.600000 53.962743 
-28.500000 53.185657 
-28.400000 52.875932 
-28.300000 53.576498 
-28.200000 53.223913 
-28.100000 52.355079 
-28.000000 53.038112 
-27.900000 53.329677 
-27.800000 54.857076 
-27.700000 53.377412 
-27.600000 55.000258 
-27.500000 53.539123 
-27.400000 54.122732 
-27.300000 55.295860 
-27.200000 54.279314 
-27.100000 54.961657 
-27.000000 54.769917 
-26.900000 54.890332 
-26.800000 54.393351 
-26.700000 55.124534 
-26.600000 55.003824 
-26.500000 55.242727 
-26.400000 55.363493 
-26.300000 55.540240 
-26.200000 55.291490 
-26.100000 56.336465 
-26.000000 56.966339 
-25.900000 55.456350 
-25.800000 55.844233 
-25.700000 56.990277 
-25.600000 56.823945 
-25.500000 55.923948 
-25.400000 57.967489 
-25.300000 56.447100 
-25.200000 56.031821 
-25.100000 57.041466 
-25.000000 56.997216 
-24.900000 57.044319 
-24.800000 57.035992 
-24.700000 56.325746 
-24.600000 57.729381 
-24.500000 57.020534 
-24.400000 58.431617 
-24.300000 56.981185 
-24.200000 57.666170 
-24.100000 57.475389 
-24.000000 57.852226 
-23.900000 58.027724 
-23.800000 57.228429 
-23.700000 57.721161 
-23.600000 57.485703 
-23.500000 56.799043 
-23.400000 59.899367 
-23.300000 58.307284 
-23.200000 60.362282 
-23.100000 57.723374 
-23.000000 58.946524 
-22.900000 59.459998 
-22.800000 58.831337 
-22.700000 58.760387 
-22.600000 59.130432 
-22.500000 58.666528 
-22.400000 59.974737 
-22.300000 59.378045 
-22.200000 60.330618 
-22.100000 59.910806 
-22.000000 58.833413 
-21.900000 59.660908 
-21.800000 59.149141 
-21.700000 60.906981 
-21.600000 60.636039 
-21.500000 60.455089 
-21.400000 60.036227 
-21.300000 60.379073 
-21.200000 60.861825 
-21.100000 60.495732 
-21.000000 60.773588 
-20.900000 60.377126 
-20.800000 59.914071 
-20.700000 61.647440 
-20.600000 61.000661 
-20.500000 61.279430 
-20.400000 60.877128 
-20.300000 61.401805 
-20.200000 62.468356 
-20.100000 61.413878 
-20.000000 61.556038 
-19.900000 61.717665 
-19.800000 61.851104 
-19.700000 61.618499 
-19.600000 63.357983 
-19.500000 62.019521 
-19.400000 62.205343 
-19.300000 62.284269 
-19.200000 62.067143 
-19.100000 61.847250 
-19.000000 62.616371 
-18.900000 63.301652 
-18.800000 63.174148 
-18.700000 62.508130 
-18.600000 62.280178 
-18.500000 64.245267 
-18.400000 62.652207 
-18.300000 64.569537 
-18.200000 64.363958 
-18.100000 62.781391 
-18.000000 64.091342 
-17.900000 63.648345 
-17.800000 63.992228 
-17.700000 63.395853 
-17.600000 63.365283 
-17.500000 63.818816 
-17.400000 64.256917 
-17.300000 63.668023 
-17.200000 65.462175 
-17.100000 63.753220 
-17.000000 64.110146 
-16.900000 64.648247 
-16.800000 65.377700 
-16.700000 65.036480 
-16.600000 64.113272 
-16.500000 64.738220 
-16.400000 65.988536 
-16.300000 65.640507 
-16.200000 66.075738 
-16.100000 64.991256 
-16.000000 64.857392 
-15.900000 65.088543 
-15.800000 66.065908 
-15.700000 66.202677 
-15.600000 66.522855 
-15.500000 65.975144 
-15.400000 66.538924 
-15.300000 66.498180 
-15.200000 66.331684 
-15.100000 67.008848 
-15.000000 67.133661 
-14.900000 66.074425 
-14.800000 67.149930 
-14.700000 66.996145 
-14.600000 66.813266 
-14.500000 66.919944 
-14.400000 66.935331 
-14.300000 67.118301 
-14.200000 67.425029 
-14.100000 67.474359 
-14.000000 69.226641 
-13.900000 67.120231 
-13.800000 67.642827 
-13.700000 67.768450 
-13.600000 67.397409 
-13.500000 68.073748 
-13.400000 68.055014 
-13.300000 67.117092 
-13.200000 68.712709 
-13.100000 68.811678 
-13.000000 68.696779 
-12.900000 69.885647 
-12.800000 69.968083 
-12.700000 68.511263 
-12.600000 68.970157 
-12.500000 69.182591 
-12.400000 69.132902 
-12.300000 69.757604 
-12.200000 69.322185 
-12.100000 69.847563 
-12.000000 70.301328 
-11.900000 69.556612 
-11.800000 68.802659 
-11.700000 69.148259 
-11.600000 70.610995 
-11.500000 70.972950 
-11.400000 70.286159 
-11.300000 70.202725 
-11.200000 70.239913 
-11.100000 70.920363 
-11.000000 70.584604 
-10.900000 70.318289 
-10.800000 70.426708 
-10.700000 71.385188 
-10.600000 71.604763 
-10.500000 71.937425 
-10.400000 71.161403 
-10.300000 71.850195 
-10.200000 71.158579 
-10.100000 71.629648 
-10.000000 71.321869 
-9.900000 71.929047 
-9.800000 71.193053 
-9.700000 71.802943 
-9.600000 71.661014 
-9.500000 72.139781 
-9.400000 71.308249 
-9.300000 72.217589 
-9.200000 72.973457 
-9.100000 72.793119 
-9.000000 73.606421 
-8.900000 72.212667 
-8.800000 72.943141 
-8.700000 71.960123 
-8.600000 73.516638 
-8.500000 73.432870 
-8.400000 73.497629 
-8.300000 73.829991 
-8.200000 73.473744 
-8.100000 73.782602 
-8.000000 73.893085 
-7.900000 73.269283 
-7.800000 73.674745 
-7.700000 73.910532 
-7.600000 72.746123 
-7.500000 73.610380 
-7.400000 74.369778 
-7.300000 73.823488 
-7.200000 74.138267 
-7.100000 73.522740 
-7.000000 74.748781 
-6.900000 74.662603 
-6.800000 74.828268 
-6.700000 74.936816 
-6.600000 75.103175 
-6.500000 74.450477 
-6.400000 74.936411 
-6.300000 75.091530 
-6.200000 74.949056 
-6.100000 75.036303 
-6.000000 75.783884 
-5.900000 75.559025 
-5.800000 75.523102 
-5.700000 75.423680 
-5.600000 75.140166 
-5.500000 75.788590 
-5.400000 75.416900 
-5.300000 75.073021 
-5.200000 75.455054 
-5.100000 75.736003 
-5.000000 75.972088 
-4.900000 74.928204 
-4.800000 76.345533 
-4.700000 77.174942 
-4.600000 76.081071 
-4.500000 77.339930 
-4.400000 76.464250 
-4.300000 76.668487 
-4.200000 76.006191 
-4.100000 77.118655 
-4.000000 77.900721 
-3.900000 77.829319 
-3.800000 77.859207 
-3.700000 76.735958 
-3.600000 77.324975 
-3.500000 77.713944 
-3.400000 77.067698 
-3.300000 78.668301 
-3.200000 76.664834 
-3.100000 77.954467 
-3.000000 78.028988 
-2.900000 78.728046 
-2.800000 78.130787 
-2.700000 78.318489 
-2.600000 78.216190 
-2.500000 78.397290 
-2.400000 79.257133 
-2.300000 78.920778 
-2.200000 78.167185 
-2.100000 78.734074 
-2.000000 80.287710 
-1.900000 79.014478 
-1.800000 79.944498 
-1.700000 79.488252 
-1.600000 79.830426 
-1.500000 79.592406 
-1.400000 81.522926 
-1.300000 79.718079 
-1.200000 80.300057 
-1.100000 80.219904 
-1.000000 79.808327 
-0.900000 81.275804 
-0.800000 79.054597 
-0.700000 79.257904 
-0.600000 80.240596 
-0.500000 79.846419 
-0.400000 80.099070 
-0.300000 80.217927 
-0.200000 79.871497 
-0.100000 81.657002 
