-40.000000 47.176349 
-39.900000 46.907579 
-39.800000 47.043319 
-39.700000 47.309679 
-39.600000 47.361205 
-39.500000 47.062182 
-39.400000 47.547140 
-39.300000 47.478006 
-39.200000 48.112732 
-39.100000 47.809454 
-39.000000 47.918903 
-38.900000 47.990517 
-38.800000 48.545916 
-38.700000 47.907283 
-38.600000 48.388884 
-38.500000 48.395591 
-38.400000 48.548940 
-38.300000 48.396317 
-38.200000 48.479849 
-38.100000 48.808680 
-38.000000 49.097141 
-37.900000 48.938245 
-37.800000 49.170750 
-37.700000 49.294590 
-37.600000 49.217684 
-37.500000 49.470412 
-37.400000 49.512176 
-37.300000 49.536511 
-37.200000 49.472758 
-37.100000 49.614820 
-37.000000 49.852848 
-36.900000 50.140109 
-36.800000 50.031471 
-36.700000 50.303819 
-36.600000 50.024519 
-36.500000 50.250175 
-36.400000 50.440747 
-36.300000 50.588073 
-36.200000 50.217562 
-36.100000 50.855565 
-36.000000 50.777923 
-35.900000 50.906688 
-35.800000 50.975743 
-35.700000 51.259449 
-35.600000 51.251911 
-35.500000 51.323910 
-35.400000 51.252935 
-35.300000 51.370076 
-35.200000 51.687547 
-35.100000 51.736647 
-35.000000 51.862811 
-34.900000 51.896219 
-34.800000 51.859447 
-34.700000 52.024295 
-34.600000 52.008679 
-34.500000 52.312417 
-34.400000 52.454953 
-34.300000 52.797433 
-34.200000 52.449379 
-34.100000 52.678289 
-34.000000 52.978360 
-33.900000 53.019908 
-33.800000 53.322093 
-33.700000 53.374940 
-33.600000 53.507667 
-33.500000 53.481004 
-33.400000 52.964946 
-33.300000 53.748038 
-33.200000 53.802887 
-33.100000 53.827007 
-33.000000 54.133185 
-32.900000 53.838394 
-32.800000 53.909245 
-32.700000 54.141171 
-32.600000 54.117255 
-32.500000 54.120133 
-32.400000 54.587865 
-32.300000 54.721420 
-32.200000 54.453876 
-32.100000 54.573725 
-32.000000 54.653500 
-31.900000 55.244749 
-31.800000 54.759156 
-31.700000 55.241713 
-31.600000 55.466864 
-31.500000 55.170132 
-31.400000 55.473052 
-31.300000 55.430997 
-31.200000 55.649743 
-31.100000 55.853923 
-31.000000 55.698230 
-30.900000 56.026235 
-30.800000 56.077142 
-30.700000 56.092890 
-30.600000 56.039038 
-30.500000 56.231600 
-30.400000 56.425580 
-30.300000 56.322547 
-30.200000 56.493321 
-30.100000 56.782566 
-30.000000 56.834199 
-29.900000 56.983602 
-29.800000 57.045400 
-29.700000 56.975236 
-29.600000 57.162990 
-29.500000 57.353536 
-29.400000 57.174023 
-29.300000 57.756552 
-29.200000 57.434628 
-29.100000 57.861231 
-29.000000 57.838664 
-28.900000 58.090647 
-28.800000 58.076963 
-28.700000 57.909126 
-28.600000 58.195423 
-28.500000 58.418943 
-28.400000 58.630802 
-28.300000 58.512253 
-28.200000 58.582635 
-28.100000 58.884588 
-28.000000 58.724754 
-27.900000 58.632354 
-27.800000 58.808090 
-27.700000 59.158239 
-27.600000 59.155006 
-27.500000 59.336156 
-27.400000 59.180739 
-27.300000 59.463767 
-27.200000 59.678371 
-27.100000 59.587890 
-27.000000 59.833407 
-26.900000 59.872729 
-26.800000 59.889138 
-26.700000 60.090503 
-26.600000 59.903429 
-26.500000 60.311634 
-26.400000 60.388536 
-26.300000 60.412330 
-26.200000 60.613049 
-26.100000 60.533865 
-26.000000 60.765460 
-25.900000 60.909081 
-25.800000 60.795137 
-25.700000 61.403577 
-25.600000 61.059216 
-25.500000 61.581044 
-25.400000 61.372428 
-25.300000 61.191982 
-25.200000 61.456963 
-25.100000 61.567219 
-25.000000 61.671859 
-24.900000 61.869447 
-24.800000 62.044138 
-24.700000 61.651399 
-24.600000 62.206943 
-24.500000 62.140838 
-24.400000 62.203675 
-24.300000 62.741408 
-24.200000 62.405147 
-24.100000 62.621148 
-24.000000 62.739501 
-23.900000 62.495919 
-23.800000 62.765391 
-23.700000 63.109345 
-23.600000 62.945537 
-23.500000 63.000127 
-23.400000 63.470560 
-23.300000 63.227442 
-23.200000 63.289650 
-23.100000 63.636447 
-23.000000 63.533050 
-22.900000 63.867486 
-22.800000 63.752854 
-22.700000 63.641802 
-22.600000 63.973733 
-22.500000 64.222262 
-22.400000 64.338735 
-22.300000 64.284105 
-22.200000 64.532015 
-22.100000 64.476370 
-22.000000 64.608228 
-21.900000 64.442147 
-21.800000 64.503376 
-21.700000 64.950099 
-21.600000 64.807019 
-21.500000 65.252124 
-21.400000 65.104353 
-21.300000 65.182284 
-21.200000 65.359279 
-21.100000 65.406557 
-21.000000 65.384179 
-20.900000 65.523543 
-20.800000 65.802376 
-20.700000 65.716831 
-20.600000 66.068987 
-20.500000 65.872268 
-20.400000 65.810113 
-20.300000 66.083265 
-20.200000 66.544123 
-20.100000 66.404431 
-20.000000 66.495242 
-19.900000 66.219385 
-19.800000 66.471750 
-19.700000 66.877324 
-19.600000 66.820362 
-19.500000 66.896769 
-19.400000 66.896012 
-19.300000 66.965230 
-19.200000 66.963797 
-19.100000 67.171122 
-19.000000 67.465069 
-18.900000 67.523919 
-18.800000 67.632449 
-18.700000 67.755387 
-18.600000 67.730116 
-18.500000 68.046572 
-18.400000 68.085936 
-18.300000 68.201942 
-18.200000 67.990223 
-18.100000 68.403244 
-18.000000 68.409666 
-17.900000 68.429885 
-17.800000 68.563787 
-17.700000 68.357100 
-17.600000 68.444963 
-17.500000 68.789536 
-17.400000 68.769433 
-17.300000 68.807117 
-17.200000 68.929152 
-17.100000 69.149060 
-17.000000 69.293025 
-16.900000 69.219815 
-16.800000 69.481971 
-16.700000 69.372957 
-16.600000 69.719760 
-16.500000 69.676153 
-16.400000 69.578106 
-16.300000 69.633801 
-16.200000 70.110377 
-16.100000 70.140886 
-16.000000 69.991372 
-15.900000 70.089968 
-15.800000 70.241231 
-15.700000 70.336033 
-15.600000 70.423920 
-15.500000 70.487914 
-15.400000 70.556526 
-15.300000 70.985581 
-15.200000 70.888267 
-15.100000 71.080579 
-15.000000 71.143257 
-14.900000 70.932990 
-14.800000 70.964782 
-14.700000 71.177715 
-14.600000 71.205026 
-14.500000 71.339294 
-14.400000 71.734419 
-14.300000 71.519688 
-14.200000 71.547453 
-14.100000 71.624139 
-14.000000 71.833987 
-13.900000 71.786474 
-13.800000 71.970563 
-13.700000 72.074132 
-13.600000 72.091028 
-13.500000 72.285740 
-13.400000 72.392949 
-13.300000 72.495703 
-13.200000 72.603373 
-13.100000 72.403457 
-13.000000 72.529938 
-12.900000 72.635490 
-12.800000 72.611594 
-12.700000 72.854199 
-12.600000 72.979140 
-12.500000 73.129192 
-12.400000 73.281566 
-12.300000 73.071850 
-12.200000 73.100710 
-12.100000 73.158440 
-12.000000 73.488589 
-11.900000 73.327364 
-11.800000 73.652812 
-11.700000 73.666703 
-11.600000 73.559392 
-11.500000 73.874705 
-11.400000 73.817608 
-11.300000 73.934638 
-11.200000 74.033884 
-11.100000 74.149118 
-11.000000 74.095352 
-10.900000 74.401361 
-10.800000 74.347992 
-10.700000 74.393279 
-10.600000 74.648981 
-10.500000 74.658822 
-10.400000 74.652925 
-10.300000 74.751460 
-10.200000 74.818804 
-10.100000 74.949105 
-10.000000 75.067115 
-9.900000 75.081753 
-9.800000 75.235927 
-9.700000 75.363684 
-9.600000 75.242579 
-9.500000 75.257845 
-9.400000 75.364638 
-9.300000 75.446052 
-9.200000 75.461697 
-9.100000 75.572755 
-9.000000 75.718934 
-8.900000 75.647037 
-8.800000 75.886529 
-8.700000 75.956260 
-8.600000 76.184123 
-8.500000 76.086815 
-8.400000 76.201306 
-8.300000 76.303387 
-8.200000 76.265917 
-8.100000 76.467050 
-8.000000 76.558106 
-7.900000 76.351851 
-7.800000 76.357043 
-7.700000 76.584769 
-7.600000 76.738586 
-7.500000 76.704739 
-7.400000 76.841597 
-7.300000 76.830626 
-7.200000 76.836014 
-7.100000 76.981681 
-7.000000 77.080193 
-6.900000 77.262475 
-6.800000 77.188170 
-6.700000 77.122096 
-6.600000 77.210381 
-6.500000 77.261941 
-6.400000 77.400012 
-6.300000 77.428277 
-6.200000 77.710017 
-6.100000 77.571117 
-6.000000 77.654110 
-5.900000 77.912600 
-5.800000 77.871299 
-5.700000 77.764130 
-5.600000 77.944157 
-5.500000 77.841657 
-5.400000 77.921682 
-5.300000 78.029876 
-5.200000 78.044493 
-5.100000 78.265645 
-5.000000 78.308455 
-4.900000 78.300102 
-4.800000 78.309492 
-4.700000 78.339795 
-4.600000 78.554702 
-4.500000 78.487010 
-4.400000 78.407861 
-4.300000 78.543435 
-4.200000 78.744170 
-4.100000 78.513855 
-4.000000 78.828438 
-3.900000 78.775449 
-3.800000 78.828374 
-3.700000 78.947487 
-3.600000 79.044448 
-3.500000 79.138189 
-3.400000 79.064487 
-3.300000 79.163263 
-3.200000 79.028510 
-3.100000 79.058361 
-3.000000 79.182351 
-2.900000 79.318955 
-2.800000 79.192225 
-2.700000 79.293350 
-2.600000 79.417850 
-2.500000 79.412861 
-2.400000 79.545209 
-2.300000 79.613646 
-2.200000 79.546667 
-2.100000 79.705952 
-2.000000 79.618287 
-1.900000 79.719418 
-1.800000 79.650645 
-1.700000 79.828846 
-1.600000 79.766612 
-1.500000 79.895777 
-1.400000 79.918095 
-1.300000 79.949905 
-1.200000 79.938448 
-1.100000 80.003621 
-1.000000 80.073205 
-0.900000 80.097249 
-0.800000 80.187611 
-0.700000 80.033414 
-0.600000 80.170321 
-0.500000 80.168891 
-0.400000 80.348587 
-0.300000 80.278246 
-0.200000 80.303476 
-0.100000 80.410609 
