-40.000000 41.113189 
-39.900000 41.802560 
-39.800000 42.805029 
-39.700000 41.986667 
-39.600000 42.018832 
-39.500000 42.300782 
-39.400000 43.120124 
-39.300000 42.009167 
-39.200000 42.107780 
-39.100000 41.696069 
-39.000000 42.511807 
-38.900000 42.383493 
-38.800000 41.976028 
-38.700000 43.904968 
-38.600000 43.310772 
-38.500000 43.474218 
-38.400000 42.995311 
-38.300000 44.461245 
-38.200000 43.597512 
-38.100000 42.725047 
-38.000000 43.899065 
-37.900000 42.895330 
-37.800000 44.094765 
-37.700000 44.754075 
-37.600000 43.626101 
-37.500000 44.603740 
-37.400000 44.191579 
-37.300000 44.805040 
-37.200000 45.310429 
-37.100000 44.913846 
-37.000000 45.591486 
-36.900000 45.687877 
-36.800000 45.011046 
-36.700000 45.087692 
-36.600000 45.071824 
-36.500000 46.096665 
-36.400000 45.255875 
-36.300000 44.593685 
-36.200000 45.687279 
-36.100000 46.545386 
-36.000000 45.612766 
-35.900000 46.114792 
-35.800000 46.779595 
-35.700000 44.769171 
-35.600000 45.246463 
-35.500000 45.378031 
-35.400000 45.319247 
-35.300000 47.459533 
-35.200000 47.135713 
-35.100000 47.138038 
-35.000000 46.703125 
-34.900000 47.383423 
-34.800000 46.565343 
-34.700000 47.096249 
-34.600000 46.181823 
-34.500000 47.391529 
-34.400000 47.948100 
-34.300000 47.490030 
-34.200000 48.547938 
-34.100000 48.323087 
-34.000000 47.773280 
-33.900000 48.133150 
-33.800000 47.758073 
-33.700000 48.984329 
-33.600000 48.290013 
-33.500000 47.053470 
-33.400000 48.036117 
-33.300000 48.879033 
-33.200000 48.834595 
-33.100000 48.207580 
-33.000000 47.809577 
-32.900000 47.873813 
-32.800000 49.586897 
-32.700000 49.508013 
-32.600000 48.296161 
-32.500000 49.443038 
-32.400000 48.854436 
-32.300000 49.915027 
-32.200000 50.371516 
-32.100000 49.076531 
-32.000000 49.317189 
-31.900000 49.373919 
-31.800000 50.468982 
-31.700000 50.538958 
-31.600000 49.964743 
-31.500000 50.661801 
-31.400000 49.646800 
-31.300000 51.105739 
-31.200000 51.094614 
-31.100000 50.856830 
-31.000000 51.609871 
-30.900000 51.410936 
-30.800000 50.572165 
-30.700000 50.515936 
-30.600000 51.040975 
-30.500000 51.760611 
-30.400000 50.610746 
-30.300000 50.994510 
-30.200000 51.485385 
-30.100000 50.767894 
-30.000000 52.252981 
-29.900000 51.864760 
-29.800000 51.431172 
-29.700000 52.225076 
-29.600000 52.850535 
-29.500000 53.074404 
-29.400000 53.113099 
-29.300000 52.573579 
-29.200000 52.164023 
-29.100000 53.074810 
-29.000000 51.702129 
-28.900000 52.015718 
-28.800000 53.060192 
-28.700000 52.504280 
-28.600000 52.006444 
-28.500000 53.425578 
-28.400000 52.379967 
-28.300000 53.604873 
-28.200000 53.993520 
-28.100000 53.667388 
-28.000000 53.498202 
-27.900000 53.348751 
-27.800000 54.276803 
-27.700000 55.205009 
-27.600000 53.104333 
-27.500000 53.090885 
-27.400000 55.105253 
-27.300000 54.904799 
-27.200000 53.936290 
-27.100000 54.480296 
-27.000000 54.242865 
-26.900000 54.666640 
-26.800000 54.214242 
-26.700000 55.520590 
-26.600000 54.333578 
-26.500000 54.794595 
-26.400000 54.312148 
-26.300000 55.761549 
-26.200000 55.265427 
-26.100000 56.176354 
-26.000000 55.090457 
-25.900000 56.560776 
-25.800000 56.187036 
-25.700000 55.489622 
-25.600000 55.904848 
-25.500000 56.842518 
-25.400000 56.415171 
-25.300000 55.644651 
-25.200000 56.931138 
-25.100000 57.348472 
-25.000000 57.133586 
-24.900000 57.043250 
-24.800000 56.513757 
-24.700000 57.030952 
-24.600000 57.499105 
-24.500000 57.095513 
-24.400000 57.936397 
-24.300000 56.904509 
-24.200000 56.714378 
-24.100000 57.119533 
-24.000000 57.728092 
-23.900000 58.571074 
-23.800000 58.584471 
-23.700000 58.032577 
-23.600000 57.583387 
-23.500000 57.961511 
-23.400000 57.934744 
-23.300000 57.329442 
-23.200000 57.821333 
-23.100000 58.827252 
-23.000000 58.421862 
-22.900000 59.578284 
-22.800000 58.085045 
-22.700000 59.846118 
-22.600000 59.407647 
-22.500000 60.002674 
-22.400000 60.145070 
-22.300000 59.690314 
-22.200000 60.299222 
-22.100000 58.633281 
-22.000000 60.573083 
-21.900000 59.054548 
-21.800000 59.747683 
-21.700000 58.813227 
-21.600000 59.564275 
-21.500000 59.911883 
-21.400000 59.324982 
-21.300000 60.742665 
-21.200000 60.646586 
-21.100000 59.497322 
-21.000000 60.513420 
-20.900000 60.792367 
-20.800000 61.879429 
-20.700000 59.851424 
-20.600000 62.060287 
-20.500000 61.227083 
-20.400000 60.973314 
-20.300000 62.157921 
-20.200000 60.891731 
-20.100000 60.934261 
-20.000000 61.776635 
-19.900000 61.798104 
-19.800000 61.087522 
-19.700000 61.288101 
-19.600000 62.798271 
-19.500000 61.781739 
-19.400000 61.893417 
-19.300000 62.792566 
-19.200000 62.935731 
-19.100000 61.843394 
-19.000000 61.940061 
-18.900000 63.408603 
-18.800000 63.111648 
-18.700000 63.225494 
-18.600000 63.531894 
-18.500000 63.200142 
-18.400000 63.140188 
-18.300000 63.408431 
-18.200000 63.217375 
-18.100000 63.288807 
-18.000000 63.816577 
-17.900000 63.090823 
-17.800000 63.396261 
-17.700000 63.293509 
-17.600000 62.914841 
-17.500000 63.957003 
-17.400000 64.099664 
-17.300000 63.240878 
-17.200000 63.696509 
-17.100000 63.692565 
-17.000000 63.560084 
-16.900000 64.175761 
-16.800000 65.002933 
-16.700000 65.416903 
-16.600000 64.260318 
-16.500000 65.640412 
-16.400000 64.338114 
-16.300000 65.421439 
-16.200000 65.031801 
-16.100000 65.694137 
-16.000000 65.180152 
-15.900000 65.388481 
-15.800000 65.843785 
-15.700000 65.127438 
-15.600000 64.991678 
-15.500000 65.789549 
-15.400000 66.539129 
-15.300000 66.918199 
-15.200000 66.732532 
-15.100000 66.284372 
-15.000000 65.733106 
-14.900000 65.585455 
-14.800000 66.511750 
-14.700000 67.471108 
-14.600000 66.932388 
-14.500000 66.704289 
-14.400000 67.523493 
-14.300000 66.930703 
-14.200000 67.700926 
-14.100000 67.320809 
-14.000000 67.612142 
-13.900000 68.069464 
-13.800000 67.019720 
-13.700000 68.378043 
-13.600000 67.098043 
-13.500000 66.816007 
-13.400000 67.269039 
-13.300000 67.085545 
-13.200000 67.461677 
-13.100000 68.515700 
-13.000000 68.445565 
-12.900000 67.900873 
-12.800000 68.703450 
-12.700000 68.437671 
-12.600000 69.799704 
-12.500000 69.018788 
-12.400000 68.156886 
-12.300000 69.641807 
-12.200000 69.085453 
-12.100000 67.931146 
-12.000000 69.198055 
-11.900000 68.579379 
-11.800000 69.998731 
-11.700000 69.275565 
-11.600000 69.966534 
-11.500000 68.600130 
-11.400000 68.993043 
-11.300000 69.732993 
-11.200000 69.435954 
-11.100000 69.350811 
-11.000000 71.128288 
-10.900000 70.648904 
-10.800000 71.199247 
-10.700000 69.294801 
-10.600000 69.307217 
-10.500000 71.244705 
-10.400000 70.712169 
-10.300000 71.053694 
-10.200000 71.558274 
-10.100000 71.213319 
-10.000000 71.503301 
-9.900000 70.433812 
-9.800000 72.451612 
-9.700000 71.017956 
-9.600000 71.954808 
-9.500000 71.238126 
-9.400000 72.533372 
-9.300000 72.110294 
-9.200000 71.586436 
-9.100000 72.410038 
-9.000000 71.906677 
-8.900000 72.870296 
-8.800000 72.681193 
-8.700000 72.803936 
-8.600000 72.324912 
-8.500000 73.384942 
-8.400000 72.859281 
-8.300000 73.563742 
-8.200000 72.652702 
-8.100000 72.198661 
-8.000000 73.456235 
-7.900000 72.334954 
-7.800000 73.279187 
-7.700000 74.241830 
-7.600000 73.198997 
-7.500000 73.215684 
-7.400000 74.124163 
-7.300000 72.763030 
-7.200000 74.276153 
-7.100000 73.823360 
-7.000000 73.996193 
-6.900000 75.005670 
-6.800000 73.734626 
-6.700000 74.689065 
-6.600000 73.531387 
-6.500000 74.535521 
-6.400000 74.358285 
-6.300000 73.706318 
-6.200000 75.617693 
-6.100000 74.717332 
-6.000000 74.564727 
-5.900000 75.517761 
-5.800000 75.093226 
-5.700000 75.437018 
-5.600000 73.974489 
-5.500000 74.384102 
-5.400000 74.618344 
-5.300000 75.928539 
-5.200000 75.043425 
-5.100000 75.535365 
-5.000000 74.888225 
-4.900000 76.693868 
-4.800000 75.122196 
-4.700000 74.918106 
-4.600000 75.920323 
-4.500000 76.269345 
-4.400000 75.399795 
-4.300000 75.461505 
-4.200000 77.035217 
-4.100000 77.357833 
-4.000000 75.735554 
-3.900000 75.946561 
-3.800000 76.924666 
-3.700000 75.761282 
-3.600000 75.436243 
-3.500000 76.464924 
-3.400000 77.267312 
-3.300000 76.594879 
-3.200000 76.288141 
-3.100000 76.437144 
-3.000000 76.588536 
-2.900000 76.995961 
-2.800000 77.329382 
-2.700000 78.078855 
-2.600000 78.383027 
-2.500000 77.314189 
-2.400000 77.441940 
-2.300000 77.519541 
-2.200000 78.746623 
-2.100000 77.925489 
-2.000000 78.402189 
-1.900000 79.177271 
-1.800000 78.625382 
-1.700000 77.255183 
-1.600000 77.808240 
-1.500000 78.948044 
-1.400000 79.396478 
-1.300000 78.772406 
-1.200000 78.632880 
-1.100000 78.242081 
-1.000000 77.453550 
-0.900000 77.979766 
-0.800000 79.504367 
-0.700000 78.816750 
-0.600000 78.871823 
-0.500000 79.224367 
-0.400000 79.258738 
-0.300000 80.190751 
-0.200000 78.172727 
-0.100000 79.388633 
