-40.000000 42.386174 
-39.900000 42.439889 
-39.800000 42.576728 
-39.700000 42.835733 
-39.600000 42.749967 
-39.500000 43.045403 
-39.400000 43.180220 
-39.300000 43.617563 
-39.200000 43.795406 
-39.100000 43.185805 
-39.000000 43.394918 
-38.900000 43.555460 
-38.800000 43.888230 
-38.700000 43.962215 
-38.600000 43.939668 
-38.500000 43.854231 
-38.400000 43.969558 
-38.300000 43.997457 
-38.200000 44.622576 
-38.100000 44.568641 
-38.000000 44.464208 
-37.900000 44.875783 
-37.800000 44.412709 
-37.700000 44.716256 
-37.600000 44.799665 
-37.500000 44.428737 
-37.400000 45.020454 
-37.300000 45.074573 
-37.200000 45.074978 
-37.100000 45.272656 
-37.000000 45.607311 
-36.900000 45.717416 
-36.800000 45.367528 
-36.700000 46.064791 
-36.600000 45.878102 
-36.500000 45.895537 
-36.400000 46.026781 
-36.300000 45.906116 
-36.200000 45.979535 
-36.100000 46.608224 
-36.000000 46.519350 
-35.900000 46.676566 
-35.800000 47.013399 
-35.700000 46.810730 
-35.600000 47.002476 
-35.500000 46.939432 
-35.400000 46.851150 
-35.300000 47.044685 
-35.200000 47.122324 
-35.100000 47.444580 
-35.000000 47.544348 
-34.900000 47.624411 
-34.800000 47.801046 
-34.700000 47.933935 
-34.600000 47.829096 
-34.500000 47.776509 
-34.400000 47.819735 
-34.300000 48.417329 
-34.200000 48.207470 
-34.100000 48.625354 
-34.000000 48.541583 
-33.900000 48.659362 
-33.800000 48.713471 
-33.700000 48.687435 
-33.600000 49.159663 
-33.500000 49.119713 
-33.400000 49.152781 
-33.300000 49.049478 
-33.200000 49.287667 
-33.100000 48.981579 
-33.000000 49.475941 
-32.900000 49.747404 
-32.800000 49.622958 
-32.700000 49.457395 
-32.600000 49.642249 
-32.500000 49.930294 
-32.400000 50.024030 
-32.300000 50.133544 
-32.200000 50.433327 
-32.100000 50.163046 
-32.000000 50.196448 
-31.900000 50.367534 
-31.800000 50.612047 
-31.700000 50.595362 
-31.600000 50.913991 
-31.500000 50.925332 
-31.400000 51.256158 
-31.300000 50.738219 
-31.200000 51.288665 
-31.100000 51.300463 
-31.000000 51.527979 
-30.900000 51.601052 
-30.800000 51.512895 
-30.700000 51.333884 
-30.600000 51.892161 
-30.500000 52.147645 
-30.400000 52.207952 
-30.300000 52.147365 
-30.200000 52.201283 
-30.100000 52.053363 
-30.000000 52.362921 
-29.900000 52.710859 
-29.800000 52.707765 
-29.700000 52.604012 
-29.600000 53.103861 
-29.500000 52.856907 
-29.400000 53.253663 
-29.300000 53.103042 
-29.200000 53.023512 
-29.100000 53.234598 
-29.000000 53.597325 
-28.900000 53.205516 
-28.800000 53.535563 
-28.700000 53.246553 
-28.600000 53.687789 
-28.500000 53.655482 
-28.400000 54.119458 
-28.300000 54.047521 
-28.200000 54.205830 
-28.100000 54.198275 
-28.000000 54.440507 
-27.900000 54.384644 
-27.800000 54.603599 
-27.700000 54.530206 
-27.600000 54.515727 
-27.500000 54.649823 
-27.400000 54.828858 
-27.300000 54.855905 
-27.200000 55.298219 
-27.100000 55.395360 
-27.000000 55.189120 
-26.900000 55.297102 
-26.800000 55.588274 
-26.700000 55.703823 
-26.600000 55.832943 
-26.500000 55.762387 
-26.400000 55.883602 
-26.300000 56.260538 
-26.200000 56.359936 
-26.100000 56.120083 
-26.000000 56.163958 
-25.900000 56.262457 
-25.800000 56.471546 
-25.700000 56.394510 
-25.600000 56.625527 
-25.500000 57.004759 
-25.400000 57.177375 
-25.300000 56.885587 
-25.200000 57.118812 
-25.100000 57.669960 
-25.000000 57.424242 
-24.900000 57.562991 
-24.800000 57.735557 
-24.700000 57.697726 
-24.600000 57.838386 
-24.500000 57.819333 
-24.400000 57.670965 
-24.300000 58.083908 
-24.200000 57.972085 
-24.100000 58.473041 
-24.000000 58.210485 
-23.900000 58.130649 
-23.800000 58.429700 
-23.700000 58.688574 
-23.600000 58.639827 
-23.500000 58.956975 
-23.400000 58.923253 
-23.300000 58.853385 
-23.200000 58.969886 
-23.100000 59.260409 
-23.000000 59.447468 
-22.900000 59.229385 
-22.800000 59.485042 
-22.700000 59.652416 
-22.600000 59.992842 
-22.500000 59.656250 
-22.400000 59.930578 
-22.300000 59.592341 
-22.200000 60.386645 
-22.100000 59.983733 
-22.000000 60.100195 
-21.900000 60.362925 
-21.800000 60.384983 
-21.700000 60.659195 
-21.600000 61.023506 
-21.500000 60.623029 
-21.400000 60.610663 
-21.300000 60.636459 
-21.200000 61.374880 
-21.100000 61.266750 
-21.000000 61.576358 
-20.900000 61.168125 
-20.800000 61.549516 
-20.700000 61.658227 
-20.600000 61.645928 
-20.500000 61.708792 
-20.400000 62.049707 
-20.300000 61.938701 
-20.200000 62.080616 
-20.100000 62.155027 
-20.000000 61.756693 
-19.900000 62.466123 
-19.800000 62.449129 
-19.700000 62.476562 
-19.600000 62.720340 
-19.500000 62.767320 
-19.400000 63.125968 
-19.300000 62.899603 
-19.200000 63.202786 
-19.100000 63.185334 
-19.000000 63.309825 
-18.900000 63.565402 
-18.800000 63.642996 
-18.700000 63.738712 
-18.600000 63.681197 
-18.500000 63.583286 
-18.400000 63.990504 
-18.300000 63.922493 
-18.200000 64.184842 
-18.100000 64.236083 
-18.000000 63.949935 
-17.900000 64.433518 
-17.800000 64.244422 
-17.700000 64.490803 
-17.600000 64.653210 
-17.500000 64.753106 
-17.400000 64.884156 
-17.300000 64.893400 
-17.200000 64.561445 
-17.100000 64.774164 
-17.000000 65.081211 
-16.900000 65.160098 
-16.800000 65.169592 
-16.700000 65.244063 
-16.600000 65.946516 
-16.500000 65.818454 
-16.400000 65.861169 
-16.300000 65.439806 
-16.200000 65.946711 
-16.100000 66.007840 
-16.000000 66.006648 
-15.900000 66.191368 
-15.800000 66.516197 
-15.700000 66.500948 
-15.600000 66.428502 
-15.500000 66.202453 
-15.400000 66.471608 
-15.300000 66.600091 
-15.200000 66.527687 
-15.100000 67.253274 
-15.000000 67.004715 
-14.900000 66.683295 
-14.800000 67.016992 
-14.700000 67.000142 
-14.600000 67.095866 
-14.500000 67.378511 
-14.400000 67.587220 
-14.300000 68.063571 
-14.200000 67.724662 
-14.100000 68.088507 
-14.000000 68.128390 
-13.900000 68.177114 
-13.800000 68.295090 
-13.700000 68.388433 
-13.600000 68.173438 
-13.500000 68.513567 
-13.400000 68.841803 
-13.300000 68.047138 
-13.200000 68.232013 
-13.100000 68.870633 
-13.000000 68.698784 
-12.900000 69.183880 
-12.800000 69.129058 
-12.700000 68.960959 
-12.600000 69.331729 
-12.500000 69.366363 
-12.400000 70.077902 
-12.300000 69.515002 
-12.200000 69.942343 
-12.100000 69.793909 
-12.000000 69.206840 
-11.900000 69.459395 
-11.800000 70.226812 
-11.700000 70.062467 
-11.600000 70.034468 
-11.500000 70.090003 
-11.400000 70.635431 
-11.300000 70.410098 
-11.200000 70.276813 
-11.100000 70.786064 
-11.000000 70.372526 
-10.900000 70.944213 
-10.800000 71.063600 
-10.700000 71.221958 
-10.600000 70.844001 
-10.500000 71.438567 
-10.400000 71.363808 
-10.300000 71.336080 
-10.200000 71.771219 
-10.100000 71.711116 
-10.000000 71.839907 
-9.900000 71.724888 
-9.800000 71.996168 
-9.700000 71.643791 
-9.600000 71.668863 
-9.500000 72.061463 
-9.400000 72.440801 
-9.300000 72.490451 
-9.200000 72.102845 
-9.100000 72.387707 
-9.000000 72.128669 
-8.900000 72.492362 
-8.800000 72.618118 
-8.700000 72.981508 
-8.600000 72.756995 
-8.500000 72.568755 
-8.400000 73.338176 
-8.300000 73.306704 
-8.200000 73.781781 
-8.100000 72.764000 
-8.000000 73.149215 
-7.900000 73.175215 
-7.800000 73.459388 
-7.700000 73.946593 
-7.600000 73.964691 
-7.500000 74.087227 
-7.400000 74.125194 
-7.300000 74.212837 
-7.200000 73.576401 
-7.100000 74.671236 
-7.000000 74.129458 
-6.900000 74.006453 
-6.800000 74.210638 
-6.700000 74.690030 
-6.600000 74.634065 
-6.500000 74.889702 
-6.400000 74.570987 
-6.300000 75.143110 
-6.200000 75.082132 
-6.100000 74.934904 
-6.000000 74.938260 
-5.900000 74.630097 
-5.800000 74.983758 
-5.700000 75.190852 
-5.600000 75.423841 
-5.500000 75.304658 
-5.400000 75.850400 
-5.300000 75.747204 
-5.200000 75.389852 
-5.100000 75.860365 
-5.000000 75.410271 
-4.900000 75.456493 
-4.800000 75.702884 
-4.700000 75.909826 
-4.600000 76.208938 
-4.500000 76.290760 
-4.400000 76.280488 
-4.300000 76.530906 
-4.200000 76.074488 
-4.100000 76.356501 
-4.000000 77.053244 
-3.900000 76.615526 
-3.800000 76.987554 
-3.700000 76.552591 
-3.600000 77.129015 
-3.500000 76.536647 
-3.400000 76.738792 
-3.300000 77.312489 
-3.200000 77.278710 
-3.100000 77.124575 
-3.000000 77.116584 
-2.900000 76.800399 
-2.800000 77.412108 
-2.700000 77.462712 
-2.600000 77.467205 
-2.500000 77.911607 
-2.400000 77.659741 
-2.300000 77.538882 
-2.200000 77.829724 
-2.100000 78.320326 
-2.000000 77.479483 
-1.900000 78.127996 
-1.800000 78.180090 
-1.700000 78.455294 
-1.600000 78.257753 
-1.500000 78.163003 
-1.400000 78.432462 
-1.300000 79.036075 
-1.200000 78.052043 
-1.100000 78.991146 
-1.000000 78.718013 
-0.900000 78.886924 
-0.800000 78.542487 
-0.700000 78.409761 
-0.600000 78.865469 
-0.500000 78.969559 
-0.400000 79.064254 
-0.300000 78.806289 
-0.200000 79.118868 
-0.100000 79.270257 
