-40.000000 46.117076 
-39.900000 46.749273 
-39.800000 49.480749 
-39.700000 47.086984 
-39.600000 47.675141 
-39.500000 47.768176 
-39.400000 49.798830 
-39.300000 46.742826 
-39.200000 46.940494 
-39.100000 46.447841 
-39.000000 47.700506 
-38.900000 47.139438 
-38.800000 46.307377 
-38.700000 50.041877 
-38.600000 48.841838 
-38.500000 49.641899 
-38.400000 47.823502 
-38.300000 50.752585 
-38.200000 49.510017 
-38.100000 47.152346 
-38.000000 49.646000 
-37.900000 47.133305 
-37.800000 49.647182 
-37.700000 51.579326 
-37.600000 48.384737 
-37.500000 50.364152 
-37.400000 49.454775 
-37.300000 51.253419 
-37.200000 51.891162 
-37.100000 50.597089 
-37.000000 51.710207 
-36.900000 52.115252 
-36.800000 50.224355 
-36.700000 50.419515 
-36.600000 50.340351 
-36.500000 52.615654 
-36.400000 49.952233 
-36.300000 49.374823 
-36.200000 51.199084 
-36.100000 52.761317 
-36.000000 51.320810 
-35.900000 52.478871 
-35.800000 53.092717 
-35.700000 48.958342 
-35.600000 49.338173 
-35.500000 49.538524 
-35.400000 49.508267 
-35.300000 53.775063 
-35.200000 53.735831 
-35.100000 53.004353 
-35.000000 51.900126 
-34.900000 53.353042 
-34.800000 51.996629 
-34.700000 52.719464 
-34.600000 50.633560 
-34.500000 53.238925 
-34.400000 53.421337 
-34.300000 52.982292 
-34.200000 54.777195 
-34.100000 54.593603 
-34.000000 53.147703 
-33.900000 54.372995 
-33.800000 52.790754 
-33.700000 55.563277 
-33.600000 53.982633 
-33.500000 51.120670 
-33.400000 53.614485 
-33.300000 55.253624 
-33.200000 54.463075 
-33.100000 52.995995 
-33.000000 51.762526 
-32.900000 52.445727 
-32.800000 55.427174 
-32.700000 55.562392 
-32.600000 53.109084 
-32.500000 54.974362 
-32.400000 53.903209 
-32.300000 55.506482 
-32.200000 56.482632 
-32.100000 54.125848 
-32.000000 54.404653 
-31.900000 54.323852 
-31.800000 56.979701 
-31.700000 56.191828 
-31.600000 54.929006 
-31.500000 56.114947 
-31.400000 54.097106 
-31.300000 56.993052 
-31.200000 57.337672 
-31.100000 56.777861 
-31.000000 57.939449 
-30.900000 56.999899 
-30.800000 55.431568 
-30.700000 55.483451 
-30.600000 55.771574 
-30.500000 58.453585 
-30.400000 54.771988 
-30.300000 56.578621 
-30.200000 57.116302 
-30.100000 55.493130 
-30.000000 57.627078 
-29.900000 57.433657 
-29.800000 56.579813 
-29.700000 57.842938 
-29.600000 58.755516 
-29.500000 59.335750 
-29.400000 59.139464 
-29.300000 58.510821 
-29.200000 57.160514 
-29.100000 58.737385 
-29.000000 56.667100 
-28.900000 56.447868 
-28.800000 58.455007 
-28.700000 57.556391 
-28.600000 56.020709 
-28.500000 59.503050 
-28.400000 56.707941 
-28.300000 58.690613 
-28.200000 60.051968 
-28.100000 58.583941 
-28.000000 59.172789 
-27.900000 58.257734 
-27.800000 60.666585 
-27.700000 61.448372 
-27.600000 57.470379 
-27.500000 57.416856 
-27.400000 61.863669 
-27.300000 60.871247 
-27.200000 58.879030 
-27.100000 59.565316 
-27.000000 59.209299 
-26.900000 60.473592 
-26.800000 58.798708 
-26.700000 61.671158 
-26.600000 58.514936 
-26.500000 59.968821 
-26.400000 58.658295 
-26.300000 61.201354 
-26.200000 61.221129 
-26.100000 62.259852 
-26.000000 59.733142 
-25.900000 62.633105 
-25.800000 62.291555 
-25.700000 60.666976 
-25.600000 60.946429 
-25.500000 63.020862 
-25.400000 61.926371 
-25.300000 59.992389 
-25.200000 62.679127 
-25.100000 63.874192 
-25.000000 62.495392 
-24.900000 62.915761 
-24.800000 61.773986 
-24.700000 62.970210 
-24.600000 63.327212 
-24.500000 62.726692 
-24.400000 63.972291 
-24.300000 61.573061 
-24.200000 61.221211 
-24.100000 61.878820 
-24.000000 62.716092 
-23.900000 64.649249 
-23.800000 65.163675 
-23.700000 63.152912 
-23.600000 62.323824 
-23.500000 63.219345 
-23.400000 63.237187 
-23.300000 62.060186 
-23.200000 62.879534 
-23.100000 64.385045 
-23.000000 63.422645 
-22.900000 65.811011 
-22.800000 62.373803 
-22.700000 65.936727 
-22.600000 65.324674 
-22.500000 66.528859 
-22.400000 66.532013 
-22.300000 65.659987 
-22.200000 66.667017 
-22.100000 63.006268 
-22.000000 66.541616 
-21.900000 63.928518 
-21.800000 64.772940 
-21.700000 62.703944 
-21.600000 64.015002 
-21.500000 64.486856 
-21.400000 63.550933 
-21.300000 66.557620 
-21.200000 66.108245 
-21.100000 64.165300 
-21.000000 65.866846 
-20.900000 66.259961 
-20.800000 68.348585 
-20.700000 63.948008 
-20.600000 68.262813 
-20.500000 66.179288 
-20.400000 65.799698 
-20.300000 68.740515 
-20.200000 65.365372 
-20.100000 65.346462 
-20.000000 67.284539 
-19.900000 67.181413 
-19.800000 65.668978 
-19.700000 65.959310 
-19.600000 69.312249 
-19.500000 66.340893 
-19.400000 66.448319 
-19.300000 68.214678 
-19.200000 68.332713 
-19.100000 66.536734 
-19.000000 66.224748 
-18.900000 69.296905 
-18.800000 68.474615 
-18.700000 67.964630 
-18.600000 69.015501 
-18.500000 68.280540 
-18.400000 68.168879 
-18.300000 68.659099 
-18.200000 67.997138 
-18.100000 67.892880 
-18.000000 68.781087 
-17.900000 67.912080 
-17.800000 67.700313 
-17.700000 67.673163 
-17.600000 66.842766 
-17.500000 68.781975 
-17.400000 69.013775 
-17.300000 67.035114 
-17.200000 68.099725 
-17.100000 67.915307 
-17.000000 67.824817 
-16.900000 68.549730 
-16.800000 69.830572 
-16.700000 71.492671 
-16.600000 68.283722 
-16.500000 71.431813 
-16.400000 68.693853 
-16.300000 70.372273 
-16.200000 69.064489 
-16.100000 70.947413 
-16.000000 70.052359 
-15.900000 69.949271 
-15.800000 70.641420 
-15.700000 68.512447 
-15.600000 69.066313 
-15.500000 70.317881 
-15.400000 71.592596 
-15.300000 72.654551 
-15.200000 71.830531 
-15.100000 70.892246 
-15.000000 69.832486 
-14.900000 69.239443 
-14.800000 70.914223 
-14.700000 72.880037 
-14.600000 71.813781 
-14.500000 71.062035 
-14.400000 72.782763 
-14.300000 71.082556 
-14.200000 73.122518 
-14.100000 71.529151 
-14.000000 72.644357 
-13.900000 73.355979 
-13.800000 70.824380 
-13.700000 73.568338 
-13.600000 71.134374 
-13.500000 70.180341 
-13.400000 71.225613 
-13.300000 70.208565 
-13.200000 70.998497 
-13.100000 73.134531 
-13.000000 73.169172 
-12.900000 71.958638 
-12.800000 72.969493 
-12.700000 72.647797 
-12.600000 75.168238 
-12.500000 73.566158 
-12.400000 71.720267 
-12.300000 74.638641 
-12.200000 73.185412 
-12.100000 71.168107 
-12.000000 73.398897 
-11.900000 72.067550 
-11.800000 75.155601 
-11.700000 73.527199 
-11.600000 74.753770 
-11.500000 71.431446 
-11.400000 72.380445 
-11.300000 74.143729 
-11.200000 72.885733 
-11.100000 72.565619 
-11.000000 76.015183 
-10.900000 74.928174 
-10.800000 75.945931 
-10.700000 72.235411 
-10.600000 72.387532 
-10.500000 75.896211 
-10.400000 74.759973 
-10.300000 75.341095 
-10.200000 76.194249 
-10.100000 75.260879 
-10.000000 75.844133 
-9.900000 73.568178 
-9.800000 77.466007 
-9.700000 74.389663 
-9.600000 76.521621 
-9.500000 74.520249 
-9.400000 77.449475 
-9.300000 76.314876 
-9.200000 75.027995 
-9.100000 76.579785 
-9.000000 75.644221 
-8.900000 77.419690 
-8.800000 76.719963 
-8.700000 76.861212 
-8.600000 75.731021 
-8.500000 77.621792 
-8.400000 76.611594 
-8.300000 77.831673 
-8.200000 76.314837 
-8.100000 75.100263 
-8.000000 77.568689 
-7.900000 75.310372 
-7.800000 76.697181 
-7.700000 78.261395 
-7.600000 76.395830 
-7.500000 76.168286 
-7.400000 77.629732 
-7.300000 75.691736 
-7.200000 78.093703 
-7.100000 77.328196 
-7.000000 77.396548 
-6.900000 78.828757 
-6.800000 76.635444 
-6.700000 78.375087 
-6.600000 76.435220 
-6.500000 78.100852 
-6.400000 77.649773 
-6.300000 76.131208 
-6.200000 79.958921 
-6.100000 77.666633 
-6.000000 77.584585 
-5.900000 79.378910 
-5.800000 78.073976 
-5.700000 78.459792 
-5.600000 76.110334 
-5.500000 76.419068 
-5.400000 76.730091 
-5.300000 79.565539 
-5.200000 77.725346 
-5.100000 78.506388 
-5.000000 77.176556 
-4.900000 79.746243 
-4.800000 77.286490 
-4.700000 76.798298 
-4.600000 78.367781 
-4.500000 79.129203 
-4.400000 77.414586 
-4.300000 77.233491 
-4.200000 80.316980 
-4.100000 80.477562 
-4.000000 77.824406 
-3.900000 77.998123 
-3.800000 79.339865 
-3.700000 77.762865 
-3.600000 77.013874 
-3.500000 78.418500 
-3.400000 79.520197 
-3.300000 78.430593 
-3.200000 77.898837 
-3.100000 77.818789 
-3.000000 78.275273 
-2.900000 78.646750 
-2.800000 79.453587 
-2.700000 80.353789 
-2.600000 81.018359 
-2.500000 78.745241 
-2.400000 79.071409 
-2.300000 78.895160 
-2.200000 81.030007 
-2.100000 79.823777 
-2.000000 80.425580 
-1.900000 81.602196 
-1.800000 80.523831 
-1.700000 78.455623 
-1.600000 78.899273 
-1.500000 80.807281 
-1.400000 81.273303 
-1.300000 80.121307 
-1.200000 80.000263 
-1.100000 79.338521 
-1.000000 78.383512 
-0.900000 78.987166 
-0.800000 80.975407 
-0.700000 79.931667 
-0.600000 80.003693 
-0.500000 80.268660 
-0.400000 80.324864 
-0.300000 81.547570 
-0.200000 78.945196 
-0.100000 80.170222 
