-40.000000 41.363659 
-39.900000 42.186022 
-39.800000 42.956622 
-39.700000 41.234339 
-39.600000 41.988458 
-39.500000 42.566734 
-39.400000 42.904793 
-39.300000 43.328129 
-39.200000 43.535075 
-39.100000 41.419171 
-39.000000 41.697098 
-38.900000 41.689477 
-38.800000 44.038826 
-38.700000 44.111456 
-38.600000 43.988619 
-38.500000 43.677978 
-38.400000 43.297733 
-38.300000 42.787879 
-38.200000 44.620602 
-38.100000 44.132273 
-38.000000 43.402625 
-37.900000 44.907414 
-37.800000 44.134056 
-37.700000 42.967083 
-37.600000 44.405713 
-37.500000 43.122846 
-37.400000 44.295542 
-37.300000 45.267635 
-37.200000 43.761494 
-37.100000 44.711531 
-37.000000 45.448709 
-36.900000 45.898411 
-36.800000 43.999979 
-36.700000 44.389729 
-36.600000 44.733193 
-36.500000 44.878107 
-36.400000 44.920217 
-36.300000 44.795466 
-36.200000 44.667976 
-36.100000 46.780150 
-36.000000 46.463002 
-35.900000 46.016875 
-35.800000 45.350220 
-35.700000 47.102717 
-35.600000 46.205411 
-35.500000 45.065277 
-35.400000 46.422754 
-35.300000 47.579239 
-35.200000 46.163484 
-35.100000 47.217861 
-35.000000 47.810085 
-34.900000 46.176942 
-34.800000 46.694051 
-34.700000 47.105319 
-34.600000 47.391446 
-34.500000 47.514522 
-34.400000 47.535240 
-34.300000 47.189761 
-34.200000 47.002470 
-34.100000 48.768753 
-34.000000 48.274027 
-33.900000 47.596747 
-33.800000 49.111738 
-33.700000 48.009960 
-33.600000 49.225191 
-33.500000 47.897772 
-33.400000 48.625693 
-33.300000 49.388209 
-33.200000 47.586133 
-33.100000 48.031553 
-33.000000 48.267178 
-32.900000 48.324899 
-32.800000 48.339660 
-32.700000 47.931920 
-32.600000 49.977441 
-32.500000 49.487603 
-32.400000 48.664788 
-32.300000 50.114953 
-32.200000 48.980844 
-32.100000 50.157853 
-32.000000 48.413601 
-31.900000 49.280889 
-31.800000 49.844006 
-31.700000 50.158725 
-31.600000 50.343830 
-31.500000 50.353283 
-31.400000 50.113132 
-31.300000 49.575948 
-31.200000 51.396219 
-31.100000 50.598705 
-31.000000 51.849007 
-30.900000 50.741991 
-30.800000 51.659638 
-30.700000 49.865316 
-30.600000 50.375112 
-30.500000 50.767447 
-30.400000 50.814713 
-30.300000 50.625406 
-30.200000 52.711919 
-30.100000 52.143516 
-30.000000 51.322815 
-29.900000 52.672893 
-29.800000 51.409789 
-29.700000 52.217663 
-29.600000 52.843714 
-29.500000 53.142556 
-29.400000 53.404639 
-29.300000 53.234658 
-29.200000 52.899556 
-29.100000 52.216512 
-29.000000 53.681646 
-28.900000 52.592567 
-28.800000 53.486157 
-28.700000 51.788794 
-28.600000 52.236959 
-28.500000 52.442889 
-28.400000 52.350013 
-28.300000 54.464845 
-28.200000 53.816502 
-28.100000 52.707092 
-28.000000 53.996854 
-27.900000 54.806137 
-27.800000 52.953542 
-27.700000 53.322494 
-27.600000 53.186863 
-27.500000 55.215940 
-27.400000 54.726770 
-27.300000 53.566184 
-27.200000 54.809300 
-27.100000 55.595415 
-27.000000 53.581153 
-26.900000 53.684780 
-26.800000 56.038310 
-26.700000 55.541366 
-26.600000 54.521620 
-26.500000 55.701188 
-26.400000 54.148512 
-26.300000 54.597902 
-26.200000 54.722088 
-26.100000 54.584336 
-26.000000 56.375051 
-25.900000 55.350028 
-25.800000 56.571222 
-25.700000 57.073349 
-25.600000 54.939451 
-25.500000 57.288829 
-25.400000 56.943214 
-25.300000 55.895751 
-25.200000 57.146611 
-25.100000 57.628610 
-25.000000 55.557466 
-24.900000 57.988732 
-24.800000 57.458908 
-24.700000 56.454262 
-24.600000 57.577051 
-24.500000 58.053538 
-24.400000 58.200458 
-24.300000 57.975122 
-24.200000 57.096237 
-24.100000 58.337084 
-24.000000 56.534250 
-23.900000 56.901432 
-23.800000 56.617055 
-23.700000 58.531289 
-23.600000 57.243407 
-23.500000 58.091050 
-23.400000 58.414402 
-23.300000 58.179510 
-23.200000 57.285133 
-23.100000 58.560521 
-23.000000 59.110844 
-22.900000 59.351836 
-22.800000 58.987950 
-22.700000 57.776535 
-22.600000 58.953652 
-22.500000 59.276100 
-22.400000 59.026596 
-22.300000 58.213127 
-22.200000 59.321885 
-22.100000 59.926286 
-22.000000 59.774165 
-21.900000 59.184820 
-21.800000 60.365572 
-21.700000 60.860379 
-21.600000 60.877945 
-21.500000 60.263748 
-21.400000 61.272903 
-21.300000 59.250973 
-21.200000 61.538508 
-21.100000 60.830000 
-21.000000 61.746234 
-20.900000 59.659252 
-20.800000 61.727388 
-20.700000 60.717669 
-20.600000 61.390122 
-20.500000 61.552816 
-20.400000 60.777331 
-20.300000 61.784207 
-20.200000 62.067848 
-20.100000 61.650481 
-20.000000 60.380502 
-19.900000 60.792025 
-19.800000 60.588358 
-19.700000 62.123311 
-19.600000 62.777540 
-19.500000 62.648631 
-19.400000 61.641930 
-19.300000 62.561467 
-19.200000 62.320170 
-19.100000 61.352582 
-19.000000 62.095134 
-18.900000 61.931783 
-18.800000 63.404430 
-18.700000 63.968749 
-18.600000 63.703567 
-18.500000 62.420487 
-18.400000 62.861318 
-18.300000 62.266105 
-18.200000 63.269057 
-18.100000 63.407850 
-18.000000 62.531547 
-17.900000 63.160292 
-17.800000 62.830745 
-17.700000 64.051744 
-17.600000 64.261440 
-17.500000 63.416159 
-17.400000 64.081900 
-17.300000 63.622875 
-17.200000 64.804791 
-17.100000 64.738428 
-17.000000 63.647163 
-16.900000 64.074741 
-16.800000 65.772433 
-16.700000 63.951962 
-16.600000 65.901834 
-16.500000 64.341447 
-16.400000 64.061629 
-16.300000 65.192571 
-16.200000 65.012889 
-16.100000 66.291517 
-16.000000 66.359360 
-15.900000 65.074692 
-15.800000 65.098666 
-15.700000 66.523963 
-15.600000 66.558507 
-15.500000 65.291751 
-15.400000 65.281529 
-15.300000 66.446467 
-15.200000 66.429036 
-15.100000 67.414242 
-15.000000 67.041022 
-14.900000 65.292639 
-14.800000 67.293638 
-14.700000 67.815249 
-14.600000 67.014883 
-14.500000 67.312356 
-14.400000 65.868836 
-14.300000 68.167173 
-14.200000 66.481095 
-14.100000 68.336331 
-14.000000 66.082127 
-13.900000 67.408200 
-13.800000 67.112063 
-13.700000 67.795057 
-13.600000 66.731199 
-13.500000 66.639011 
-13.400000 67.568796 
-13.300000 66.688153 
-13.200000 66.751828 
-13.100000 67.650999 
-13.000000 69.307143 
-12.900000 69.334488 
-12.800000 67.460031 
-12.700000 68.907777 
-12.600000 68.570148 
-12.500000 69.013482 
-12.400000 69.933633 
-12.300000 69.174957 
-12.200000 69.008616 
-12.100000 69.418525 
-12.000000 67.879742 
-11.900000 69.494712 
-11.800000 69.288877 
-11.700000 69.425183 
-11.600000 70.094562 
-11.500000 68.739831 
-11.400000 70.578143 
-11.300000 70.036148 
-11.200000 69.910955 
-11.100000 70.301700 
-11.000000 71.087110 
-10.900000 69.501361 
-10.800000 70.977943 
-10.700000 70.170219 
-10.600000 69.370600 
-10.500000 71.554454 
-10.400000 71.514412 
-10.300000 71.562743 
-10.200000 71.743791 
-10.100000 72.002138 
-10.000000 69.936860 
-9.900000 70.402729 
-9.800000 70.953894 
-9.700000 71.546443 
-9.600000 72.088156 
-9.500000 72.588893 
-9.400000 70.314563 
-9.300000 70.586987 
-9.200000 70.795277 
-9.100000 70.840975 
-9.000000 70.680052 
-8.900000 72.913194 
-8.800000 72.213521 
-8.700000 71.194575 
-8.600000 72.458778 
-8.500000 73.440240 
-8.400000 71.337211 
-8.300000 71.347391 
-8.200000 73.653715 
-8.100000 72.728759 
-8.000000 73.925105 
-7.900000 71.848509 
-7.800000 71.800021 
-7.700000 73.784793 
-7.600000 72.342760 
-7.500000 72.834637 
-7.400000 72.562395 
-7.300000 74.201814 
-7.200000 72.037385 
-7.100000 74.534299 
-7.000000 73.365180 
-6.900000 73.913826 
-6.800000 73.358891 
-6.700000 74.452145 
-6.600000 74.445586 
-6.500000 73.191955 
-6.400000 73.378794 
-6.300000 75.086479 
-6.200000 75.406750 
-6.100000 74.406971 
-6.000000 74.682575 
-5.900000 73.536821 
-5.800000 73.531621 
-5.700000 74.731263 
-5.600000 74.266182 
-5.500000 74.827542 
-5.400000 73.732495 
-5.300000 73.644716 
-5.200000 74.502671 
-5.100000 76.024500 
-5.000000 75.727894 
-4.900000 76.182408 
-4.800000 74.461994 
-4.700000 76.208633 
-4.600000 75.904665 
-4.500000 76.075703 
-4.400000 76.552408 
-4.300000 74.801887 
-4.200000 76.106681 
-4.100000 75.175523 
-4.000000 76.992114 
-3.900000 76.215683 
-3.800000 75.762168 
-3.700000 75.239825 
-3.600000 77.352274 
-3.500000 76.620612 
-3.400000 75.921306 
-3.300000 77.653112 
-3.200000 76.339222 
-3.100000 77.476380 
-3.000000 75.566049 
-2.900000 75.780418 
-2.800000 78.190236 
-2.700000 77.305597 
-2.600000 75.692483 
-2.500000 76.048228 
-2.400000 78.341016 
-2.300000 76.967557 
-2.200000 77.457332 
-2.100000 76.716343 
-2.000000 77.731365 
-1.900000 77.460626 
-1.800000 78.634766 
-1.700000 78.542356 
-1.600000 77.052576 
-1.500000 76.566396 
-1.400000 77.342884 
-1.300000 79.146427 
-1.200000 79.315353 
-1.100000 77.513590 
-1.000000 79.294526 
-0.900000 78.986393 
-0.800000 79.398482 
-0.700000 77.594977 
-0.600000 78.982533 
-0.500000 77.913692 
-0.400000 77.299272 
-0.300000 79.394547 
-0.200000 79.038930 
-0.100000 78.556864 
