-40.000000 41.234196 
-39.900000 41.653202 
-39.800000 42.736092 
-39.700000 41.525847 
-39.600000 42.509420 
-39.500000 42.147616 
-39.400000 42.793716 
-39.300000 41.231876 
-39.200000 42.244285 
-39.100000 41.715718 
-39.000000 42.293590 
-38.900000 42.188888 
-38.800000 41.736061 
-38.700000 43.807367 
-38.600000 43.663411 
-38.500000 43.844899 
-38.400000 42.939959 
-38.300000 43.958508 
-38.200000 43.878582 
-38.100000 42.646687 
-38.000000 43.702863 
-37.900000 42.524482 
-37.800000 44.071070 
-37.700000 44.915133 
-37.600000 43.863003 
-37.500000 44.256157 
-37.400000 44.296522 
-37.300000 45.024506 
-37.200000 45.381986 
-37.100000 45.169172 
-37.000000 45.215583 
-36.900000 45.661948 
-36.800000 44.740000 
-36.700000 44.926827 
-36.600000 45.039660 
-36.500000 46.149743 
-36.400000 44.913176 
-36.300000 44.813416 
-36.200000 45.508297 
-36.100000 46.531016 
-36.000000 45.438974 
-35.900000 46.033745 
-35.800000 46.517470 
-35.700000 44.682569 
-35.600000 44.852252 
-35.500000 45.292861 
-35.400000 45.037609 
-35.300000 47.463996 
-35.200000 46.977075 
-35.100000 46.647302 
-35.000000 46.228697 
-34.900000 47.066860 
-34.800000 46.996979 
-34.700000 47.288890 
-34.600000 46.012297 
-34.500000 47.574848 
-34.400000 47.339913 
-34.300000 47.527089 
-34.200000 48.243613 
-34.100000 48.477334 
-34.000000 47.560074 
-33.900000 47.964420 
-33.800000 47.143321 
-33.700000 48.974503 
-33.600000 48.238635 
-33.500000 46.962236 
-33.400000 48.266093 
-33.300000 48.960318 
-33.200000 48.639237 
-33.100000 48.142203 
-33.000000 47.294936 
-32.900000 47.970732 
-32.800000 49.591725 
-32.700000 49.679736 
-32.600000 48.280506 
-32.500000 49.287888 
-32.400000 48.820432 
-32.300000 50.033190 
-32.200000 50.424552 
-32.100000 48.574515 
-32.000000 49.290673 
-31.900000 49.215021 
-31.800000 50.663218 
-31.700000 50.238659 
-31.600000 49.608110 
-31.500000 50.829519 
-31.400000 49.670181 
-31.300000 50.499100 
-31.200000 50.613991 
-31.100000 51.026756 
-31.000000 51.677325 
-30.900000 51.479092 
-30.800000 50.949362 
-30.700000 50.800599 
-30.600000 50.834684 
-30.500000 51.794651 
-30.400000 50.585345 
-30.300000 51.131177 
-30.200000 51.336500 
-30.100000 50.332049 
-30.000000 52.239710 
-29.900000 51.817108 
-29.800000 51.503669 
-29.700000 52.102049 
-29.600000 52.525476 
-29.500000 52.610223 
-29.400000 52.560182 
-29.300000 52.585225 
-29.200000 51.952574 
-29.100000 52.650639 
-29.000000 52.105170 
-28.900000 51.727144 
-28.800000 52.221285 
-28.700000 52.591335 
-28.600000 51.789468 
-28.500000 53.055920 
-28.400000 52.553804 
-28.300000 52.941901 
-28.200000 53.768936 
-28.100000 53.400192 
-28.000000 53.200423 
-27.900000 53.527898 
-27.800000 54.657566 
-27.700000 55.076305 
-27.600000 53.245373 
-27.500000 53.405998 
-27.400000 55.217743 
-27.300000 54.693602 
-27.200000 53.597712 
-27.100000 54.297660 
-27.000000 54.220304 
-26.900000 54.822980 
-26.800000 53.770707 
-26.700000 55.560207 
-26.600000 54.252524 
-26.500000 55.316203 
-26.400000 54.236191 
-26.300000 55.922292 
-26.200000 55.195678 
-26.100000 56.008829 
-26.000000 54.900994 
-25.900000 56.640828 
-25.800000 55.874191 
-25.700000 55.334406 
-25.600000 56.106236 
-25.500000 56.633709 
-25.400000 55.632175 
-25.300000 55.663977 
-25.200000 56.194411 
-25.100000 57.131296 
-25.000000 56.837681 
-24.900000 56.254890 
-24.800000 56.321567 
-24.700000 56.500890 
-24.600000 56.866811 
-24.500000 56.517021 
-24.400000 58.073748 
-24.300000 56.555624 
-24.200000 56.325997 
-24.100000 56.538887 
-24.000000 56.976563 
-23.900000 58.018073 
-23.800000 58.265673 
-23.700000 57.658579 
-23.600000 57.027180 
-23.500000 57.722739 
-23.400000 57.755511 
-23.300000 56.795122 
-23.200000 57.982669 
-23.100000 58.340538 
-23.000000 57.865917 
-22.900000 59.259153 
-22.800000 57.390911 
-22.700000 59.175895 
-22.600000 58.363845 
-22.500000 59.255118 
-22.400000 60.019249 
-22.300000 59.354211 
-22.200000 60.036013 
-22.100000 58.256300 
-22.000000 60.111208 
-21.900000 58.507686 
-21.800000 58.985648 
-21.700000 57.922526 
-21.600000 58.507266 
-21.500000 59.282752 
-21.400000 59.155672 
-21.300000 60.420775 
-21.200000 60.032702 
-21.100000 59.213073 
-21.000000 59.872078 
-20.900000 60.242896 
-20.800000 61.224404 
-20.700000 59.600147 
-20.600000 61.351155 
-20.500000 60.244699 
-20.400000 60.916050 
-20.300000 61.655256 
-20.200000 60.310859 
-20.100000 59.737520 
-20.000000 61.044853 
-19.900000 61.318160 
-19.800000 59.358663 
-19.700000 60.392911 
-19.600000 61.898251 
-19.500000 61.110666 
-19.400000 61.114540 
-19.300000 61.634367 
-19.200000 61.793174 
-19.100000 60.298770 
-19.000000 60.568250 
-18.900000 62.183407 
-18.800000 62.082318 
-18.700000 61.170031 
-18.600000 61.900433 
-18.500000 61.707902 
-18.400000 61.674005 
-18.300000 61.829588 
-18.200000 61.070691 
-18.100000 60.942206 
-18.000000 62.044830 
-17.900000 61.023542 
-17.800000 61.734096 
-17.700000 61.543545 
-17.600000 61.613675 
-17.500000 62.534369 
-17.400000 61.684801 
-17.300000 61.508146 
-17.200000 62.264718 
-17.100000 62.743602 
-17.000000 62.355722 
-16.900000 61.873691 
-16.800000 62.881625 
-16.700000 63.808706 
-16.600000 62.019291 
-16.500000 64.411118 
-16.400000 62.696605 
-16.300000 63.732188 
-16.200000 63.100711 
-16.100000 63.984822 
-16.000000 63.178955 
-15.900000 63.007011 
-15.800000 63.935904 
-15.700000 62.036911 
-15.600000 63.376878 
-15.500000 63.776107 
-15.400000 64.551679 
-15.300000 64.868449 
-15.200000 64.531748 
-15.100000 64.172043 
-15.000000 64.091573 
-14.900000 63.521808 
-14.800000 64.809776 
-14.700000 65.530371 
-14.600000 64.858354 
-14.500000 65.139191 
-14.400000 65.714730 
-14.300000 63.869264 
-14.200000 65.742142 
-14.100000 64.000261 
-14.000000 65.945326 
-13.900000 66.400638 
-13.800000 65.176190 
-13.700000 65.797324 
-13.600000 64.997212 
-13.500000 64.052170 
-13.400000 65.193816 
-13.300000 65.073885 
-13.200000 65.330432 
-13.100000 65.114620 
-13.000000 64.941867 
-12.900000 64.122788 
-12.800000 65.162920 
-12.700000 64.554318 
-12.600000 65.333151 
-12.500000 64.377886 
-12.400000 64.616128 
-12.300000 64.831335 
-12.200000 64.191641 
-12.100000 64.385237 
-12.000000 64.983141 
-11.900000 64.589528 
-11.800000 64.656406 
-11.700000 65.290738 
-11.600000 65.691780 
-11.500000 64.425789 
-11.400000 64.844181 
-11.300000 64.752705 
-11.200000 64.503484 
-11.100000 66.217355 
-11.000000 65.779944 
-10.900000 65.552022 
-10.800000 65.730734 
-10.700000 65.501046 
-10.600000 65.209925 
-10.500000 65.799539 
-10.400000 65.769430 
-10.300000 66.717437 
-10.200000 66.927229 
-10.100000 65.369033 
-10.000000 67.320682 
-9.900000 65.979308 
-9.800000 66.585368 
-9.700000 65.787974 
-9.600000 66.777079 
-9.500000 67.128327 
-9.400000 66.693579 
-9.300000 66.704614 
-9.200000 67.763825 
-9.100000 65.005908 
-9.000000 67.057287 
-8.900000 67.034201 
-8.800000 68.041590 
-8.700000 66.410268 
-8.600000 66.233651 
-8.500000 65.862895 
-8.400000 68.186074 
-8.300000 67.599564 
-8.200000 67.396909 
-8.100000 65.757205 
-8.000000 67.881230 
-7.900000 67.018568 
-7.800000 67.950234 
-7.700000 66.598872 
-7.600000 66.201065 
-7.500000 67.459804 
-7.400000 67.413562 
-7.300000 68.075018 
-7.200000 66.863925 
-7.100000 65.836001 
-7.000000 65.473651 
-6.900000 62.524458 
-6.800000 65.604210 
-6.700000 65.412337 
-6.600000 64.307001 
-6.500000 66.796394 
-6.400000 62.582286 
-6.300000 64.993910 
-6.200000 63.846631 
-6.100000 58.146873 
-6.000000 52.357588 
-5.900000 60.614899 
-5.800000 45.368476 
-5.700000 36.874816 
-5.600000 34.225383 
-5.500000 32.857990 
-5.400000 37.217854 
-5.300000 32.264521 
-5.200000 33.513861 
-5.100000 29.763778 
-5.000000 30.401219 
-4.900000 30.207066 
-4.800000 34.834888 
-4.700000 33.330506 
-4.600000 30.524901 
-4.500000 28.100210 
-4.400000 28.233864 
-4.300000 26.818912 
-4.200000 28.442229 
-4.100000 24.120157 
-4.000000 26.594591 
-3.900000 28.028703 
-3.800000 28.795379 
-3.700000 23.942312 
-3.600000 22.637605 
-3.500000 22.729818 
-3.400000 24.097913 
-3.300000 22.068678 
-3.200000 25.404673 
-3.100000 21.831796 
-3.000000 20.329731 
-2.900000 23.631348 
-2.800000 22.070316 
-2.700000 20.094341 
-2.600000 18.437363 
-2.500000 18.926643 
-2.400000 18.484406 
-2.300000 18.676522 
-2.200000 19.073752 
-2.100000 17.609158 
-2.000000 16.297645 
-1.900000 16.727494 
-1.800000 16.835879 
-1.700000 16.380627 
-1.600000 18.445232 
-1.500000 15.230722 
-1.400000 15.318997 
-1.300000 16.142285 
-1.200000 14.672241 
-1.100000 15.489108 
-1.000000 15.729470 
-0.900000 14.240342 
-0.800000 14.039042 
-0.700000 14.983249 
-0.600000 13.832039 
-0.500000 14.547885 
-0.400000 15.097559 
-0.300000 12.583761 
-0.200000 12.940913 
-0.100000 12.812895 
