-40.000000 40.650643 
-39.900000 41.478228 
-39.800000 42.946389 
-39.700000 41.512144 
-39.600000 42.873171 
-39.500000 42.539643 
-39.400000 43.326331 
-39.300000 41.968110 
-39.200000 42.553260 
-39.100000 42.244066 
-39.000000 41.960819 
-38.900000 41.541085 
-38.800000 41.467203 
-38.700000 44.329000 
-38.600000 43.327698 
-38.500000 43.347774 
-38.400000 44.381501 
-38.300000 45.230532 
-38.200000 43.605937 
-38.100000 41.823201 
-38.000000 43.877151 
-37.900000 43.795721 
-37.800000 44.712006 
-37.700000 45.393435 
-37.600000 44.438402 
-37.500000 45.120113 
-37.400000 44.608872 
-37.300000 44.994532 
-37.200000 46.212825 
-37.100000 44.949310 
-37.000000 46.037079 
-36.900000 45.369397 
-36.800000 45.124457 
-36.700000 45.285389 
-36.600000 44.765529 
-36.500000 47.185341 
-36.400000 44.671848 
-36.300000 44.720513 
-36.200000 46.206010 
-36.100000 46.674041 
-36.000000 45.897282 
-35.900000 47.080083 
-35.800000 47.698032 
-35.700000 45.208548 
-35.600000 45.274799 
-35.500000 45.681848 
-35.400000 46.017856 
-35.300000 47.632103 
-35.200000 47.463479 
-35.100000 47.516881 
-35.000000 46.095864 
-34.900000 47.640285 
-34.800000 45.908489 
-34.700000 47.071526 
-34.600000 45.790226 
-34.500000 47.935946 
-34.400000 46.963434 
-34.300000 48.184782 
-34.200000 48.650456 
-34.100000 48.547988 
-34.000000 47.595217 
-33.900000 47.170326 
-33.800000 48.025859 
-33.700000 49.321165 
-33.600000 49.011306 
-33.500000 46.809276 
-33.400000 49.281006 
-33.300000 48.820481 
-33.200000 48.899671 
-33.100000 47.801416 
-33.000000 47.016519 
-32.900000 48.072140 
-32.800000 49.682960 
-32.700000 49.726443 
-32.600000 48.278881 
-32.500000 48.983820 
-32.400000 48.591311 
-32.300000 50.199789 
-32.200000 50.367564 
-32.100000 49.282778 
-32.000000 49.206829 
-31.900000 49.920676 
-31.800000 51.235793 
-31.700000 50.813273 
-31.600000 50.361729 
-31.500000 50.416616 
-31.400000 49.904754 
-31.300000 51.554853 
-31.200000 51.101432 
-31.100000 51.283519 
-31.000000 50.482744 
-30.900000 51.777981 
-30.800000 50.843363 
-30.700000 49.961846 
-30.600000 52.248001 
-30.500000 52.528711 
-30.400000 51.058831 
-30.300000 51.131185 
-30.200000 51.917443 
-30.100000 51.278329 
-30.000000 51.910862 
-29.900000 52.616806 
-29.800000 51.831469 
-29.700000 52.542304 
-29.600000 52.714028 
-29.500000 52.449017 
-29.400000 53.031203 
-29.300000 53.186150 
-29.200000 52.196489 
-29.100000 53.744208 
-29.000000 52.063702 
-28.900000 52.469950 
-28.800000 52.503862 
-28.700000 53.174280 
-28.600000 51.816526 
-28.500000 54.504943 
-28.400000 53.108258 
-28.300000 52.880430 
-28.200000 54.660807 
-28.100000 53.326745 
-28.000000 54.269950 
-27.900000 53.374827 
-27.800000 55.359602 
-27.700000 54.561181 
-27.600000 54.128080 
-27.500000 53.944364 
-27.400000 55.944454 
-27.300000 55.001800 
-27.200000 54.169938 
-27.100000 53.823738 
-27.000000 54.863091 
-26.900000 54.531242 
-26.800000 54.111487 
-26.700000 56.460044 
-26.600000 55.390103 
-26.500000 54.925690 
-26.400000 53.498752 
-26.300000 55.604148 
-26.200000 55.783378 
-26.100000 56.643374 
-26.000000 54.636378 
-25.900000 57.196733 
-25.800000 56.215761 
-25.700000 54.898826 
-25.600000 55.606522 
-25.500000 56.942873 
-25.400000 56.487872 
-25.300000 56.051999 
-25.200000 57.363124 
-25.100000 57.690151 
-25.000000 57.367327 
-24.900000 57.016962 
-24.800000 57.291869 
-24.700000 57.119012 
-24.600000 57.534438 
-24.500000 58.013707 
-24.400000 57.073677 
-24.300000 57.645634 
-24.200000 56.687238 
-24.100000 56.935957 
-24.000000 57.302699 
-23.900000 58.163891 
-23.800000 58.699144 
-23.700000 58.461339 
-23.600000 57.989276 
-23.500000 57.730976 
-23.400000 58.164187 
-23.300000 58.017802 
-23.200000 57.311378 
-23.100000 58.809121 
-23.000000 58.247571 
-22.900000 59.818356 
-22.800000 57.511500 
-22.700000 60.895497 
-22.600000 59.194707 
-22.500000 59.474402 
-22.400000 60.145102 
-22.300000 60.383080 
-22.200000 60.289762 
-22.100000 58.791072 
-22.000000 60.605741 
-21.900000 59.539567 
-21.800000 59.017193 
-21.700000 59.429485 
-21.600000 59.913643 
-21.500000 59.547703 
-21.400000 59.312378 
-21.300000 60.281058 
-21.200000 60.377315 
-21.100000 59.598327 
-21.000000 60.503439 
-20.900000 61.075758 
-20.800000 61.525705 
-20.700000 59.867235 
-20.600000 62.766335 
-20.500000 60.410281 
-20.400000 61.688930 
-20.300000 62.005120 
-20.200000 60.383977 
-20.100000 61.888914 
-20.000000 61.530656 
-19.900000 61.964612 
-19.800000 61.552248 
-19.700000 61.620479 
-19.600000 62.139834 
-19.500000 62.579831 
-19.400000 61.609578 
-19.300000 62.729048 
-19.200000 63.211421 
-19.100000 61.855582 
-19.000000 62.140397 
-18.900000 63.379223 
-18.800000 63.421958 
-18.700000 63.594193 
-18.600000 63.564652 
-18.500000 63.631828 
-18.400000 63.379890 
-18.300000 63.337248 
-18.200000 63.185823 
-18.100000 62.576627 
-18.000000 64.738442 
-17.900000 63.006626 
-17.800000 63.645309 
-17.700000 62.900711 
-17.600000 62.614630 
-17.500000 64.498771 
-17.400000 64.843910 
-17.300000 62.357585 
-17.200000 63.788448 
-17.100000 64.815464 
-17.000000 64.394729 
-16.900000 63.847792 
-16.800000 64.657103 
-16.700000 65.360673 
-16.600000 64.213412 
-16.500000 65.911216 
-16.400000 64.774252 
-16.300000 65.280509 
-16.200000 64.662046 
-16.100000 65.417273 
-16.000000 65.126433 
-15.900000 66.571449 
-15.800000 66.249825 
-15.700000 65.605508 
-15.600000 65.316514 
-15.500000 65.949249 
-15.400000 66.827239 
-15.300000 67.290114 
-15.200000 67.890883 
-15.100000 66.687577 
-15.000000 66.774101 
-14.900000 64.932842 
-14.800000 66.282611 
-14.700000 67.172538 
-14.600000 67.939521 
-14.500000 67.341358 
-14.400000 67.626935 
-14.300000 66.927405 
-14.200000 69.112125 
-14.100000 67.646712 
-14.000000 68.889549 
-13.900000 68.659762 
-13.800000 67.667548 
-13.700000 68.188944 
-13.600000 67.491119 
-13.500000 66.447777 
-13.400000 67.829368 
-13.300000 68.046702 
-13.200000 67.666611 
-13.100000 68.435417 
-13.000000 68.560883 
-12.900000 67.870780 
-12.800000 69.649272 
-12.700000 68.746024 
-12.600000 69.422195 
-12.500000 69.348418 
-12.400000 68.169083 
-12.300000 69.584749 
-12.200000 68.901974 
-12.100000 68.758098 
-12.000000 69.703339 
-11.900000 69.347350 
-11.800000 69.819511 
-11.700000 69.518375 
-11.600000 70.477797 
-11.500000 68.553267 
-11.400000 69.668871 
-11.300000 70.331781 
-11.200000 69.857630 
-11.100000 68.675773 
-11.000000 71.144400 
-10.900000 70.955705 
-10.800000 72.042593 
-10.700000 69.713893 
-10.600000 69.460733 
-10.500000 71.702981 
-10.400000 71.056366 
-10.300000 70.996800 
-10.200000 72.425641 
-10.100000 71.998303 
-10.000000 72.591818 
-9.900000 71.102301 
-9.800000 72.641264 
-9.700000 71.669632 
-9.600000 73.591585 
-9.500000 71.852355 
-9.400000 72.137556 
-9.300000 72.720102 
-9.200000 72.496273 
-9.100000 72.050395 
-9.000000 72.917944 
-8.900000 73.201772 
-8.800000 73.101948 
-8.700000 72.666355 
-8.600000 72.761283 
-8.500000 73.574347 
-8.400000 73.741548 
-8.300000 74.222240 
-8.200000 73.087257 
-8.100000 72.367889 
-8.000000 73.740337 
-7.900000 73.098409 
-7.800000 73.831633 
-7.700000 74.288837 
-7.600000 73.265457 
-7.500000 74.042843 
-7.400000 73.833680 
-7.300000 73.493063 
-7.200000 75.638660 
-7.100000 74.112294 
-7.000000 74.822095 
-6.900000 75.257825 
-6.800000 74.437763 
-6.700000 75.524577 
-6.600000 74.172783 
-6.500000 75.194309 
-6.400000 74.596255 
-6.300000 74.690589 
-6.200000 76.014979 
-6.100000 74.106167 
-6.000000 75.505978 
-5.900000 76.471585 
-5.800000 75.564286 
-5.700000 76.989485 
-5.600000 74.348481 
-5.500000 74.812930 
-5.400000 75.917605 
-5.300000 76.961080 
-5.200000 75.764233 
-5.100000 76.296611 
-5.000000 75.738533 
-4.900000 77.221376 
-4.800000 76.685903 
-4.700000 75.074857 
-4.600000 77.142524 
-4.500000 77.918184 
-4.400000 76.465410 
-4.300000 76.565541 
-4.200000 78.287191 
-4.100000 77.652329 
-4.000000 76.128438 
-3.900000 76.954084 
-3.800000 77.430866 
-3.700000 76.651172 
-3.600000 76.143528 
-3.500000 77.159926 
-3.400000 78.506265 
-3.300000 77.305246 
-3.200000 77.435407 
-3.100000 77.121654 
-3.000000 77.565516 
-2.900000 77.896330 
-2.800000 78.556986 
-2.700000 78.297468 
-2.600000 79.140869 
-2.500000 77.272312 
-2.400000 78.398406 
-2.300000 78.703591 
-2.200000 79.794823 
-2.100000 79.366232 
-2.000000 80.311464 
-1.900000 80.402336 
-1.800000 79.657035 
-1.700000 77.725634 
-1.600000 78.451161 
-1.500000 80.291070 
-1.400000 79.604032 
-1.300000 79.576311 
-1.200000 79.534635 
-1.100000 79.333225 
-1.000000 78.812049 
-0.900000 79.234107 
-0.800000 80.601230 
-0.700000 80.088792 
-0.600000 80.043580 
-0.500000 80.588619 
-0.400000 80.080016 
-0.300000 82.123019 
-0.200000 80.071095 
-0.100000 80.857816 
