-40.000000 41.168223 
-39.900000 41.534181 
-39.800000 42.456348 
-39.700000 41.735604 
-39.600000 42.033508 
-39.500000 42.082685 
-39.400000 43.372944 
-39.300000 42.021180 
-39.200000 41.772303 
-39.100000 41.823178 
-39.000000 42.410147 
-38.900000 42.200538 
-38.800000 41.753778 
-38.700000 43.654100 
-38.600000 43.344505 
-38.500000 43.684154 
-38.400000 42.852119 
-38.300000 44.416838 
-38.200000 43.960420 
-38.100000 42.586239 
-38.000000 44.116383 
-37.900000 42.715434 
-37.800000 43.901891 
-37.700000 44.662047 
-37.600000 43.476045 
-37.500000 44.351624 
-37.400000 44.229894 
-37.300000 45.116371 
-37.200000 45.290879 
-37.100000 44.746378 
-37.000000 45.357916 
-36.900000 45.519448 
-36.800000 44.886013 
-36.700000 45.146949 
-36.600000 44.837587 
-36.500000 45.908065 
-36.400000 44.844442 
-36.300000 44.558271 
-36.200000 45.420190 
-36.100000 46.423921 
-36.000000 45.726920 
-35.900000 46.131122 
-35.800000 46.740949 
-35.700000 44.677632 
-35.600000 45.133457 
-35.500000 45.197134 
-35.400000 45.221198 
-35.300000 47.379289 
-35.200000 47.200623 
-35.100000 47.093820 
-35.000000 46.332840 
-34.900000 47.373239 
-34.800000 46.502906 
-34.700000 47.200846 
-34.600000 46.176581 
-34.500000 47.463339 
-34.400000 47.620534 
-34.300000 47.650631 
-34.200000 48.341108 
-34.100000 47.997633 
-34.000000 47.908332 
-33.900000 48.203615 
-33.800000 47.503036 
-33.700000 49.078017 
-33.600000 48.227796 
-33.500000 47.017089 
-33.400000 47.697591 
-33.300000 49.015973 
-33.200000 48.889166 
-33.100000 47.892962 
-33.000000 47.590003 
-32.900000 47.929213 
-32.800000 49.100880 
-32.700000 49.476507 
-32.600000 48.656410 
-32.500000 49.557450 
-32.400000 48.646637 
-32.300000 49.587148 
-32.200000 49.958930 
-32.100000 48.924129 
-32.000000 49.200313 
-31.900000 49.449106 
-31.800000 50.574112 
-31.700000 50.098015 
-31.600000 49.744902 
-31.500000 50.269849 
-31.400000 49.277119 
-31.300000 50.544299 
-31.200000 50.928833 
-31.100000 50.933997 
-31.000000 51.499299 
-30.900000 50.946055 
-30.800000 50.243386 
-30.700000 50.416794 
-30.600000 50.869021 
-30.500000 51.681019 
-30.400000 50.470464 
-30.300000 50.976621 
-30.200000 51.208380 
-30.100000 50.557407 
-30.000000 51.835867 
-29.900000 51.732705 
-29.800000 51.309931 
-29.700000 52.120777 
-29.600000 52.269087 
-29.500000 52.582304 
-29.400000 52.671458 
-29.300000 52.301022 
-29.200000 51.639752 
-29.100000 52.607043 
-29.000000 51.529473 
-28.900000 51.706262 
-28.800000 52.676064 
-28.700000 52.574196 
-28.600000 51.768251 
-28.500000 53.442368 
-28.400000 52.062747 
-28.300000 53.050508 
-28.200000 53.621448 
-28.100000 53.353203 
-28.000000 53.545295 
-27.900000 52.942739 
-27.800000 54.025594 
-27.700000 54.676184 
-27.600000 52.852994 
-27.500000 52.889430 
-27.400000 54.770824 
-27.300000 54.559102 
-27.200000 53.408790 
-27.100000 54.143850 
-27.000000 53.954416 
-26.900000 54.529884 
-26.800000 53.843620 
-26.700000 54.888171 
-26.600000 53.973730 
-26.500000 54.231935 
-26.400000 54.038608 
-26.300000 55.046136 
-26.200000 54.794892 
-26.100000 55.552626 
-26.000000 54.654762 
-25.900000 55.899407 
-25.800000 55.500402 
-25.700000 55.184650 
-25.600000 55.577996 
-25.500000 56.087371 
-25.400000 55.571905 
-25.300000 55.042381 
-25.200000 55.842124 
-25.100000 56.529629 
-25.000000 56.094827 
-24.900000 56.324178 
-24.800000 55.760709 
-24.700000 56.359473 
-24.600000 56.467532 
-24.500000 56.165221 
-24.400000 56.809795 
-24.300000 55.957019 
-24.200000 55.655023 
-24.100000 56.031438 
-24.000000 56.831250 
-23.900000 57.421059 
-23.800000 57.872882 
-23.700000 57.200252 
-23.600000 56.514713 
-23.500000 57.287072 
-23.400000 57.014555 
-23.300000 56.580084 
-23.200000 57.225716 
-23.100000 57.799430 
-23.000000 57.431175 
-22.900000 58.611745 
-22.800000 57.289031 
-22.700000 58.537359 
-22.600000 58.542324 
-22.500000 59.073123 
-22.400000 59.190770 
-22.300000 58.708067 
-22.200000 59.261169 
-22.100000 57.764037 
-22.000000 59.437534 
-21.900000 58.071967 
-21.800000 58.594455 
-21.700000 57.908652 
-21.600000 58.737969 
-21.500000 58.803424 
-21.400000 58.395797 
-21.300000 59.581077 
-21.200000 59.175279 
-21.100000 58.877367 
-21.000000 59.681057 
-20.900000 59.699145 
-20.800000 60.284922 
-20.700000 59.224523 
-20.600000 60.045083 
-20.500000 59.592121 
-20.400000 59.293932 
-20.300000 60.505170 
-20.200000 58.768531 
-20.100000 59.528716 
-20.000000 59.977263 
-19.900000 60.288261 
-19.800000 58.839864 
-19.700000 59.010149 
-19.600000 60.145351 
-19.500000 59.485040 
-19.400000 59.212445 
-19.300000 59.861908 
-19.200000 60.159385 
-19.100000 59.184685 
-19.000000 59.455712 
-18.900000 60.466425 
-18.800000 60.288772 
-18.700000 60.362799 
-18.600000 60.523068 
-18.500000 60.482532 
-18.400000 60.420672 
-18.300000 60.506984 
-18.200000 60.500147 
-18.100000 60.683945 
-18.000000 60.830919 
-17.900000 60.461015 
-17.800000 60.859016 
-17.700000 60.618504 
-17.600000 60.537619 
-17.500000 61.349762 
-17.400000 61.547145 
-17.300000 60.753892 
-17.200000 61.234312 
-17.100000 61.265281 
-17.000000 61.140970 
-16.900000 61.702606 
-16.800000 62.237088 
-16.700000 62.487270 
-16.600000 61.868751 
-16.500000 62.951149 
-16.400000 61.631025 
-16.300000 62.576980 
-16.200000 62.148381 
-16.100000 62.646532 
-16.000000 62.494261 
-15.900000 62.578747 
-15.800000 62.549497 
-15.700000 62.111504 
-15.600000 62.512132 
-15.500000 63.083897 
-15.400000 62.676465 
-15.300000 64.042646 
-15.200000 63.816181 
-15.100000 63.302145 
-15.000000 62.484984 
-14.900000 62.754669 
-14.800000 63.682052 
-14.700000 63.776512 
-14.600000 64.390972 
-14.500000 64.013617 
-14.400000 64.483127 
-14.300000 63.158412 
-14.200000 63.759723 
-14.100000 63.488863 
-14.000000 63.151280 
-13.900000 63.153555 
-13.800000 61.950006 
-13.700000 62.916490 
-13.600000 62.682559 
-13.500000 61.647477 
-13.400000 61.856492 
-13.300000 61.722276 
-13.200000 62.037382 
-13.100000 62.340112 
-13.000000 62.853157 
-12.900000 62.565113 
-12.800000 62.906290 
-12.700000 62.218288 
-12.600000 62.562315 
-12.500000 62.314337 
-12.400000 62.347073 
-12.300000 63.067474 
-12.200000 62.718118 
-12.100000 63.069693 
-12.000000 63.736854 
-11.900000 63.516127 
-11.800000 63.715814 
-11.700000 63.638524 
-11.600000 63.659124 
-11.500000 63.518055 
-11.400000 63.695840 
-11.300000 63.244337 
-11.200000 63.423134 
-11.100000 63.955921 
-11.000000 64.232892 
-10.900000 64.328276 
-10.800000 64.314120 
-10.700000 64.122704 
-10.600000 63.613888 
-10.500000 64.719323 
-10.400000 64.462865 
-10.300000 64.921384 
-10.200000 65.339078 
-10.100000 64.670816 
-10.000000 65.722847 
-9.900000 64.686595 
-9.800000 65.253404 
-9.700000 64.754971 
-9.600000 65.104295 
-9.500000 65.574480 
-9.400000 63.763105 
-9.300000 63.822052 
-9.200000 65.936757 
-9.100000 65.743275 
-9.000000 65.891620 
-8.900000 66.150402 
-8.800000 65.140843 
-8.700000 66.009570 
-8.600000 64.519866 
-8.500000 65.139117 
-8.400000 66.450870 
-8.300000 62.240495 
-8.200000 63.754421 
-8.100000 62.922266 
-8.000000 65.078206 
-7.900000 63.122811 
-7.800000 63.604411 
-7.700000 61.609014 
-7.600000 63.300132 
-7.500000 60.075779 
-7.400000 59.703177 
-7.300000 57.360629 
-7.200000 62.899584 
-7.100000 63.826326 
-7.000000 59.984122 
-6.900000 55.675904 
-6.800000 50.000000 
-6.700000 51.537105 
-6.600000 44.749193 
-6.500000 58.317363 
-6.400000 48.902600 
-6.300000 38.193599 
-6.200000 40.809566 
-6.100000 40.703797 
-6.000000 38.235008 
-5.900000 38.722232 
-5.800000 42.277987 
-5.700000 35.581054 
-5.600000 31.653191 
-5.500000 37.294715 
-5.400000 31.996831 
-5.300000 31.442011 
-5.200000 32.596699 
-5.100000 30.045070 
-5.000000 30.380126 
-4.900000 27.991840 
-4.800000 28.323397 
-4.700000 28.561784 
-4.600000 27.526350 
-4.500000 27.711790 
-4.400000 27.165975 
-4.300000 26.399338 
-4.200000 25.579772 
-4.100000 24.775997 
-4.000000 25.168483 
-3.900000 25.262444 
-3.800000 23.960973 
-3.700000 23.822697 
-3.600000 23.179706 
-3.500000 22.720022 
-3.400000 22.887844 
-3.300000 22.049998 
-3.200000 21.445747 
-3.100000 21.179760 
-3.000000 20.433485 
-2.900000 20.734889 
-2.800000 20.161168 
-2.700000 19.566094 
-2.600000 18.797250 
-2.500000 18.136072 
-2.400000 18.615179 
-2.300000 18.759504 
-2.200000 17.805545 
-2.100000 17.992717 
-2.000000 17.395919 
-1.900000 17.452604 
-1.800000 16.904938 
-1.700000 16.910041 
-1.600000 16.799896 
-1.500000 16.132210 
-1.400000 15.697840 
-1.300000 15.482005 
-1.200000 15.597747 
-1.100000 14.661523 
-1.000000 14.796596 
-0.900000 14.842550 
-0.800000 14.689066 
-0.700000 13.979546 
-0.600000 13.570566 
-0.500000 13.391462 
-0.400000 13.244249 
-0.300000 12.859492 
-0.200000 13.229791 
-0.100000 12.943533 
