-40.000000 41.311717 
-39.900000 41.774760 
-39.800000 42.024783 
-39.700000 42.233904 
-39.600000 41.955964 
-39.500000 42.463486 
-39.400000 41.982445 
-39.300000 42.447842 
-39.200000 43.080079 
-39.100000 42.212384 
-39.000000 42.319569 
-38.900000 42.511893 
-38.800000 43.186962 
-38.700000 42.950356 
-38.600000 43.536447 
-38.500000 42.485918 
-38.400000 43.441806 
-38.300000 43.229196 
-38.200000 43.700716 
-38.100000 43.683444 
-38.000000 43.921017 
-37.900000 44.166764 
-37.800000 43.872782 
-37.700000 43.927339 
-37.600000 44.234165 
-37.500000 43.302253 
-37.400000 44.591717 
-37.300000 44.800602 
-37.200000 44.932659 
-37.100000 45.335775 
-37.000000 44.446395 
-36.900000 44.841077 
-36.800000 44.566079 
-36.700000 45.106038 
-36.600000 45.262335 
-36.500000 44.899173 
-36.400000 45.156323 
-36.300000 44.932008 
-36.200000 45.203933 
-36.100000 46.064971 
-36.000000 45.919441 
-35.900000 46.141441 
-35.800000 46.225118 
-35.700000 46.023504 
-35.600000 46.433035 
-35.500000 46.010428 
-35.400000 46.073740 
-35.300000 46.352116 
-35.200000 46.416789 
-35.100000 46.449202 
-35.000000 46.892201 
-34.900000 47.034415 
-34.800000 47.150517 
-34.700000 47.363623 
-34.600000 47.238278 
-34.500000 47.189702 
-34.400000 47.235789 
-34.300000 47.653175 
-34.200000 47.411784 
-34.100000 47.577256 
-34.000000 47.579209 
-33.900000 47.741874 
-33.800000 48.145389 
-33.700000 48.011514 
-33.600000 48.564020 
-33.500000 48.244778 
-33.400000 48.211157 
-33.300000 48.312169 
-33.200000 48.496618 
-33.100000 47.844084 
-33.000000 48.757411 
-32.900000 49.291248 
-32.800000 49.001183 
-32.700000 48.596862 
-32.600000 48.993702 
-32.500000 48.971747 
-32.400000 49.619448 
-32.300000 49.111236 
-32.200000 49.389514 
-32.100000 49.320432 
-32.000000 49.464705 
-31.900000 49.954957 
-31.800000 50.344122 
-31.700000 49.660061 
-31.600000 50.032293 
-31.500000 50.332802 
-31.400000 50.910198 
-31.300000 49.791919 
-31.200000 50.780477 
-31.100000 50.938925 
-31.000000 51.029606 
-30.900000 51.059558 
-30.800000 50.743912 
-30.700000 50.575095 
-30.600000 51.395370 
-30.500000 51.340567 
-30.400000 51.599837 
-30.300000 51.399970 
-30.200000 51.749432 
-30.100000 51.410668 
-30.000000 51.436735 
-29.900000 51.603958 
-29.800000 52.545667 
-29.700000 52.026709 
-29.600000 52.745890 
-29.500000 52.010300 
-29.400000 52.321867 
-29.300000 52.478388 
-29.200000 52.267005 
-29.100000 52.365004 
-29.000000 53.135357 
-28.900000 52.983399 
-28.800000 52.731406 
-28.700000 52.508348 
-28.600000 53.065782 
-28.500000 53.326852 
-28.400000 53.114452 
-28.300000 53.463440 
-28.200000 53.309465 
-28.100000 53.315096 
-28.000000 53.813457 
-27.900000 53.655782 
-27.800000 53.866025 
-27.700000 53.944373 
-27.600000 53.772091 
-27.500000 54.281170 
-27.400000 53.825224 
-27.300000 54.261821 
-27.200000 54.490496 
-27.100000 54.590973 
-27.000000 54.258848 
-26.900000 54.539222 
-26.800000 55.246814 
-26.700000 55.205315 
-26.600000 54.802244 
-26.500000 54.798702 
-26.400000 55.143123 
-26.300000 55.409388 
-26.200000 55.610217 
-26.100000 55.013576 
-26.000000 55.672930 
-25.900000 55.281697 
-25.800000 55.628471 
-25.700000 55.882135 
-25.600000 55.648955 
-25.500000 56.942598 
-25.400000 56.490460 
-25.300000 56.273040 
-25.200000 56.590715 
-25.100000 57.129157 
-25.000000 56.590576 
-24.900000 58.082509 
-24.800000 57.448529 
-24.700000 57.084103 
-24.600000 57.323375 
-24.500000 57.383861 
-24.400000 56.724238 
-24.300000 57.533926 
-24.200000 57.127639 
-24.100000 57.812448 
-24.000000 57.377157 
-23.900000 56.916324 
-23.800000 57.446037 
-23.700000 57.739449 
-23.600000 57.619127 
-23.500000 58.776606 
-23.400000 58.156915 
-23.300000 58.364204 
-23.200000 58.007673 
-23.100000 58.474749 
-23.000000 58.842486 
-22.900000 58.894588 
-22.800000 58.955882 
-22.700000 58.897586 
-22.600000 59.286077 
-22.500000 59.214908 
-22.400000 59.069976 
-22.300000 58.522815 
-22.200000 60.018931 
-22.100000 59.360512 
-22.000000 59.422594 
-21.900000 60.081324 
-21.800000 59.888389 
-21.700000 59.773231 
-21.600000 60.474253 
-21.500000 60.207595 
-21.400000 59.694826 
-21.300000 59.885928 
-21.200000 60.919100 
-21.100000 60.774786 
-21.000000 60.972821 
-20.900000 60.323774 
-20.800000 61.287775 
-20.700000 60.994312 
-20.600000 61.125483 
-20.500000 60.987700 
-20.400000 61.533183 
-20.300000 61.403974 
-20.200000 61.606289 
-20.100000 61.301829 
-20.000000 61.325400 
-19.900000 61.363017 
-19.800000 61.543298 
-19.700000 61.894835 
-19.600000 61.798133 
-19.500000 61.930252 
-19.400000 62.591967 
-19.300000 62.458625 
-19.200000 62.545534 
-19.100000 62.223957 
-19.000000 62.011097 
-18.900000 62.034527 
-18.800000 62.267992 
-18.700000 62.131712 
-18.600000 61.980454 
-18.500000 62.250126 
-18.400000 62.276205 
-18.300000 62.064697 
-18.200000 63.006639 
-18.100000 63.017758 
-18.000000 62.946146 
-17.900000 63.017169 
-17.800000 62.686904 
-17.700000 62.828046 
-17.600000 63.010072 
-17.500000 63.456224 
-17.400000 64.034661 
-17.300000 63.436350 
-17.200000 62.695139 
-17.100000 63.314325 
-17.000000 63.572847 
-16.900000 64.247185 
-16.800000 63.653122 
-16.700000 63.726720 
-16.600000 64.450949 
-16.500000 64.153060 
-16.400000 64.444557 
-16.300000 64.297212 
-16.200000 64.895479 
-16.100000 64.913379 
-16.000000 64.822065 
-15.900000 64.412010 
-15.800000 65.431528 
-15.700000 65.492809 
-15.600000 65.093834 
-15.500000 64.675442 
-15.400000 65.143314 
-15.300000 65.403208 
-15.200000 65.159269 
-15.100000 65.711314 
-15.000000 65.205145 
-14.900000 64.862339 
-14.800000 65.859622 
-14.700000 65.804560 
-14.600000 65.349866 
-14.500000 65.565816 
-14.400000 66.054429 
-14.300000 66.840292 
-14.200000 66.473047 
-14.100000 66.429225 
-14.000000 66.433498 
-13.900000 66.720542 
-13.800000 66.595361 
-13.700000 67.122690 
-13.600000 66.663482 
-13.500000 66.866328 
-13.400000 67.198221 
-13.300000 66.501377 
-13.200000 67.211615 
-13.100000 67.279969 
-13.000000 67.369675 
-12.900000 65.877182 
-12.800000 66.228217 
-12.700000 66.026848 
-12.600000 66.192123 
-12.500000 66.231510 
-12.400000 67.133988 
-12.300000 66.391161 
-12.200000 66.151460 
-12.100000 65.738781 
-12.000000 65.865531 
-11.900000 48.497791 
-11.800000 38.621216 
-11.700000 34.150655 
-11.600000 31.242295 
-11.500000 29.089062 
-11.400000 27.382873 
-11.300000 25.972383 
-11.200000 24.772225 
-11.100000 23.729341 
-11.000000 22.808489 
-10.900000 21.985041 
-10.800000 21.241174 
-10.700000 20.563569 
-10.600000 19.941976 
-10.500000 19.368330 
-10.400000 18.836203 
-10.300000 18.340384 
-10.200000 17.876573 
-10.100000 17.441191 
-10.000000 17.031232 
-9.900000 16.644137 
-9.800000 16.277711 
-9.700000 15.930066 
-9.600000 15.599557 
-9.500000 15.284745 
-9.400000 14.984360 
-9.300000 14.697287 
-9.200000 14.422529 
-9.100000 14.159203 
-9.000000 13.906506 
-8.900000 13.660660 
-8.800000 13.418309 
-8.700000 13.179974 
-8.600000 12.946049 
-8.500000 12.716813 
-8.400000 12.492460 
-8.300000 12.273111 
-8.200000 12.058828 
-8.100000 11.849630 
-8.000000 11.645496 
-7.900000 11.446377 
-7.800000 11.252204 
-7.700000 11.062889 
-7.600000 10.878331 
-7.500000 10.698423 
-7.400000 10.523049 
-7.300000 10.352089 
-7.200000 10.185422 
-7.100000 10.022925 
-7.000000 9.864475 
-6.900000 9.709950 
-6.800000 9.559233 
-6.700000 9.412206 
-6.600000 9.268754 
-6.500000 9.128763 
-6.400000 8.992127 
-6.300000 8.858737 
-6.200000 8.728495 
-6.100000 8.601299 
-6.000000 8.477056 
-5.900000 8.355671 
-5.800000 8.237056 
-5.700000 8.121126 
-5.600000 8.007797 
-5.500000 7.896992 
-5.400000 7.788631 
-5.300000 7.682642 
-5.200000 7.578953 
-5.100000 7.477497 
-5.000000 7.378206 
-4.900000 7.281018 
-4.800000 7.185873 
-4.700000 7.092708 
-4.600000 7.001471 
-4.500000 6.912105 
-4.400000 6.824558 
-4.300000 6.738779 
-4.200000 6.654720 
-4.100000 6.572309 
-4.000000 6.491207 
-3.900000 6.411309 
-3.800000 6.332613 
-3.700000 6.255084 
-3.600000 6.178711 
-3.500000 6.103265 
-3.400000 6.028622 
-3.300000 5.954855 
-3.200000 5.881848 
-3.100000 5.809423 
-3.000000 1.508627 
-2.900000 1.610968 
-2.800000 1.677038 
-2.700000 1.708918 
-2.600000 1.739646 
-2.500000 1.769055 
-2.400000 1.797094 
-2.300000 1.823887 
-2.200000 1.849360 
-2.100000 1.876699 
-2.000000 1.906821 
-1.900000 1.935007 
-1.800000 1.961043 
-1.700000 1.985164 
-1.600000 2.007281 
-1.500000 2.027402 
-1.400000 2.045712 
-1.300000 2.062116 
-1.200000 2.087363 
-1.100000 -1.201082 
-1.000000 -1.184756 
-0.900000 -1.168655 
-0.800000 -1.152812 
-0.700000 -1.137219 
-0.600000 -1.120919 
-0.500000 -1.105872 
-0.400000 -1.091071 
-0.300000 -1.076487 
-0.200000 -1.062017 
-0.100000 -1.047781 
