-40.000000 41.177021 
-39.900000 42.231856 
-39.800000 43.084053 
-39.700000 41.062547 
-39.600000 41.997731 
-39.500000 42.498764 
-39.400000 42.975622 
-39.300000 43.362259 
-39.200000 43.734706 
-39.100000 41.279617 
-39.000000 41.464827 
-38.900000 41.611199 
-38.800000 43.880141 
-38.700000 44.079701 
-38.600000 43.737459 
-38.500000 43.562997 
-38.400000 43.136457 
-38.300000 42.780885 
-38.200000 44.359646 
-38.100000 43.815906 
-38.000000 43.397512 
-37.900000 44.874776 
-37.800000 44.012540 
-37.700000 42.843453 
-37.600000 44.422940 
-37.500000 43.172907 
-37.400000 44.280905 
-37.300000 45.139456 
-37.200000 43.656223 
-37.100000 44.659028 
-37.000000 45.199331 
-36.900000 45.910521 
-36.800000 44.001196 
-36.700000 44.349700 
-36.600000 44.632091 
-36.500000 44.814525 
-36.400000 44.976407 
-36.300000 44.798537 
-36.200000 44.877669 
-36.100000 46.770701 
-36.000000 46.456113 
-35.900000 45.883031 
-35.800000 45.303825 
-35.700000 46.821751 
-35.600000 46.202714 
-35.500000 45.145548 
-35.400000 46.510038 
-35.300000 47.609177 
-35.200000 46.196783 
-35.100000 47.216285 
-35.000000 47.857156 
-34.900000 46.040013 
-34.800000 46.593908 
-34.700000 47.142921 
-34.600000 47.185211 
-34.500000 47.300405 
-34.400000 47.479148 
-34.300000 47.225266 
-34.200000 46.808080 
-34.100000 48.794498 
-34.000000 48.239446 
-33.900000 47.669965 
-33.800000 48.911253 
-33.700000 47.968324 
-33.600000 49.009546 
-33.500000 47.868289 
-33.400000 48.795576 
-33.300000 49.405473 
-33.200000 47.484575 
-33.100000 47.823150 
-33.000000 48.271034 
-32.900000 48.388364 
-32.800000 48.349415 
-32.700000 47.965291 
-32.600000 49.891821 
-32.500000 49.573147 
-32.400000 48.667507 
-32.300000 49.890256 
-32.200000 48.944091 
-32.100000 50.084292 
-32.000000 48.591466 
-31.900000 49.393707 
-31.800000 49.847496 
-31.700000 50.103111 
-31.600000 50.311460 
-31.500000 50.282624 
-31.400000 49.866424 
-31.300000 49.677268 
-31.200000 51.300587 
-31.100000 50.733473 
-31.000000 51.851630 
-30.900000 50.865827 
-30.800000 51.512993 
-30.700000 49.729489 
-30.600000 50.316197 
-30.500000 50.770562 
-30.400000 50.835473 
-30.300000 50.635355 
-30.200000 52.497244 
-30.100000 52.065122 
-30.000000 51.211303 
-29.900000 52.606303 
-29.800000 51.552613 
-29.700000 52.329853 
-29.600000 52.800523 
-29.500000 53.144458 
-29.400000 53.278855 
-29.300000 53.093643 
-29.200000 52.816313 
-29.100000 52.264084 
-29.000000 53.733150 
-28.900000 52.738373 
-28.800000 53.493374 
-28.700000 51.624503 
-28.600000 52.230641 
-28.500000 52.438928 
-28.400000 52.279800 
-28.300000 54.247244 
-28.200000 53.879016 
-28.100000 52.772085 
-28.000000 54.090756 
-27.900000 54.825312 
-27.800000 52.756795 
-27.700000 53.068629 
-27.600000 52.942621 
-27.500000 55.248105 
-27.400000 54.710490 
-27.300000 53.637435 
-27.200000 54.737170 
-27.100000 55.341718 
-27.000000 53.680096 
-26.900000 53.773747 
-26.800000 55.827092 
-26.700000 55.410718 
-26.600000 54.610797 
-26.500000 55.587959 
-26.400000 53.957675 
-26.300000 54.578258 
-26.200000 54.770869 
-26.100000 54.399184 
-26.000000 56.178391 
-25.900000 55.461503 
-25.800000 56.462509 
-25.700000 56.998662 
-25.600000 54.765404 
-25.500000 57.162526 
-25.400000 56.863243 
-25.300000 56.033625 
-25.200000 57.130377 
-25.100000 57.602704 
-25.000000 55.474421 
-24.900000 57.891275 
-24.800000 57.368051 
-24.700000 56.644467 
-24.600000 57.547373 
-24.500000 58.030767 
-24.400000 58.081892 
-24.300000 57.864144 
-24.200000 56.923293 
-24.100000 58.185842 
-24.000000 56.549780 
-23.900000 56.963699 
-23.800000 56.584480 
-23.700000 58.585988 
-23.600000 57.227393 
-23.500000 58.013460 
-23.400000 58.436163 
-23.300000 58.334411 
-23.200000 57.336184 
-23.100000 58.616283 
-23.000000 59.064461 
-22.900000 59.269764 
-22.800000 58.778212 
-22.700000 57.851317 
-22.600000 58.591627 
-22.500000 59.079033 
-22.400000 58.899502 
-22.300000 58.106671 
-22.200000 59.459830 
-22.100000 59.995833 
-22.000000 59.824404 
-21.900000 59.138989 
-21.800000 60.359670 
-21.700000 60.854578 
-21.600000 60.784585 
-21.500000 60.320156 
-21.400000 61.238398 
-21.300000 59.187736 
-21.200000 61.528302 
-21.100000 60.780394 
-21.000000 61.827075 
-20.900000 59.766200 
-20.800000 61.751319 
-20.700000 60.744257 
-20.600000 61.581676 
-20.500000 61.361785 
-20.400000 60.660204 
-20.300000 61.644539 
-20.200000 61.952361 
-20.100000 61.516216 
-20.000000 60.505072 
-19.900000 60.891317 
-19.800000 60.615267 
-19.700000 62.077573 
-19.600000 62.663506 
-19.500000 62.705750 
-19.400000 61.693044 
-19.300000 62.350032 
-19.200000 62.432929 
-19.100000 61.434073 
-19.000000 62.041707 
-18.900000 61.983318 
-18.800000 63.521007 
-18.700000 64.058778 
-18.600000 63.678894 
-18.500000 62.632379 
-18.400000 62.770088 
-18.300000 62.248729 
-18.200000 63.343649 
-18.100000 63.648797 
-18.000000 62.470423 
-17.900000 63.028319 
-17.800000 62.861815 
-17.700000 64.252393 
-17.600000 64.077323 
-17.500000 63.287718 
-17.400000 63.973609 
-17.300000 63.654446 
-17.200000 65.002751 
-17.100000 64.905942 
-17.000000 63.653225 
-16.900000 64.088098 
-16.800000 65.949672 
-16.700000 63.902089 
-16.600000 65.812233 
-16.500000 64.432738 
-16.400000 63.983658 
-16.300000 65.334445 
-16.200000 65.226340 
-16.100000 66.404441 
-16.000000 66.249116 
-15.900000 65.113904 
-15.800000 65.222162 
-15.700000 66.488069 
-15.600000 66.598279 
-15.500000 65.379491 
-15.400000 65.399551 
-15.300000 66.463576 
-15.200000 66.435505 
-15.100000 67.242475 
-15.000000 67.262766 
-14.900000 65.414751 
-14.800000 67.382639 
-14.700000 67.763423 
-14.600000 66.990201 
-14.500000 67.158382 
-14.400000 65.944973 
-14.300000 68.262100 
-14.200000 66.663738 
-14.100000 68.224410 
-14.000000 66.229640 
-13.900000 67.422548 
-13.800000 67.239294 
-13.700000 68.078883 
-13.600000 66.841693 
-13.500000 66.842079 
-13.400000 67.820819 
-13.300000 66.801560 
-13.200000 66.918677 
-13.100000 67.676527 
-13.000000 69.378920 
-12.900000 69.597829 
-12.800000 67.562644 
-12.700000 68.918082 
-12.600000 68.716293 
-12.500000 68.957550 
-12.400000 70.124292 
-12.300000 69.262326 
-12.200000 68.851268 
-12.100000 69.654532 
-12.000000 68.181991 
-11.900000 69.838555 
-11.800000 69.450594 
-11.700000 69.673345 
-11.600000 70.244046 
-11.500000 68.978315 
-11.400000 70.369037 
-11.300000 70.241892 
-11.200000 70.065134 
-11.100000 70.431889 
-11.000000 71.250446 
-10.900000 69.585402 
-10.800000 71.223573 
-10.700000 70.206657 
-10.600000 69.501572 
-10.500000 71.874323 
-10.400000 71.901579 
-10.300000 71.713355 
-10.200000 71.916608 
-10.100000 72.016140 
-10.000000 69.939616 
-9.900000 70.726874 
-9.800000 71.245592 
-9.700000 71.603072 
-9.600000 72.201493 
-9.500000 72.750001 
-9.400000 70.553309 
-9.300000 70.737446 
-9.200000 70.966866 
-9.100000 71.091573 
-9.000000 70.905704 
-8.900000 73.117253 
-8.800000 72.438305 
-8.700000 71.513683 
-8.600000 72.745012 
-8.500000 73.637796 
-8.400000 71.345055 
-8.300000 71.726323 
-8.200000 73.794344 
-8.100000 72.984496 
-8.000000 74.054880 
-7.900000 71.943738 
-7.800000 72.149447 
-7.700000 73.977174 
-7.600000 72.500358 
-7.500000 73.150905 
-7.400000 72.894736 
-7.300000 74.264106 
-7.200000 72.403044 
-7.100000 74.934697 
-7.000000 73.810948 
-6.900000 74.103437 
-6.800000 73.641797 
-6.700000 74.802438 
-6.600000 74.888433 
-6.500000 73.491718 
-6.400000 73.613371 
-6.300000 75.372269 
-6.200000 75.763149 
-6.100000 74.575174 
-6.000000 74.850681 
-5.900000 73.756344 
-5.800000 73.912738 
-5.700000 75.013088 
-5.600000 74.523835 
-5.500000 75.259604 
-5.400000 74.062339 
-5.300000 74.029251 
-5.200000 74.919212 
-5.100000 76.237623 
-5.000000 76.104686 
-4.900000 76.448478 
-4.800000 74.993141 
-4.700000 76.618346 
-4.600000 76.087918 
-4.500000 76.463871 
-4.400000 76.918805 
-4.300000 75.242679 
-4.200000 76.738550 
-4.100000 75.534249 
-4.000000 77.289279 
-3.900000 76.654937 
-3.800000 76.062887 
-3.700000 75.541260 
-3.600000 77.757787 
-3.500000 77.067956 
-3.400000 76.289500 
-3.300000 78.131280 
-3.200000 76.763428 
-3.100000 78.095256 
-3.000000 76.035169 
-2.900000 76.353340 
-2.800000 78.600323 
-2.700000 77.594352 
-2.600000 76.132395 
-2.500000 76.746850 
-2.400000 78.827196 
-2.300000 77.445028 
-2.200000 77.945645 
-2.100000 77.299132 
-2.000000 78.230086 
-1.900000 77.853870 
-1.800000 79.250273 
-1.700000 79.120777 
-1.600000 77.489380 
-1.500000 77.180684 
-1.400000 78.009624 
-1.300000 79.679815 
-1.200000 79.769289 
-1.100000 78.100088 
-1.000000 79.819786 
-0.900000 79.705954 
-0.800000 80.013130 
-0.700000 78.188666 
-0.600000 79.559683 
-0.500000 78.434571 
-0.400000 77.976200 
-0.300000 80.173154 
-0.200000 79.765580 
-0.100000 79.216619 
