-40.000000 41.393262 
-39.900000 42.052448 
-39.800000 42.805050 
-39.700000 41.032005 
-39.600000 41.788450 
-39.500000 42.347879 
-39.400000 42.733388 
-39.300000 43.259582 
-39.200000 43.880934 
-39.100000 41.439165 
-39.000000 41.304226 
-38.900000 41.991048 
-38.800000 43.741959 
-38.700000 43.965652 
-38.600000 43.724809 
-38.500000 43.555991 
-38.400000 43.175326 
-38.300000 42.517576 
-38.200000 44.503434 
-38.100000 43.957544 
-38.000000 43.544955 
-37.900000 44.892924 
-37.800000 43.828720 
-37.700000 42.966316 
-37.600000 44.214716 
-37.500000 43.024759 
-37.400000 44.287211 
-37.300000 44.967125 
-37.200000 43.746602 
-37.100000 44.490878 
-37.000000 45.185612 
-36.900000 45.811675 
-36.800000 43.689797 
-36.700000 43.966355 
-36.600000 44.502757 
-36.500000 44.992113 
-36.400000 44.922603 
-36.300000 45.040772 
-36.200000 44.728090 
-36.100000 46.911476 
-36.000000 46.745374 
-35.900000 45.692118 
-35.800000 45.565414 
-35.700000 47.342659 
-35.600000 46.062885 
-35.500000 44.822087 
-35.400000 46.605654 
-35.300000 47.506572 
-35.200000 46.181105 
-35.100000 47.028211 
-35.000000 47.791767 
-34.900000 45.949908 
-34.800000 46.804410 
-34.700000 46.841359 
-34.600000 47.110923 
-34.500000 47.343331 
-34.400000 47.331159 
-34.300000 47.332454 
-34.200000 47.037994 
-34.100000 48.385245 
-34.000000 47.885623 
-33.900000 47.480120 
-33.800000 48.553053 
-33.700000 47.823259 
-33.600000 48.666970 
-33.500000 47.642253 
-33.400000 48.684984 
-33.300000 49.276403 
-33.200000 47.502900 
-33.100000 47.647282 
-33.000000 48.321683 
-32.900000 48.648167 
-32.800000 48.178348 
-32.700000 48.049944 
-32.600000 50.012760 
-32.500000 49.364055 
-32.400000 48.265092 
-32.300000 49.810165 
-32.200000 48.982468 
-32.100000 49.706821 
-32.000000 48.511689 
-31.900000 49.388066 
-31.800000 50.248348 
-31.700000 50.140635 
-31.600000 50.329288 
-31.500000 49.976571 
-31.400000 49.976547 
-31.300000 49.821789 
-31.200000 51.646747 
-31.100000 50.938381 
-31.000000 51.223285 
-30.900000 50.777094 
-30.800000 51.589351 
-30.700000 50.121190 
-30.600000 50.825759 
-30.500000 50.739506 
-30.400000 50.522499 
-30.300000 50.708438 
-30.200000 52.676997 
-30.100000 51.894072 
-30.000000 50.968115 
-29.900000 52.669951 
-29.800000 51.057632 
-29.700000 51.872196 
-29.600000 53.237555 
-29.500000 53.048773 
-29.400000 53.208471 
-29.300000 53.316499 
-29.200000 53.116337 
-29.100000 52.703659 
-29.000000 53.380892 
-28.900000 52.568066 
-28.800000 53.229829 
-28.700000 51.737386 
-28.600000 52.160528 
-28.500000 52.729314 
-28.400000 52.159999 
-28.300000 54.350640 
-28.200000 53.501268 
-28.100000 52.517628 
-28.000000 54.115435 
-27.900000 54.460975 
-27.800000 52.507324 
-27.700000 53.154940 
-27.600000 53.343120 
-27.500000 55.232781 
-27.400000 54.659817 
-27.300000 53.587078 
-27.200000 55.013322 
-27.100000 55.569189 
-27.000000 53.685242 
-26.900000 54.017149 
-26.800000 55.913162 
-26.700000 55.410152 
-26.600000 54.294993 
-26.500000 55.760923 
-26.400000 54.262137 
-26.300000 54.831571 
-26.200000 54.798471 
-26.100000 54.597892 
-26.000000 56.560930 
-25.900000 55.449144 
-25.800000 56.220095 
-25.700000 57.142443 
-25.600000 54.760879 
-25.500000 57.367898 
-25.400000 56.649728 
-25.300000 55.429531 
-25.200000 56.979958 
-25.100000 57.421520 
-25.000000 55.281059 
-24.900000 57.706386 
-24.800000 57.647945 
-24.700000 56.449632 
-24.600000 57.230023 
-24.500000 58.379577 
-24.400000 57.874918 
-24.300000 58.087024 
-24.200000 57.083058 
-24.100000 57.940761 
-24.000000 56.348409 
-23.900000 56.584072 
-23.800000 56.549852 
-23.700000 58.872477 
-23.600000 57.293465 
-23.500000 58.267887 
-23.400000 58.556725 
-23.300000 57.906522 
-23.200000 57.211648 
-23.100000 58.319820 
-23.000000 59.208616 
-22.900000 58.986402 
-22.800000 58.976424 
-22.700000 58.070110 
-22.600000 58.763465 
-22.500000 59.426243 
-22.400000 59.208644 
-22.300000 58.421128 
-22.200000 59.687615 
-22.100000 60.128058 
-22.000000 59.747969 
-21.900000 59.206596 
-21.800000 60.613266 
-21.700000 60.435822 
-21.600000 60.710545 
-21.500000 60.464795 
-21.400000 61.069050 
-21.300000 59.262751 
-21.200000 61.736981 
-21.100000 60.829023 
-21.000000 62.096602 
-20.900000 59.765997 
-20.800000 61.310044 
-20.700000 60.755788 
-20.600000 61.711258 
-20.500000 61.948929 
-20.400000 60.490076 
-20.300000 61.782991 
-20.200000 61.752526 
-20.100000 61.513814 
-20.000000 60.564265 
-19.900000 61.325240 
-19.800000 60.524685 
-19.700000 62.405896 
-19.600000 62.945840 
-19.500000 62.965458 
-19.400000 61.972640 
-19.300000 62.209232 
-19.200000 62.653941 
-19.100000 61.248507 
-19.000000 62.306259 
-18.900000 61.837794 
-18.800000 63.663573 
-18.700000 63.797568 
-18.600000 63.251165 
-18.500000 62.723448 
-18.400000 62.710635 
-18.300000 62.291966 
-18.200000 63.579048 
-18.100000 63.741022 
-18.000000 63.096358 
-17.900000 63.083699 
-17.800000 62.703250 
-17.700000 64.415961 
-17.600000 64.235560 
-17.500000 63.524304 
-17.400000 64.334198 
-17.300000 63.538162 
-17.200000 64.658689 
-17.100000 64.998994 
-17.000000 63.549879 
-16.900000 63.954643 
-16.800000 65.372491 
-16.700000 64.055490 
-16.600000 65.876647 
-16.500000 64.720596 
-16.400000 64.463546 
-16.300000 65.235220 
-16.200000 65.184271 
-16.100000 66.215414 
-16.000000 66.400478 
-15.900000 65.570889 
-15.800000 65.349130 
-15.700000 66.905760 
-15.600000 66.252434 
-15.500000 65.749860 
-15.400000 65.327259 
-15.300000 66.576044 
-15.200000 66.203332 
-15.100000 67.735261 
-15.000000 67.138677 
-14.900000 65.321385 
-14.800000 67.407207 
-14.700000 67.782595 
-14.600000 67.102609 
-14.500000 67.195777 
-14.400000 66.151884 
-14.300000 68.237139 
-14.200000 66.582000 
-14.100000 68.378243 
-14.000000 66.350639 
-13.900000 67.067470 
-13.800000 67.136270 
-13.700000 67.832080 
-13.600000 67.352832 
-13.500000 66.889094 
-13.400000 67.656699 
-13.300000 67.319719 
-13.200000 67.039347 
-13.100000 68.114995 
-13.000000 69.836137 
-12.900000 69.361434 
-12.800000 67.629531 
-12.700000 69.025440 
-12.600000 68.764824 
-12.500000 69.160995 
-12.400000 70.252045 
-12.300000 69.110523 
-12.200000 69.874492 
-12.100000 69.588688 
-12.000000 68.482691 
-11.900000 69.434004 
-11.800000 69.818003 
-11.700000 69.650385 
-11.600000 70.336481 
-11.500000 68.823386 
-11.400000 71.038842 
-11.300000 70.085301 
-11.200000 70.035543 
-11.100000 70.668587 
-11.000000 71.373323 
-10.900000 69.902046 
-10.800000 71.383226 
-10.700000 70.348047 
-10.600000 69.716139 
-10.500000 71.879233 
-10.400000 71.824199 
-10.300000 71.980818 
-10.200000 72.316465 
-10.100000 72.636673 
-10.000000 70.435057 
-9.900000 70.767155 
-9.800000 71.620189 
-9.700000 71.921506 
-9.600000 72.006286 
-9.500000 73.092772 
-9.400000 70.582516 
-9.300000 71.069234 
-9.200000 71.272202 
-9.100000 71.213381 
-9.000000 71.310177 
-8.900000 73.232150 
-8.800000 72.661082 
-8.700000 71.799928 
-8.600000 72.945783 
-8.500000 73.794233 
-8.400000 71.819958 
-8.300000 71.829700 
-8.200000 73.794965 
-8.100000 73.282946 
-8.000000 74.034349 
-7.900000 72.345032 
-7.800000 72.378896 
-7.700000 74.191743 
-7.600000 73.087362 
-7.500000 73.423289 
-7.400000 73.005496 
-7.300000 74.467847 
-7.200000 72.531217 
-7.100000 74.894597 
-7.000000 73.990176 
-6.900000 74.696722 
-6.800000 73.845115 
-6.700000 74.971044 
-6.600000 75.269546 
-6.500000 74.068949 
-6.400000 73.927105 
-6.300000 75.638473 
-6.200000 75.641180 
-6.100000 74.746332 
-6.000000 75.037401 
-5.900000 73.690199 
-5.800000 73.837399 
-5.700000 75.150539 
-5.600000 74.935790 
-5.500000 75.743398 
-5.400000 74.227453 
-5.300000 74.493157 
-5.200000 75.178981 
-5.100000 76.754503 
-5.000000 76.271399 
-4.900000 76.916937 
-4.800000 75.177299 
-4.700000 76.997077 
-4.600000 76.628571 
-4.500000 76.571480 
-4.400000 77.347000 
-4.300000 75.801494 
-4.200000 77.256069 
-4.100000 75.913806 
-4.000000 78.011857 
-3.900000 76.885453 
-3.800000 76.529191 
-3.700000 75.909907 
-3.600000 78.281073 
-3.500000 77.928830 
-3.400000 76.582433 
-3.300000 78.551671 
-3.200000 77.830759 
-3.100000 78.135450 
-3.000000 76.482285 
-2.900000 76.516289 
-2.800000 79.335926 
-2.700000 78.135140 
-2.600000 76.704776 
-2.500000 77.355777 
-2.400000 79.162379 
-2.300000 78.125014 
-2.200000 78.172071 
-2.100000 77.718874 
-2.000000 78.633355 
-1.900000 78.590921 
-1.800000 79.743312 
-1.700000 79.521037 
-1.600000 78.402012 
-1.500000 77.690587 
-1.400000 78.576933 
-1.300000 80.154758 
-1.200000 80.254042 
-1.100000 78.806966 
-1.000000 80.298585 
-0.900000 80.524554 
-0.800000 80.241067 
-0.700000 78.812679 
-0.600000 79.874105 
-0.500000 79.071347 
-0.400000 78.571226 
-0.300000 80.947660 
-0.200000 80.439042 
-0.100000 79.543408 
