-40.000000 41.308846 
-39.900000 42.242506 
-39.800000 42.858280 
-39.700000 41.205180 
-39.600000 41.853096 
-39.500000 42.469585 
-39.400000 42.911900 
-39.300000 43.306030 
-39.200000 43.598396 
-39.100000 41.378544 
-39.000000 41.609003 
-38.900000 41.525300 
-38.800000 43.952425 
-38.700000 43.937546 
-38.600000 43.751199 
-38.500000 43.720038 
-38.400000 43.176200 
-38.300000 42.597859 
-38.200000 44.502227 
-38.100000 44.007680 
-38.000000 43.230724 
-37.900000 44.819491 
-37.800000 43.979938 
-37.700000 42.814533 
-37.600000 44.275259 
-37.500000 42.962267 
-37.400000 44.179553 
-37.300000 45.177149 
-37.200000 43.609319 
-37.100000 44.576303 
-37.000000 45.176507 
-36.900000 45.722043 
-36.800000 43.787183 
-36.700000 44.326259 
-36.600000 44.582778 
-36.500000 44.736616 
-36.400000 44.844166 
-36.300000 44.669344 
-36.200000 44.565729 
-36.100000 46.628608 
-36.000000 46.403711 
-35.900000 45.826050 
-35.800000 45.138090 
-35.700000 46.847575 
-35.600000 45.995925 
-35.500000 44.938546 
-35.400000 46.312397 
-35.300000 47.413626 
-35.200000 46.033561 
-35.100000 47.152834 
-35.000000 47.711543 
-34.900000 46.044514 
-34.800000 46.569912 
-34.700000 46.991757 
-34.600000 47.126873 
-34.500000 47.263673 
-34.400000 47.200807 
-34.300000 47.155963 
-34.200000 46.742865 
-34.100000 48.707333 
-34.000000 48.132915 
-33.900000 47.268268 
-33.800000 48.717865 
-33.700000 47.761063 
-33.600000 49.089562 
-33.500000 47.536235 
-33.400000 48.575005 
-33.300000 49.256465 
-33.200000 47.251956 
-33.100000 47.934035 
-33.000000 48.001480 
-32.900000 48.142463 
-32.800000 47.930577 
-32.700000 47.552222 
-32.600000 49.533397 
-32.500000 49.100861 
-32.400000 48.205608 
-32.300000 49.778120 
-32.200000 48.621689 
-32.100000 49.644768 
-32.000000 48.063382 
-31.900000 48.855625 
-31.800000 49.488258 
-31.700000 49.843585 
-31.600000 49.891909 
-31.500000 49.960814 
-31.400000 49.628669 
-31.300000 49.197762 
-31.200000 50.951058 
-31.100000 50.086659 
-31.000000 51.383167 
-30.900000 50.311808 
-30.800000 51.200348 
-30.700000 49.465556 
-30.600000 49.984636 
-30.500000 50.345682 
-30.400000 50.421384 
-30.300000 50.296522 
-30.200000 52.219562 
-30.100000 51.713569 
-30.000000 50.869917 
-29.900000 52.176048 
-29.800000 50.906502 
-29.700000 51.719007 
-29.600000 52.356996 
-29.500000 52.660238 
-29.400000 52.802280 
-29.300000 52.745245 
-29.200000 52.416405 
-29.100000 51.749039 
-29.000000 53.196931 
-28.900000 52.133441 
-28.800000 52.988420 
-28.700000 51.255983 
-28.600000 51.765888 
-28.500000 52.020178 
-28.400000 52.040713 
-28.300000 53.978040 
-28.200000 53.329707 
-28.100000 52.262926 
-28.000000 53.573115 
-27.900000 54.044276 
-27.800000 52.296958 
-27.700000 52.659057 
-27.600000 52.462158 
-27.500000 54.535677 
-27.400000 53.892093 
-27.300000 52.926323 
-27.200000 54.011912 
-27.100000 54.425694 
-27.000000 52.939609 
-26.900000 53.050971 
-26.800000 55.094835 
-26.700000 54.448875 
-26.600000 53.892859 
-26.500000 54.439741 
-26.400000 52.986718 
-26.300000 53.748870 
-26.200000 53.604794 
-26.100000 53.449816 
-26.000000 55.026257 
-25.900000 54.175387 
-25.800000 55.119328 
-25.700000 55.636318 
-25.600000 53.853677 
-25.500000 55.807278 
-25.400000 55.441579 
-25.300000 54.692819 
-25.200000 55.700511 
-25.100000 56.266622 
-25.000000 54.405127 
-24.900000 56.420297 
-24.800000 56.098374 
-24.700000 55.217916 
-24.600000 56.129748 
-24.500000 56.718944 
-24.400000 56.796369 
-24.300000 56.608601 
-24.200000 55.880783 
-24.100000 56.889278 
-24.000000 55.407896 
-23.900000 55.649284 
-23.800000 55.506456 
-23.700000 57.101837 
-23.600000 56.041694 
-23.500000 56.750646 
-23.400000 57.037943 
-23.300000 56.836313 
-23.200000 56.074350 
-23.100000 57.280338 
-23.000000 57.775440 
-22.900000 57.867639 
-22.800000 57.573648 
-22.700000 56.585546 
-22.600000 57.419198 
-22.500000 57.827969 
-22.400000 57.674240 
-22.300000 56.652607 
-22.200000 57.925361 
-22.100000 58.474648 
-22.000000 58.367827 
-21.900000 57.822591 
-21.800000 58.979470 
-21.700000 59.385811 
-21.600000 59.271721 
-21.500000 58.758504 
-21.400000 59.721288 
-21.300000 58.031685 
-21.200000 59.416287 
-21.100000 58.740002 
-21.000000 59.859040 
-20.900000 57.929461 
-20.800000 59.687486 
-20.700000 58.380501 
-20.600000 58.721808 
-20.500000 57.916382 
-20.400000 57.522834 
-20.300000 59.615641 
-20.200000 58.503281 
-20.100000 58.603917 
-20.000000 57.414358 
-19.900000 57.942787 
-19.800000 57.711268 
-19.700000 58.736698 
-19.600000 59.170836 
-19.500000 59.107660 
-19.400000 58.494969 
-19.300000 59.018678 
-19.200000 58.980283 
-19.100000 58.263950 
-19.000000 58.917543 
-18.900000 58.784356 
-18.800000 59.785605 
-18.700000 60.097892 
-18.600000 59.995626 
-18.500000 59.282732 
-18.400000 59.436263 
-18.300000 59.337286 
-18.200000 59.938892 
-18.100000 59.976296 
-18.000000 59.390929 
-17.900000 59.937366 
-17.800000 59.724294 
-17.700000 60.528867 
-17.600000 60.660011 
-17.500000 60.192957 
-17.400000 60.607813 
-17.300000 60.466434 
-17.200000 61.223937 
-17.100000 61.258053 
-17.000000 60.540046 
-16.900000 60.783053 
-16.800000 62.008481 
-16.700000 60.726994 
-16.600000 62.072700 
-16.500000 61.078283 
-16.400000 60.959367 
-16.300000 61.761078 
-16.200000 61.675371 
-16.100000 62.505059 
-16.000000 62.393649 
-15.900000 61.718378 
-15.800000 61.808300 
-15.700000 62.070857 
-15.600000 62.790877 
-15.500000 62.037427 
-15.400000 61.983436 
-15.300000 62.911649 
-15.200000 62.029104 
-15.100000 62.277508 
-15.000000 62.357677 
-14.900000 61.438591 
-14.800000 61.732842 
-14.700000 61.472315 
-14.600000 61.644375 
-14.500000 61.014255 
-14.400000 61.027657 
-14.300000 60.807778 
-14.200000 60.269069 
-14.100000 61.685313 
-14.000000 60.176080 
-13.900000 60.753087 
-13.800000 60.610186 
-13.700000 61.103424 
-13.600000 60.635497 
-13.500000 60.714189 
-13.400000 61.038675 
-13.300000 60.805844 
-13.200000 60.789423 
-13.100000 61.360954 
-13.000000 61.961151 
-12.900000 62.002038 
-12.800000 61.445079 
-12.700000 62.083220 
-12.600000 62.003171 
-12.500000 62.076297 
-12.400000 62.506819 
-12.300000 62.288246 
-12.200000 62.404278 
-12.100000 62.579343 
-12.000000 61.981590 
-11.900000 62.215946 
-11.800000 62.212916 
-11.700000 62.705534 
-11.600000 62.983504 
-11.500000 62.532488 
-11.400000 63.297640 
-11.300000 63.087258 
-11.200000 62.791164 
-11.100000 62.873010 
-11.000000 63.701935 
-10.900000 62.836966 
-10.800000 63.801102 
-10.700000 63.151218 
-10.600000 62.835655 
-10.500000 63.738452 
-10.400000 63.797210 
-10.300000 64.375444 
-10.200000 64.389594 
-10.100000 64.224703 
-10.000000 62.868767 
-9.900000 62.414612 
-9.800000 62.564831 
-9.700000 64.662059 
-9.600000 64.804192 
-9.500000 63.260120 
-9.400000 64.224336 
-9.300000 62.777822 
-9.200000 63.114794 
-9.100000 62.651593 
-9.000000 63.283434 
-8.900000 64.122281 
-8.800000 63.872527 
-8.700000 61.397524 
-8.600000 62.928734 
-8.500000 64.447518 
-8.400000 59.317496 
-8.300000 60.174444 
-8.200000 58.777724 
-8.100000 61.412659 
-8.000000 60.304028 
-7.900000 58.621120 
-7.800000 59.108715 
-7.700000 55.167672 
-7.600000 54.082034 
-7.500000 51.939447 
-7.400000 53.971039 
-7.300000 46.669045 
-7.200000 50.236542 
-7.100000 45.704193 
-7.000000 47.735820 
-6.900000 41.597074 
-6.800000 42.351984 
-6.700000 39.077653 
-6.600000 40.963861 
-6.500000 38.038757 
-6.400000 37.465771 
-6.300000 37.241929 
-6.200000 36.929173 
-6.100000 35.372255 
-6.000000 33.466063 
-5.900000 36.315749 
-5.800000 33.198572 
-5.700000 32.346997 
-5.600000 32.053410 
-5.500000 31.089063 
-5.400000 30.902422 
-5.300000 29.656750 
-5.200000 29.689393 
-5.100000 28.722613 
-5.000000 28.413044 
-4.900000 27.913449 
-4.800000 27.717012 
-4.700000 27.377636 
-4.600000 26.800223 
-4.500000 25.915571 
-4.400000 25.808462 
-4.300000 25.144837 
-4.200000 24.438087 
-4.100000 24.428723 
-4.000000 23.845808 
-3.900000 23.481004 
-3.800000 23.085895 
-3.700000 22.407451 
-3.600000 22.326001 
-3.500000 21.644690 
-3.400000 21.605538 
-3.300000 21.194955 
-3.200000 20.600476 
-3.100000 20.564629 
-3.000000 20.135160 
-2.900000 19.760131 
-2.800000 19.535814 
-2.700000 19.033159 
-2.600000 18.852808 
-2.500000 18.545568 
-2.400000 18.180724 
-2.300000 17.833707 
-2.200000 17.360063 
-2.100000 17.265935 
-2.000000 17.035994 
-1.900000 16.674355 
-1.800000 16.487069 
-1.700000 16.009404 
-1.600000 16.013050 
-1.500000 15.575040 
-1.400000 15.386685 
-1.300000 15.211055 
-1.200000 14.750543 
-1.100000 14.636705 
-1.000000 14.327946 
-0.900000 14.042878 
-0.800000 13.709023 
-0.700000 13.513435 
-0.600000 13.316559 
-0.500000 12.856660 
-0.400000 13.034936 
-0.300000 12.593109 
-0.200000 12.094402 
-0.100000 11.977626 
