-40.000000 41.604601 
-39.900000 41.207488 
-39.800000 42.534744 
-39.700000 42.513162 
-39.600000 41.849820 
-39.500000 43.071411 
-39.400000 42.200622 
-39.300000 43.422834 
-39.200000 43.382610 
-39.100000 41.981704 
-39.000000 42.471175 
-38.900000 43.509270 
-38.800000 43.109901 
-38.700000 43.482931 
-38.600000 43.372778 
-38.500000 43.482433 
-38.400000 43.402225 
-38.300000 43.323278 
-38.200000 43.580815 
-38.100000 43.370914 
-38.000000 43.011280 
-37.900000 44.379976 
-37.800000 44.247391 
-37.700000 44.313393 
-37.600000 44.062042 
-37.500000 44.435984 
-37.400000 44.201479 
-37.300000 44.013496 
-37.200000 44.726633 
-37.100000 44.772162 
-37.000000 44.394803 
-36.900000 45.398395 
-36.800000 45.068904 
-36.700000 46.119945 
-36.600000 44.755259 
-36.500000 44.836958 
-36.400000 46.812547 
-36.300000 44.402442 
-36.200000 45.396186 
-36.100000 45.777350 
-36.000000 44.858250 
-35.900000 44.884432 
-35.800000 47.878814 
-35.700000 45.810152 
-35.600000 46.164562 
-35.500000 46.190727 
-35.400000 45.422334 
-35.300000 46.906255 
-35.200000 46.613829 
-35.100000 46.405429 
-35.000000 46.569923 
-34.900000 46.262337 
-34.800000 47.402211 
-34.700000 46.992212 
-34.600000 47.595558 
-34.500000 47.343859 
-34.400000 47.517741 
-34.300000 46.935277 
-34.200000 48.920619 
-34.100000 48.784668 
-34.000000 47.046646 
-33.900000 48.335009 
-33.800000 48.188574 
-33.700000 48.717146 
-33.600000 48.482187 
-33.500000 47.949524 
-33.400000 47.656592 
-33.300000 47.051939 
-33.200000 47.949293 
-33.100000 48.358510 
-33.000000 48.788249 
-32.900000 48.912368 
-32.800000 48.708146 
-32.700000 48.955957 
-32.600000 48.870143 
-32.500000 48.742054 
-32.400000 48.814623 
-32.300000 49.856524 
-32.200000 48.183722 
-32.100000 49.187758 
-32.000000 50.362454 
-31.900000 49.893481 
-31.800000 49.839722 
-31.700000 50.305506 
-31.600000 50.745199 
-31.500000 51.445936 
-31.400000 48.786722 
-31.300000 50.142264 
-31.200000 51.446296 
-31.100000 50.974048 
-31.000000 50.907789 
-30.900000 51.021580 
-30.800000 50.635356 
-30.700000 51.988548 
-30.600000 51.098008 
-30.500000 51.653501 
-30.400000 51.940794 
-30.300000 52.159949 
-30.200000 51.768695 
-30.100000 52.209757 
-30.000000 50.917178 
-29.900000 52.028414 
-29.800000 51.201528 
-29.700000 51.243626 
-29.600000 51.812005 
-29.500000 52.804389 
-29.400000 53.583642 
-29.300000 52.581784 
-29.200000 52.675165 
-29.100000 52.826210 
-29.000000 52.921641 
-28.900000 52.205324 
-28.800000 51.637587 
-28.700000 52.212372 
-28.600000 53.711984 
-28.500000 53.688927 
-28.400000 52.744181 
-28.300000 53.777486 
-28.200000 53.613168 
-28.100000 53.224362 
-28.000000 54.437119 
-27.900000 53.311416 
-27.800000 52.942729 
-27.700000 53.384160 
-27.600000 54.638650 
-27.500000 54.423756 
-27.400000 53.274117 
-27.300000 53.500349 
-27.200000 54.403554 
-27.100000 53.373878 
-27.000000 53.766576 
-26.900000 54.390825 
-26.800000 54.563666 
-26.700000 55.120891 
-26.600000 54.720031 
-26.500000 54.955474 
-26.400000 55.862435 
-26.300000 54.178519 
-26.200000 55.101648 
-26.100000 55.467548 
-26.000000 55.604229 
-25.900000 54.984438 
-25.800000 54.774247 
-25.700000 55.542877 
-25.600000 56.918134 
-25.500000 56.655187 
-25.400000 56.663802 
-25.300000 55.725297 
-25.200000 54.940658 
-25.100000 56.494904 
-25.000000 56.466678 
-24.900000 57.161177 
-24.800000 57.725132 
-24.700000 57.261698 
-24.600000 56.932865 
-24.500000 56.647560 
-24.400000 57.561901 
-24.300000 57.860988 
-24.200000 57.949568 
-24.100000 57.834938 
-24.000000 56.848747 
-23.900000 57.453389 
-23.800000 58.080440 
-23.700000 58.360512 
-23.600000 58.772117 
-23.500000 58.804059 
-23.400000 59.626256 
-23.300000 58.554033 
-23.200000 58.444803 
-23.100000 59.102857 
-23.000000 58.010376 
-22.900000 59.145049 
-22.800000 58.719686 
-22.700000 57.857667 
-22.600000 58.250552 
-22.500000 59.284184 
-22.400000 59.025302 
-22.300000 58.684824 
-22.200000 59.048826 
-22.100000 58.679004 
-22.000000 60.384132 
-21.900000 59.863054 
-21.800000 60.041622 
-21.700000 60.315182 
-21.600000 60.790092 
-21.500000 60.487680 
-21.400000 60.011070 
-21.300000 60.644601 
-21.200000 59.653405 
-21.100000 60.113775 
-21.000000 59.798223 
-20.900000 61.218426 
-20.800000 61.109121 
-20.700000 60.555127 
-20.600000 60.483572 
-20.500000 61.522680 
-20.400000 60.862071 
-20.300000 61.589667 
-20.200000 60.947274 
-20.100000 61.220594 
-20.000000 61.833573 
-19.900000 61.040149 
-19.800000 61.349087 
-19.700000 61.964358 
-19.600000 62.154119 
-19.500000 61.573446 
-19.400000 62.831194 
-19.300000 62.043672 
-19.200000 62.392788 
-19.100000 62.508768 
-19.000000 60.609466 
-18.900000 62.504069 
-18.800000 61.353841 
-18.700000 63.619023 
-18.600000 61.640504 
-18.500000 62.606376 
-18.400000 62.126725 
-18.300000 63.294648 
-18.200000 62.260101 
-18.100000 63.635608 
-18.000000 63.799722 
-17.900000 62.864127 
-17.800000 63.056469 
-17.700000 63.006317 
-17.600000 64.087520 
-17.500000 62.448421 
-17.400000 63.500010 
-17.300000 63.085288 
-17.200000 62.135471 
-17.100000 63.415009 
-17.000000 63.393663 
-16.900000 65.231866 
-16.800000 63.926614 
-16.700000 64.703708 
-16.600000 64.497044 
-16.500000 63.686344 
-16.400000 64.265680 
-16.300000 64.619611 
-16.200000 65.631605 
-16.100000 64.722086 
-16.000000 64.477207 
-15.900000 64.855991 
-15.800000 64.917177 
-15.700000 65.048081 
-15.600000 65.423615 
-15.500000 64.922576 
-15.400000 65.545667 
-15.300000 64.921229 
-15.200000 65.348915 
-15.100000 65.194214 
-15.000000 65.119622 
-14.900000 66.502137 
-14.800000 65.571795 
-14.700000 66.468705 
-14.600000 66.570215 
-14.500000 66.498071 
-14.400000 66.920957 
-14.300000 66.735268 
-14.200000 67.560541 
-14.100000 67.353800 
-14.000000 67.794351 
-13.900000 66.787982 
-13.800000 65.791587 
-13.700000 67.009083 
-13.600000 66.271020 
-13.500000 65.421014 
-13.400000 66.961579 
-13.300000 66.881905 
-13.200000 67.169575 
-13.100000 66.956011 
-13.000000 65.975757 
-12.900000 66.998691 
-12.800000 68.033365 
-12.700000 67.967085 
-12.600000 66.499124 
-12.500000 66.549297 
-12.400000 66.503037 
-12.300000 65.732838 
-12.200000 66.113201 
-12.100000 67.532466 
-12.000000 67.173731 
-11.900000 67.683919 
-11.800000 66.986889 
-11.700000 67.598848 
-11.600000 66.442159 
-11.500000 68.255927 
-11.400000 65.648203 
-11.300000 66.248653 
-11.200000 66.946271 
-11.100000 66.992615 
-11.000000 65.744235 
-10.900000 66.880410 
-10.800000 68.152667 
-10.700000 67.597821 
-10.600000 66.960530 
-10.500000 68.312956 
-10.400000 67.818217 
-10.300000 67.312387 
-10.200000 68.427387 
-10.100000 67.914355 
-10.000000 68.712084 
-9.900000 66.908510 
-9.800000 68.460247 
-9.700000 68.692862 
-9.600000 68.705764 
-9.500000 68.390332 
-9.400000 67.988750 
-9.300000 67.322802 
-9.200000 68.371594 
-9.100000 67.789029 
-9.000000 70.053383 
-8.900000 69.975540 
-8.800000 68.111913 
-8.700000 68.448666 
-8.600000 69.368385 
-8.500000 69.479063 
-8.400000 68.928160 
-8.300000 69.564722 
-8.200000 69.862028 
-8.100000 69.690816 
-8.000000 70.075087 
-7.900000 70.620579 
-7.800000 71.609210 
-7.700000 67.781070 
-7.600000 68.055355 
-7.500000 69.301545 
-7.400000 70.230072 
-7.300000 69.865047 
-7.200000 70.623281 
-7.100000 68.112120 
-7.000000 70.219207 
-6.900000 71.240915 
-6.800000 36.576714 
-6.700000 68.057212 
-6.600000 68.330450 
-6.500000 72.057718 
-6.400000 70.898049 
-6.300000 70.577252 
-6.200000 70.967406 
-6.100000 68.058732 
-6.000000 69.633701 
-5.900000 64.544164 
-5.800000 67.654102 
-5.700000 69.907067 
-5.600000 27.280673 
-5.500000 66.293602 
-5.400000 23.157975 
-5.300000 67.221894 
-5.200000 11.272629 
-5.100000 32.406599 
-5.000000 7.217070 
-4.900000 68.675150 
-4.800000 8.982016 
-4.700000 7.389655 
-4.600000 4.492293 
-4.500000 7.772100 
-4.400000 10.333404 
-4.300000 25.046988 
-4.200000 8.773675 
-4.100000 6.237365 
-4.000000 7.025460 
-3.900000 6.546637 
-3.800000 8.449536 
-3.700000 9.559022 
-3.600000 3.885819 
-3.500000 7.258961 
-3.400000 3.596733 
-3.300000 2.283663 
-3.200000 3.529995 
-3.100000 2.681071 
-3.000000 3.403630 
-2.900000 3.999401 
-2.800000 4.152155 
-2.700000 2.184044 
-2.600000 3.285869 
-2.500000 2.461254 
-2.400000 2.452500 
-2.300000 1.983842 
-2.200000 2.940813 
-2.100000 2.447497 
-2.000000 1.582326 
-1.900000 3.535405 
-1.800000 2.205999 
-1.700000 2.131493 
-1.600000 1.631986 
-1.500000 1.677978 
-1.400000 1.238803 
-1.300000 1.003892 
-1.200000 0.714364 
-1.100000 2.982497 
-1.000000 1.112117 
-0.900000 0.909373 
-0.800000 1.383028 
-0.700000 0.798230 
-0.600000 0.716611 
-0.500000 0.525589 
-0.400000 1.587004 
-0.300000 0.560499 
-0.200000 0.375343 
-0.100000 0.297584 
