-40.000000 41.186309 
-39.900000 42.208047 
-39.800000 42.752029 
-39.700000 41.030380 
-39.600000 42.024513 
-39.500000 42.555930 
-39.400000 43.050228 
-39.300000 43.187213 
-39.200000 43.478216 
-39.100000 41.096131 
-39.000000 41.402212 
-38.900000 41.740915 
-38.800000 43.607275 
-38.700000 43.488500 
-38.600000 43.865643 
-38.500000 43.419665 
-38.400000 43.021941 
-38.300000 42.662255 
-38.200000 44.908874 
-38.100000 44.084340 
-38.000000 43.214083 
-37.900000 44.526765 
-37.800000 43.906866 
-37.700000 43.015427 
-37.600000 44.124779 
-37.500000 43.143329 
-37.400000 44.429454 
-37.300000 45.116538 
-37.200000 43.542688 
-37.100000 44.773169 
-37.000000 45.315036 
-36.900000 45.508835 
-36.800000 43.781747 
-36.700000 43.993742 
-36.600000 44.581994 
-36.500000 44.826459 
-36.400000 44.829461 
-36.300000 44.626233 
-36.200000 44.838861 
-36.100000 46.404868 
-36.000000 46.399165 
-35.900000 45.994031 
-35.800000 45.129555 
-35.700000 47.038869 
-35.600000 46.212619 
-35.500000 45.082669 
-35.400000 46.748771 
-35.300000 47.708312 
-35.200000 46.309915 
-35.100000 47.157164 
-35.000000 47.675033 
-34.900000 46.233272 
-34.800000 46.734492 
-34.700000 47.447736 
-34.600000 47.209163 
-34.500000 47.222590 
-34.400000 47.050506 
-34.300000 47.025668 
-34.200000 46.754604 
-34.100000 48.618580 
-34.000000 48.084517 
-33.900000 47.822980 
-33.800000 48.793113 
-33.700000 47.799824 
-33.600000 48.875640 
-33.500000 47.992885 
-33.400000 48.907563 
-33.300000 49.377782 
-33.200000 47.322893 
-33.100000 48.269011 
-33.000000 48.334047 
-32.900000 48.533820 
-32.800000 48.146251 
-32.700000 48.319748 
-32.600000 50.097021 
-32.500000 49.364398 
-32.400000 48.899874 
-32.300000 49.859154 
-32.200000 48.581656 
-32.100000 49.954113 
-32.000000 48.720550 
-31.900000 49.538652 
-31.800000 49.633813 
-31.700000 49.772839 
-31.600000 50.276736 
-31.500000 50.282146 
-31.400000 49.735313 
-31.300000 49.682533 
-31.200000 51.214010 
-31.100000 50.461527 
-31.000000 51.740855 
-30.900000 50.346873 
-30.800000 51.734720 
-30.700000 49.995765 
-30.600000 50.247225 
-30.500000 50.814904 
-30.400000 50.215628 
-30.300000 50.710934 
-30.200000 52.439810 
-30.100000 51.912918 
-30.000000 51.015616 
-29.900000 52.429956 
-29.800000 51.401450 
-29.700000 52.288779 
-29.600000 52.697751 
-29.500000 53.157280 
-29.400000 53.085321 
-29.300000 53.259544 
-29.200000 52.551604 
-29.100000 52.169450 
-29.000000 53.501561 
-28.900000 52.564364 
-28.800000 53.193063 
-28.700000 52.154880 
-28.600000 52.081615 
-28.500000 52.374479 
-28.400000 51.952481 
-28.300000 54.138120 
-28.200000 53.490836 
-28.100000 52.551423 
-28.000000 53.708247 
-27.900000 54.514091 
-27.800000 52.740022 
-27.700000 52.922119 
-27.600000 53.027144 
-27.500000 55.028486 
-27.400000 54.728200 
-27.300000 53.766682 
-27.200000 54.643493 
-27.100000 55.445604 
-27.000000 53.522940 
-26.900000 53.769477 
-26.800000 55.681023 
-26.700000 55.493600 
-26.600000 54.542173 
-26.500000 55.718963 
-26.400000 54.167568 
-26.300000 54.397063 
-26.200000 54.523893 
-26.100000 54.418234 
-26.000000 56.092592 
-25.900000 55.034595 
-25.800000 56.351123 
-25.700000 57.147014 
-25.600000 54.361303 
-25.500000 56.725122 
-25.400000 56.528455 
-25.300000 55.565598 
-25.200000 56.714927 
-25.100000 56.826415 
-25.000000 55.382877 
-24.900000 57.567900 
-24.800000 57.265429 
-24.700000 56.365446 
-24.600000 56.900997 
-24.500000 57.817336 
-24.400000 57.872159 
-24.300000 57.281402 
-24.200000 56.608700 
-24.100000 57.847630 
-24.000000 56.264788 
-23.900000 56.359584 
-23.800000 56.392278 
-23.700000 57.899895 
-23.600000 56.706729 
-23.500000 57.696500 
-23.400000 57.851237 
-23.300000 57.750596 
-23.200000 57.100191 
-23.100000 57.899605 
-23.000000 58.591895 
-22.900000 59.112343 
-22.800000 58.019296 
-22.700000 57.599975 
-22.600000 58.522678 
-22.500000 58.539803 
-22.400000 58.793822 
-22.300000 57.810377 
-22.200000 58.940680 
-22.100000 59.070139 
-22.000000 59.466239 
-21.900000 58.599502 
-21.800000 59.883643 
-21.700000 60.203177 
-21.600000 59.822331 
-21.500000 59.631398 
-21.400000 60.872051 
-21.300000 58.468269 
-21.200000 61.149655 
-21.100000 60.332988 
-21.000000 61.312094 
-20.900000 59.191792 
-20.800000 61.790780 
-20.700000 60.153280 
-20.600000 60.803022 
-20.500000 60.559863 
-20.400000 60.148133 
-20.300000 61.229039 
-20.200000 61.469505 
-20.100000 61.002340 
-20.000000 60.077652 
-19.900000 60.414772 
-19.800000 59.914401 
-19.700000 61.193446 
-19.600000 60.927131 
-19.500000 61.987023 
-19.400000 61.281457 
-19.300000 61.574652 
-19.200000 61.370033 
-19.100000 60.580863 
-19.000000 60.661783 
-18.900000 61.114957 
-18.800000 61.868180 
-18.700000 62.991931 
-18.600000 61.732644 
-18.500000 60.574455 
-18.400000 60.958805 
-18.300000 60.674008 
-18.200000 62.000759 
-18.100000 61.724326 
-18.000000 61.095008 
-17.900000 61.880734 
-17.800000 61.320784 
-17.700000 61.988411 
-17.600000 62.259835 
-17.500000 61.817165 
-17.400000 62.353090 
-17.300000 61.803940 
-17.200000 62.962471 
-17.100000 62.722334 
-17.000000 62.226425 
-16.900000 62.496826 
-16.800000 63.900455 
-16.700000 62.498791 
-16.600000 63.936986 
-16.500000 63.146326 
-16.400000 62.524105 
-16.300000 63.512229 
-16.200000 63.401757 
-16.100000 64.125018 
-16.000000 64.413471 
-15.900000 63.079463 
-15.800000 63.186785 
-15.700000 64.538518 
-15.600000 64.341321 
-15.500000 63.896045 
-15.400000 63.851514 
-15.300000 64.496001 
-15.200000 64.759099 
-15.100000 65.104215 
-15.000000 65.123857 
-14.900000 63.902342 
-14.800000 65.376579 
-14.700000 65.856463 
-14.600000 65.155892 
-14.500000 65.329352 
-14.400000 64.223820 
-14.300000 66.083301 
-14.200000 64.395853 
-14.100000 66.244227 
-14.000000 64.435810 
-13.900000 65.759562 
-13.800000 65.404580 
-13.700000 65.650820 
-13.600000 64.738080 
-13.500000 65.329941 
-13.400000 66.059604 
-13.300000 64.975535 
-13.200000 65.160552 
-13.100000 64.211495 
-13.000000 66.235892 
-12.900000 65.001739 
-12.800000 63.773556 
-12.700000 65.523606 
-12.600000 64.800865 
-12.500000 66.131174 
-12.400000 66.705463 
-12.300000 65.102337 
-12.200000 64.868846 
-12.100000 65.902925 
-12.000000 64.739233 
-11.900000 64.504954 
-11.800000 64.390927 
-11.700000 65.439728 
-11.600000 65.841817 
-11.500000 65.038694 
-11.400000 66.214345 
-11.300000 65.671551 
-11.200000 64.902268 
-11.100000 65.746764 
-11.000000 66.767215 
-10.900000 65.006184 
-10.800000 66.407268 
-10.700000 65.401967 
-10.600000 64.907674 
-10.500000 66.351875 
-10.400000 66.519402 
-10.300000 67.491299 
-10.200000 67.883246 
-10.100000 67.588664 
-10.000000 66.563232 
-9.900000 65.883180 
-9.800000 66.241952 
-9.700000 67.710521 
-9.600000 68.083800 
-9.500000 67.163423 
-9.400000 66.860983 
-9.300000 66.539454 
-9.200000 66.639812 
-9.100000 66.863326 
-9.000000 67.367731 
-8.900000 68.794494 
-8.800000 68.343889 
-8.700000 66.666622 
-8.600000 68.568630 
-8.500000 69.111829 
-8.400000 67.844556 
-8.300000 68.103166 
-8.200000 69.390657 
-8.100000 68.550619 
-8.000000 69.687036 
-7.900000 67.884762 
-7.800000 68.407302 
-7.700000 69.615930 
-7.600000 65.012059 
-7.500000 68.932160 
-7.400000 66.588454 
-7.300000 66.315028 
-7.200000 66.204439 
-7.100000 65.973764 
-7.000000 68.840329 
-6.900000 65.698641 
-6.800000 65.889508 
-6.700000 65.914699 
-6.600000 63.386517 
-6.500000 64.990316 
-6.400000 64.160690 
-6.300000 64.736659 
-6.200000 48.783993 
-6.100000 63.760165 
-6.000000 62.168842 
-5.900000 56.408752 
-5.800000 44.016624 
-5.700000 35.844815 
-5.600000 42.136797 
-5.500000 41.212722 
-5.400000 32.690278 
-5.300000 52.493098 
-5.200000 34.673993 
-5.100000 36.291768 
-5.000000 36.476220 
-4.900000 36.290060 
-4.800000 31.220688 
-4.700000 31.895408 
-4.600000 28.355297 
-4.500000 27.198074 
-4.400000 27.365449 
-4.300000 28.401909 
-4.200000 26.376123 
-4.100000 29.075274 
-4.000000 24.546400 
-3.900000 25.098548 
-3.800000 23.818608 
-3.700000 25.215165 
-3.600000 22.511338 
-3.500000 24.281970 
-3.400000 22.965048 
-3.300000 24.284500 
-3.200000 22.423386 
-3.100000 21.517357 
-3.000000 20.181702 
-2.900000 20.553358 
-2.800000 23.323675 
-2.700000 19.907168 
-2.600000 20.629467 
-2.500000 18.347445 
-2.400000 20.820881 
-2.300000 19.981563 
-2.200000 17.730494 
-2.100000 18.278839 
-2.000000 17.769074 
-1.900000 17.212296 
-1.800000 17.245223 
-1.700000 18.693352 
-1.600000 16.722774 
-1.500000 16.539028 
-1.400000 15.439420 
-1.300000 15.895916 
-1.200000 15.124098 
-1.100000 16.236689 
-1.000000 14.392164 
-0.900000 14.141059 
-0.800000 15.490727 
-0.700000 14.404871 
-0.600000 14.118575 
-0.500000 13.977039 
-0.400000 13.890243 
-0.300000 13.499003 
-0.200000 13.393516 
-0.100000 12.362694 
