-40.000000 41.796047 
-39.900000 41.853093 
-39.800000 41.974658 
-39.700000 41.966166 
-39.600000 41.922152 
-39.500000 42.219681 
-39.400000 42.281182 
-39.300000 42.386420 
-39.200000 42.450752 
-39.100000 42.579114 
-39.000000 42.748528 
-38.900000 42.667049 
-38.800000 42.833010 
-38.700000 43.060094 
-38.600000 43.041435 
-38.500000 43.302153 
-38.400000 43.244406 
-38.300000 43.319123 
-38.200000 43.511804 
-38.100000 43.419796 
-38.000000 43.762582 
-37.900000 43.806110 
-37.800000 43.787154 
-37.700000 44.029226 
-37.600000 44.036310 
-37.500000 44.253187 
-37.400000 44.180670 
-37.300000 44.427104 
-37.200000 44.333575 
-37.100000 44.529479 
-37.000000 44.598102 
-36.900000 44.704389 
-36.800000 44.800061 
-36.700000 44.924077 
-36.600000 44.974316 
-36.500000 45.124282 
-36.400000 45.206511 
-36.300000 45.342017 
-36.200000 45.297713 
-36.100000 45.643303 
-36.000000 45.708680 
-35.900000 45.681134 
-35.800000 45.695982 
-35.700000 45.867350 
-35.600000 45.966655 
-35.500000 46.175038 
-35.400000 46.188894 
-35.300000 46.365364 
-35.200000 46.348944 
-35.100000 46.483684 
-35.000000 46.524009 
-34.900000 46.619834 
-34.800000 46.941665 
-34.700000 46.842263 
-34.600000 47.134890 
-34.500000 47.185701 
-34.400000 47.066266 
-34.300000 47.242538 
-34.200000 47.421354 
-34.100000 47.464726 
-34.000000 47.537356 
-33.900000 47.839067 
-33.800000 47.744536 
-33.700000 47.766993 
-33.600000 47.906249 
-33.500000 48.015217 
-33.400000 48.088029 
-33.300000 48.260235 
-33.200000 48.301254 
-33.100000 48.358712 
-33.000000 48.304510 
-32.900000 48.580495 
-32.800000 48.849917 
-32.700000 48.853403 
-32.600000 48.809881 
-32.500000 48.962950 
-32.400000 49.025271 
-32.300000 49.076721 
-32.200000 49.295489 
-32.100000 49.167583 
-32.000000 49.394132 
-31.900000 49.388705 
-31.800000 49.557743 
-31.700000 49.687923 
-31.600000 49.819967 
-31.500000 49.846299 
-31.400000 50.046857 
-31.300000 50.090743 
-31.200000 50.104008 
-31.100000 50.098959 
-31.000000 50.354558 
-30.900000 50.439228 
-30.800000 50.443458 
-30.700000 50.786109 
-30.600000 50.765671 
-30.500000 50.773957 
-30.400000 50.925129 
-30.300000 51.015708 
-30.200000 51.135173 
-30.100000 51.086818 
-30.000000 51.377145 
-29.900000 51.270096 
-29.800000 51.513995 
-29.700000 51.466919 
-29.600000 51.690060 
-29.500000 51.896508 
-29.400000 51.944271 
-29.300000 51.920412 
-29.200000 51.968935 
-29.100000 52.148121 
-29.000000 52.341824 
-28.900000 52.228073 
-28.800000 52.373860 
-28.700000 52.370027 
-28.600000 52.377651 
-28.500000 52.628941 
-28.400000 52.679938 
-28.300000 52.935487 
-28.200000 52.998253 
-28.100000 52.905344 
-28.000000 53.057110 
-27.900000 53.287767 
-27.800000 53.374907 
-27.700000 53.433217 
-27.600000 53.309842 
-27.500000 53.676856 
-27.400000 53.737026 
-27.300000 53.649167 
-27.200000 53.790496 
-27.100000 54.008266 
-27.000000 53.456017 
-26.900000 53.532807 
-26.800000 53.716310 
-26.700000 53.927819 
-26.600000 54.149050 
-26.500000 53.946167 
-26.400000 54.303258 
-26.300000 54.104341 
-26.200000 54.135546 
-26.100000 54.217249 
-26.000000 54.353155 
-25.900000 54.555006 
-25.800000 54.718004 
-25.700000 54.849841 
-25.600000 54.631638 
-25.500000 54.945014 
-25.400000 55.048540 
-25.300000 55.009079 
-25.200000 55.231554 
-25.100000 55.263719 
-25.000000 55.399148 
-24.900000 55.465468 
-24.800000 55.616087 
-24.700000 55.714883 
-24.600000 55.813045 
-24.500000 55.752773 
-24.400000 55.966279 
-24.300000 56.037511 
-24.200000 56.011885 
-24.100000 56.381161 
-24.000000 56.257097 
-23.900000 56.269253 
-23.800000 56.613443 
-23.700000 56.614527 
-23.600000 56.654595 
-23.500000 56.891132 
-23.400000 56.971690 
-23.300000 57.059605 
-23.200000 56.934754 
-23.100000 57.198416 
-23.000000 57.206942 
-22.900000 57.546603 
-22.800000 57.506205 
-22.700000 57.591572 
-22.600000 57.613028 
-22.500000 57.710865 
-22.400000 57.929533 
-22.300000 58.048959 
-22.200000 57.962136 
-22.100000 58.108770 
-22.000000 57.849465 
-21.900000 57.776924 
-21.800000 58.481900 
-21.700000 58.599127 
-21.600000 58.043858 
-21.500000 58.727748 
-21.400000 58.614818 
-21.300000 58.516340 
-21.200000 58.523380 
-21.100000 58.240715 
-21.000000 58.149355 
-20.900000 57.811305 
-20.800000 58.358700 
-20.700000 58.275366 
-20.600000 58.963129 
-20.500000 59.267576 
-20.400000 57.961489 
-20.300000 57.933623 
-20.200000 58.518532 
-20.100000 58.120299 
-20.000000 58.128864 
-19.900000 58.793529 
-19.800000 58.418281 
-19.700000 58.574825 
-19.600000 58.572026 
-19.500000 58.669255 
-19.400000 58.946873 
-19.300000 58.872523 
-19.200000 59.018141 
-19.100000 58.964006 
-19.000000 59.258697 
-18.900000 59.257779 
-18.800000 59.537670 
-18.700000 59.455911 
-18.600000 59.483375 
-18.500000 59.553199 
-18.400000 59.503220 
-18.300000 59.929745 
-18.200000 59.957256 
-18.100000 60.034566 
-18.000000 60.008114 
-17.900000 60.187648 
-17.800000 60.328411 
-17.700000 60.465868 
-17.600000 60.471936 
-17.500000 60.513045 
-17.400000 60.701044 
-17.300000 60.667181 
-17.200000 60.923791 
-17.100000 60.999752 
-17.000000 61.025536 
-16.900000 61.135051 
-16.800000 61.240718 
-16.700000 60.695448 
-16.600000 61.561239 
-16.500000 61.636679 
-16.400000 61.481862 
-16.300000 61.629046 
-16.200000 61.884548 
-16.100000 61.951303 
-16.000000 61.009180 
-15.900000 62.045564 
-15.800000 61.694242 
-15.700000 62.356020 
-15.600000 61.421711 
-15.500000 61.480140 
-15.400000 61.484543 
-15.300000 61.571262 
-15.200000 61.539584 
-15.100000 61.240647 
-15.000000 61.883754 
-14.900000 62.289091 
-14.800000 59.900520 
-14.700000 60.927522 
-14.600000 60.925903 
-14.500000 60.086282 
-14.400000 60.319699 
-14.300000 60.578229 
-14.200000 59.969989 
-14.100000 60.169628 
-14.000000 60.223793 
-13.900000 60.291681 
-13.800000 60.246416 
-13.700000 60.307507 
-13.600000 60.638768 
-13.500000 60.559473 
-13.400000 60.565590 
-13.300000 60.764452 
-13.200000 61.004426 
-13.100000 60.928500 
-13.000000 61.083555 
-12.900000 61.129383 
-12.800000 61.273216 
-12.700000 61.305098 
-12.600000 61.577016 
-12.500000 61.596245 
-12.400000 61.489276 
-12.300000 61.811195 
-12.200000 61.736390 
-12.100000 61.828960 
-12.000000 61.901399 
-11.900000 61.969909 
-11.800000 62.310774 
-11.700000 62.334971 
-11.600000 62.382655 
-11.500000 62.342042 
-11.400000 62.634496 
-11.300000 62.579694 
-11.200000 62.726555 
-11.100000 62.920029 
-11.000000 62.788440 
-10.900000 63.070585 
-10.800000 63.111090 
-10.700000 62.178818 
-10.600000 63.295853 
-10.500000 63.359771 
-10.400000 63.538262 
-10.300000 63.498767 
-10.200000 63.589179 
-10.100000 62.502743 
-10.000000 62.741080 
-9.900000 62.873853 
-9.800000 63.992026 
-9.700000 64.124678 
-9.600000 63.052636 
-9.500000 63.340335 
-9.400000 63.338068 
-9.300000 63.019579 
-9.200000 62.322978 
-9.100000 62.190475 
-9.000000 63.427681 
-8.900000 61.443218 
-8.800000 63.821940 
-8.700000 61.674921 
-8.600000 59.503974 
-8.500000 56.512248 
-8.400000 62.146320 
-8.300000 53.143742 
-8.200000 52.795157 
-8.100000 56.305683 
-8.000000 56.471360 
-7.900000 42.670322 
-7.800000 22.386465 
-7.700000 22.240310 
-7.600000 37.641644 
-7.500000 22.506995 
-7.400000 19.742218 
-7.300000 17.965447 
-7.200000 17.965597 
-7.100000 16.041005 
-7.000000 16.061809 
-6.900000 14.637178 
-6.800000 14.168886 
-6.700000 14.138346 
-6.600000 13.398042 
-6.500000 12.759538 
-6.400000 12.754481 
-6.300000 11.427107 
-6.200000 11.510837 
-6.100000 10.471679 
-6.000000 9.450688 
-5.900000 9.498074 
-5.800000 9.530588 
-5.700000 9.051822 
-5.600000 8.935791 
-5.500000 7.691476 
-5.400000 7.466145 
-5.300000 7.226423 
-5.200000 6.794026 
-5.100000 6.459296 
-5.000000 6.379669 
-4.900000 6.234766 
-4.800000 5.841163 
-4.700000 5.230228 
-4.600000 4.954987 
-4.500000 4.939564 
-4.400000 4.646130 
-4.300000 4.434673 
-4.200000 4.237668 
-4.100000 3.942716 
-4.000000 4.038269 
-3.900000 3.700998 
-3.800000 3.362056 
-3.700000 3.096827 
-3.600000 3.250330 
-3.500000 2.931203 
-3.400000 2.707886 
-3.300000 2.809529 
-3.200000 2.549671 
-3.100000 2.309491 
-3.000000 2.157784 
-2.900000 2.154825 
-2.800000 1.874548 
-2.700000 1.883777 
-2.600000 1.721242 
-2.500000 1.697831 
-2.400000 1.510433 
-2.300000 1.406607 
-2.200000 1.360596 
-2.100000 1.235694 
-2.000000 1.125598 
-1.900000 1.124779 
-1.800000 1.075880 
-1.700000 0.903969 
-1.600000 0.903655 
-1.500000 0.805338 
-1.400000 0.802826 
-1.300000 0.739568 
-1.200000 0.583908 
-1.100000 0.590099 
-1.000000 0.526867 
-0.900000 0.463372 
-0.800000 0.449968 
-0.700000 0.374659 
-0.600000 0.408156 
-0.500000 0.336629 
-0.400000 0.296717 
-0.300000 0.258564 
-0.200000 0.217593 
-0.100000 0.188825 
