-40.000000 46.188495 
-39.900000 46.234573 
-39.800000 46.594264 
-39.700000 46.969625 
-39.600000 46.427793 
-39.500000 46.764799 
-39.400000 46.830731 
-39.300000 47.567968 
-39.200000 47.922134 
-39.100000 46.338881 
-39.000000 46.859935 
-38.900000 47.001016 
-38.800000 47.905971 
-38.700000 48.124303 
-38.600000 48.066974 
-38.500000 47.920916 
-38.400000 48.078359 
-38.300000 47.535105 
-38.200000 48.790122 
-38.100000 48.354795 
-38.000000 48.008748 
-37.900000 48.832534 
-37.800000 47.581835 
-37.700000 48.224025 
-37.600000 48.541192 
-37.500000 47.602099 
-37.400000 49.213693 
-37.300000 49.234808 
-37.200000 48.772670 
-37.100000 48.907656 
-37.000000 49.387249 
-36.900000 49.392764 
-36.800000 48.415119 
-36.700000 49.815167 
-36.600000 48.843055 
-36.500000 48.918906 
-36.400000 49.171044 
-36.300000 48.927039 
-36.200000 47.640233 
-36.100000 48.270701 
-36.000000 48.019011 
-35.900000 48.291507 
-35.800000 48.633456 
-35.700000 48.361331 
-35.600000 48.682952 
-35.500000 48.532945 
-35.400000 48.408120 
-35.300000 48.650767 
-35.200000 48.686913 
-35.100000 49.020779 
-35.000000 48.980019 
-34.900000 49.197160 
-34.800000 49.398675 
-34.700000 49.767332 
-34.600000 49.489142 
-34.500000 49.498711 
-34.400000 49.256983 
-34.300000 49.946039 
-34.200000 49.612362 
-34.100000 50.151810 
-34.000000 50.053434 
-33.900000 50.214295 
-33.800000 50.406310 
-33.700000 50.408367 
-33.600000 50.804509 
-33.500000 50.554891 
-33.400000 50.589985 
-33.300000 50.494018 
-33.200000 51.061497 
-33.100000 50.527665 
-33.000000 51.142168 
-32.900000 51.532766 
-32.800000 51.114446 
-32.700000 50.674004 
-32.600000 50.982868 
-32.500000 51.571840 
-32.400000 51.664793 
-32.300000 51.492792 
-32.200000 52.043285 
-32.100000 51.374376 
-32.000000 51.407998 
-31.900000 51.856181 
-31.800000 52.409263 
-31.700000 51.863220 
-31.600000 52.396114 
-31.500000 52.345792 
-31.400000 52.985024 
-31.300000 52.185334 
-31.200000 52.912067 
-31.100000 52.708963 
-31.000000 53.068398 
-30.900000 52.976284 
-30.800000 52.606613 
-30.700000 52.371274 
-30.600000 51.750557 
-30.500000 52.128344 
-30.400000 52.273054 
-30.300000 52.114867 
-30.200000 49.954083 
-30.100000 49.842949 
-30.000000 50.084615 
-29.900000 50.411570 
-29.800000 50.347675 
-29.700000 50.293897 
-29.600000 50.675769 
-29.500000 50.514235 
-29.400000 50.916223 
-29.300000 50.902480 
-29.200000 50.668033 
-29.100000 50.866989 
-29.000000 51.418598 
-28.900000 51.061148 
-28.800000 51.349743 
-28.700000 50.926804 
-28.600000 51.360662 
-28.500000 51.428611 
-28.400000 51.694563 
-28.300000 51.644291 
-28.200000 51.891374 
-28.100000 51.884039 
-28.000000 52.106516 
-27.900000 52.187515 
-27.800000 52.223068 
-27.700000 52.210483 
-27.600000 52.059266 
-27.500000 52.322976 
-27.400000 52.557621 
-27.300000 52.400086 
-27.200000 52.806866 
-27.100000 53.049714 
-27.000000 52.821933 
-26.900000 52.939489 
-26.800000 53.290803 
-26.700000 53.401295 
-26.600000 53.304710 
-26.500000 53.343536 
-26.400000 53.638038 
-26.300000 53.832356 
-26.200000 53.922574 
-26.100000 53.809346 
-26.000000 53.816149 
-25.900000 53.826611 
-25.800000 54.164459 
-25.700000 54.026959 
-25.600000 54.344210 
-25.500000 54.735609 
-25.400000 54.729648 
-25.300000 54.551612 
-25.200000 54.668452 
-25.100000 55.194525 
-25.000000 55.048286 
-24.900000 55.064772 
-24.800000 54.695607 
-24.700000 54.661133 
-24.600000 53.216376 
-24.500000 53.339238 
-24.400000 53.138459 
-24.300000 53.390791 
-24.200000 51.102965 
-24.100000 39.795862 
-24.000000 34.769673 
-23.900000 31.618321 
-23.800000 29.331646 
-23.700000 27.540074 
-23.600000 26.070249 
-23.500000 24.826864 
-23.400000 23.750679 
-23.300000 22.803678 
-23.200000 21.958978 
-23.100000 21.197757 
-23.000000 20.505460 
-22.900000 19.871306 
-22.800000 19.286901 
-22.700000 18.745418 
-22.600000 18.241385 
-22.500000 17.770270 
-22.400000 17.328409 
-22.300000 16.912615 
-22.200000 16.520272 
-22.100000 16.149073 
-22.000000 15.797102 
-21.900000 15.462642 
-21.800000 15.144177 
-21.700000 14.840453 
-21.600000 14.550291 
-21.500000 14.272654 
-21.400000 14.006660 
-21.300000 13.751480 
-21.200000 13.506393 
-21.100000 13.270711 
-21.000000 13.043853 
-20.900000 12.825263 
-20.800000 12.614455 
-20.700000 12.410649 
-20.600000 12.210295 
-20.500000 12.012750 
-20.400000 11.818279 
-20.300000 11.627095 
-20.200000 11.439344 
-20.100000 11.255136 
-20.000000 11.074538 
-19.900000 10.897603 
-19.800000 10.724328 
-19.700000 10.554724 
-19.600000 10.388753 
-19.500000 10.226394 
-19.400000 10.067597 
-19.300000 9.912307 
-19.200000 9.760460 
-19.100000 9.611992 
-19.000000 9.466832 
-18.900000 9.324906 
-18.800000 9.186131 
-18.700000 9.050452 
-18.600000 8.917740 
-18.500000 8.788010 
-18.400000 8.661135 
-18.300000 8.537039 
-18.200000 8.415659 
-18.100000 8.296911 
-18.000000 8.180730 
-17.900000 8.067049 
-17.800000 7.955798 
-17.700000 7.846908 
-17.600000 7.740318 
-17.500000 7.635964 
-17.400000 7.533786 
-17.300000 7.433727 
-17.200000 7.335726 
-17.100000 7.239730 
-17.000000 7.145685 
-16.900000 7.053539 
-16.800000 6.963241 
-16.700000 6.874741 
-16.600000 6.787994 
-16.500000 6.702952 
-16.400000 6.619573 
-16.300000 6.537812 
-16.200000 6.457628 
-16.100000 6.378980 
-16.000000 6.301830 
-15.900000 6.226141 
-15.800000 6.151876 
-15.700000 6.078998 
-15.600000 6.007472 
-15.500000 5.937269 
-15.400000 5.868354 
-15.300000 5.800697 
-15.200000 5.734267 
-15.100000 5.669034 
-15.000000 5.604971 
-14.900000 5.542049 
-14.800000 5.480244 
-14.700000 5.419496 
-14.600000 5.359577 
-14.500000 5.300593 
-14.400000 5.242791 
-14.300000 5.185787 
-14.200000 5.129573 
-14.100000 5.074141 
-14.000000 5.019482 
-13.900000 4.965588 
-13.800000 4.912450 
-13.700000 4.860059 
-13.600000 4.808404 
-13.500000 4.757479 
-13.400000 4.707273 
-13.300000 4.657776 
-13.200000 4.608906 
-13.100000 4.560597 
-13.000000 4.512846 
-12.900000 4.465653 
-12.800000 4.419013 
-12.700000 4.372931 
-12.600000 4.327395 
-12.500000 4.282326 
-12.400000 4.237700 
-12.300000 4.193584 
-12.200000 4.149896 
-12.100000 4.106123 
-12.000000 4.062560 
-11.900000 4.019166 
-11.800000 3.975902 
-11.700000 3.929254 
-11.600000 3.886150 
-11.500000 3.843244 
-11.400000 3.800543 
-11.300000 3.737525 
-11.200000 3.694596 
-11.100000 3.651987 
-11.000000 3.609852 
-10.900000 3.568245 
-10.800000 3.527233 
-10.700000 3.486610 
-10.600000 3.446344 
-10.500000 3.406187 
-10.400000 3.366299 
-10.300000 3.326612 
-10.200000 3.287081 
-10.100000 3.247765 
-10.000000 3.208711 
-9.900000 3.169894 
-9.800000 3.131314 
-9.700000 3.093030 
-9.600000 3.054990 
-9.500000 3.017146 
-9.400000 2.979570 
-9.300000 2.942270 
-9.200000 2.905260 
-9.100000 2.868459 
-9.000000 2.831960 
-8.900000 2.797309 
-8.800000 2.769533 
-8.700000 2.733420 
-8.600000 2.689245 
-8.500000 2.656499 
-8.400000 2.630561 
-8.300000 2.604968 
-8.200000 2.579647 
-8.100000 2.555000 
-8.000000 2.530804 
-7.900000 2.506805 
-7.800000 2.483016 
-7.700000 2.459437 
-7.600000 2.436036 
-7.500000 2.412832 
-7.400000 2.389834 
-7.300000 2.367015 
-7.200000 2.344385 
-7.100000 2.321949 
-7.000000 2.299773 
-6.900000 2.277795 
-6.800000 2.252759 
-6.700000 2.230255 
-6.600000 2.207873 
-6.500000 2.155618 
-6.400000 2.134135 
-6.300000 2.112874 
-6.200000 2.092528 
-6.100000 2.039440 
-6.000000 2.019290 
-5.900000 1.999087 
-5.800000 1.978883 
-5.700000 1.958642 
-5.600000 1.938371 
-5.500000 1.918089 
-5.400000 1.897967 
-5.300000 1.878983 
-5.200000 1.860194 
-5.100000 1.841649 
-5.000000 1.823302 
-4.900000 1.805113 
-4.800000 1.787047 
-4.700000 1.769195 
-4.600000 1.751444 
-4.500000 1.733858 
-4.400000 1.716441 
-4.300000 1.699148 
-4.200000 1.681971 
-4.100000 1.665195 
-4.000000 1.650437 
-3.900000 1.635761 
-3.800000 1.621168 
-3.700000 1.606626 
-3.600000 1.592180 
-3.500000 1.577803 
-3.400000 1.563457 
-3.300000 1.549879 
-3.200000 1.536483 
-3.100000 1.523125 
-3.000000 1.022952 
-2.900000 1.020497 
-2.800000 1.017959 
-2.700000 1.015312 
-2.600000 1.012576 
-2.500000 1.009756 
-2.400000 1.007226 
-2.300000 1.004684 
-2.200000 1.002037 
-2.100000 0.998655 
-2.000000 0.993982 
-1.900000 0.989197 
-1.800000 0.984271 
-1.700000 0.979181 
-1.600000 0.973963 
-1.500000 0.973861 
-1.400000 0.975038 
-1.300000 0.974562 
-1.200000 0.974086 
-1.100000 -0.042339 
-1.000000 -0.041544 
-0.900000 -0.041126 
-0.800000 -0.040476 
-0.700000 -0.040057 
-0.600000 -0.039152 
-0.500000 -0.038870 
-0.400000 -0.038900 
-0.300000 -0.038436 
-0.200000 -0.037672 
-0.100000 -0.036955 
