-40.000000 41.170800 
-39.900000 42.146541 
-39.800000 42.935006 
-39.700000 41.066130 
-39.600000 41.895830 
-39.500000 42.509666 
-39.400000 43.072218 
-39.300000 43.244115 
-39.200000 43.621343 
-39.100000 41.410060 
-39.000000 41.452609 
-38.900000 41.715205 
-38.800000 43.956657 
-38.700000 43.860048 
-38.600000 43.677937 
-38.500000 43.553965 
-38.400000 43.210092 
-38.300000 42.785896 
-38.200000 44.441661 
-38.100000 44.031451 
-38.000000 43.134087 
-37.900000 44.939604 
-37.800000 43.874549 
-37.700000 42.964477 
-37.600000 44.221050 
-37.500000 43.091087 
-37.400000 44.203133 
-37.300000 45.140681 
-37.200000 43.727330 
-37.100000 44.435002 
-37.000000 45.305651 
-36.900000 45.706344 
-36.800000 43.845586 
-36.700000 44.375726 
-36.600000 44.424725 
-36.500000 44.680249 
-36.400000 44.891939 
-36.300000 44.803719 
-36.200000 44.547358 
-36.100000 46.744290 
-36.000000 46.399132 
-35.900000 45.695415 
-35.800000 45.082599 
-35.700000 46.729720 
-35.600000 46.080797 
-35.500000 44.983548 
-35.400000 46.202565 
-35.300000 47.502606 
-35.200000 46.114847 
-35.100000 47.092334 
-35.000000 47.839556 
-34.900000 45.922780 
-34.800000 46.639871 
-34.700000 47.066317 
-34.600000 47.135247 
-34.500000 47.256333 
-34.400000 47.320606 
-34.300000 47.221847 
-34.200000 46.684024 
-34.100000 48.745722 
-34.000000 48.155085 
-33.900000 47.466525 
-33.800000 48.749994 
-33.700000 47.809228 
-33.600000 49.063195 
-33.500000 47.710844 
-33.400000 48.677316 
-33.300000 49.358810 
-33.200000 47.426233 
-33.100000 47.916059 
-33.000000 47.909864 
-32.900000 48.148098 
-32.800000 47.991463 
-32.700000 47.575078 
-32.600000 49.584825 
-32.500000 49.311016 
-32.400000 48.399428 
-32.300000 49.734011 
-32.200000 48.777085 
-32.100000 49.899092 
-32.000000 48.151601 
-31.900000 49.253328 
-31.800000 49.600990 
-31.700000 50.074782 
-31.600000 50.352708 
-31.500000 50.196642 
-31.400000 49.776124 
-31.300000 49.119940 
-31.200000 51.054869 
-31.100000 50.448204 
-31.000000 51.356913 
-30.900000 50.427946 
-30.800000 51.296753 
-30.700000 49.740013 
-30.600000 50.106420 
-30.500000 50.418042 
-30.400000 50.431744 
-30.300000 50.337942 
-30.200000 52.427628 
-30.100000 51.728952 
-30.000000 51.284541 
-29.900000 52.392397 
-29.800000 51.048313 
-29.700000 52.041620 
-29.600000 52.472374 
-29.500000 52.947774 
-29.400000 53.112740 
-29.300000 52.902485 
-29.200000 52.637436 
-29.100000 51.832797 
-29.000000 53.225219 
-28.900000 52.113941 
-28.800000 53.283314 
-28.700000 51.403420 
-28.600000 51.892831 
-28.500000 52.208647 
-28.400000 51.991308 
-28.300000 54.078011 
-28.200000 53.513414 
-28.100000 52.425433 
-28.000000 53.599521 
-27.900000 54.514136 
-27.800000 52.583584 
-27.700000 52.521586 
-27.600000 52.885895 
-27.500000 54.609390 
-27.400000 54.324043 
-27.300000 52.946952 
-27.200000 54.308098 
-27.100000 55.229878 
-27.000000 53.300206 
-26.900000 53.256220 
-26.800000 55.582929 
-26.700000 54.958180 
-26.600000 54.278215 
-26.500000 55.448723 
-26.400000 53.709180 
-26.300000 53.932468 
-26.200000 54.062392 
-26.100000 54.362216 
-26.000000 55.598612 
-25.900000 54.784593 
-25.800000 55.514497 
-25.700000 56.143598 
-25.600000 54.134544 
-25.500000 56.180836 
-25.400000 55.883326 
-25.300000 55.087314 
-25.200000 56.217006 
-25.100000 56.741431 
-25.000000 54.641900 
-24.900000 56.905860 
-24.800000 56.502896 
-24.700000 55.638684 
-24.600000 56.586140 
-24.500000 56.894615 
-24.400000 57.215642 
-24.300000 56.893478 
-24.200000 56.382725 
-24.100000 57.210934 
-24.000000 55.858774 
-23.900000 56.000839 
-23.800000 55.732577 
-23.700000 57.543930 
-23.600000 56.292208 
-23.500000 57.086851 
-23.400000 57.374690 
-23.300000 57.085933 
-23.200000 56.504456 
-23.100000 57.715820 
-23.000000 58.075279 
-22.900000 58.411653 
-22.800000 57.762873 
-22.700000 56.878750 
-22.600000 57.982099 
-22.500000 58.330026 
-22.400000 58.250523 
-22.300000 57.188436 
-22.200000 58.406189 
-22.100000 58.853956 
-22.000000 58.417996 
-21.900000 57.917443 
-21.800000 59.209110 
-21.700000 59.779014 
-21.600000 59.854152 
-21.500000 58.728726 
-21.400000 59.954574 
-21.300000 58.093629 
-21.200000 60.266602 
-21.100000 59.848836 
-21.000000 60.329474 
-20.900000 58.730943 
-20.800000 60.134878 
-20.700000 59.630410 
-20.600000 60.381157 
-20.500000 59.950283 
-20.400000 59.562884 
-20.300000 60.295676 
-20.200000 60.231428 
-20.100000 59.222786 
-20.000000 58.694225 
-19.900000 58.469711 
-19.800000 58.833103 
-19.700000 60.669250 
-19.600000 60.314369 
-19.500000 59.894243 
-19.400000 59.642269 
-19.300000 60.384901 
-19.200000 60.725005 
-19.100000 59.091124 
-19.000000 59.508398 
-18.900000 59.501246 
-18.800000 60.534487 
-18.700000 60.935718 
-18.600000 60.869163 
-18.500000 59.891815 
-18.400000 60.133451 
-18.300000 59.927058 
-18.200000 60.742204 
-18.100000 60.697943 
-18.000000 60.141474 
-17.900000 60.590136 
-17.800000 60.366732 
-17.700000 61.362087 
-17.600000 61.442211 
-17.500000 60.835393 
-17.400000 61.511793 
-17.300000 61.314014 
-17.200000 61.961440 
-17.100000 61.994544 
-17.000000 61.495828 
-16.900000 61.566573 
-16.800000 62.775211 
-16.700000 61.552623 
-16.600000 62.809584 
-16.500000 62.014659 
-16.400000 61.666010 
-16.300000 62.549014 
-16.200000 62.378618 
-16.100000 63.242705 
-16.000000 63.307663 
-15.900000 62.513065 
-15.800000 62.558559 
-15.700000 63.489928 
-15.600000 63.683350 
-15.500000 62.865291 
-15.400000 62.598786 
-15.300000 63.643761 
-15.200000 63.524660 
-15.100000 64.200612 
-15.000000 63.033655 
-14.900000 62.790146 
-14.800000 64.313729 
-14.700000 64.038037 
-14.600000 64.511209 
-14.500000 63.170052 
-14.400000 62.667546 
-14.300000 65.141716 
-14.200000 61.906056 
-14.100000 64.057261 
-14.000000 63.382313 
-13.900000 63.385197 
-13.800000 62.632797 
-13.700000 62.769154 
-13.600000 63.260444 
-13.500000 61.762331 
-13.400000 63.765818 
-13.300000 62.032331 
-13.200000 61.963845 
-13.100000 62.381686 
-13.000000 63.187471 
-12.900000 63.230536 
-12.800000 62.396292 
-12.700000 63.156308 
-12.600000 63.073711 
-12.500000 63.542032 
-12.400000 63.659341 
-12.300000 63.476906 
-12.200000 63.473590 
-12.100000 63.645762 
-12.000000 62.643301 
-11.900000 63.250707 
-11.800000 63.134949 
-11.700000 64.029797 
-11.600000 64.402831 
-11.500000 63.626941 
-11.400000 64.428673 
-11.300000 64.327007 
-11.200000 63.869702 
-11.100000 64.014407 
-11.000000 64.783311 
-10.900000 63.877828 
-10.800000 64.794785 
-10.700000 63.132003 
-10.600000 64.044312 
-10.500000 65.043256 
-10.400000 64.793227 
-10.300000 65.597562 
-10.200000 65.804582 
-10.100000 65.331111 
-10.000000 64.938260 
-9.900000 64.734503 
-9.800000 64.892093 
-9.700000 65.742798 
-9.600000 66.297222 
-9.500000 65.748039 
-9.400000 64.329725 
-9.300000 63.708771 
-9.200000 65.382784 
-9.100000 65.814773 
-9.000000 65.828259 
-8.900000 66.748735 
-8.800000 66.567333 
-8.700000 65.496445 
-8.600000 67.019634 
-8.500000 67.232464 
-8.400000 64.840326 
-8.300000 64.040005 
-8.200000 64.693381 
-8.100000 64.590150 
-8.000000 66.319015 
-7.900000 65.300669 
-7.800000 65.179029 
-7.700000 64.630436 
-7.600000 61.608753 
-7.500000 63.715484 
-7.400000 61.505040 
-7.300000 59.793502 
-7.200000 62.255642 
-7.100000 60.083318 
-7.000000 53.359726 
-6.900000 46.576081 
-6.800000 52.988206 
-6.700000 50.000000 
-6.600000 45.463232 
-6.500000 58.277789 
-6.400000 42.755270 
-6.300000 44.313846 
-6.200000 35.964915 
-6.100000 41.319931 
-6.000000 38.025464 
-5.900000 33.895770 
-5.800000 32.206237 
-5.700000 34.583579 
-5.600000 35.552833 
-5.500000 34.917401 
-5.400000 31.945643 
-5.300000 31.674032 
-5.200000 33.460821 
-5.100000 29.313189 
-5.000000 30.837025 
-4.900000 29.396725 
-4.800000 29.975271 
-4.700000 27.162378 
-4.600000 27.892673 
-4.500000 26.620405 
-4.400000 26.507076 
-4.300000 26.717894 
-4.200000 26.830659 
-4.100000 25.210669 
-4.000000 23.889300 
-3.900000 23.001018 
-3.800000 23.892728 
-3.700000 23.776510 
-3.600000 22.779319 
-3.500000 23.821636 
-3.400000 21.493506 
-3.300000 21.778624 
-3.200000 21.104443 
-3.100000 21.181541 
-3.000000 20.155983 
-2.900000 20.463639 
-2.800000 19.783363 
-2.700000 19.638989 
-2.600000 19.390495 
-2.500000 19.758278 
-2.400000 18.593126 
-2.300000 18.087614 
-2.200000 18.678816 
-2.100000 17.930416 
-2.000000 17.639997 
-1.900000 17.269492 
-1.800000 16.789697 
-1.700000 16.778482 
-1.600000 16.601325 
-1.500000 16.053379 
-1.400000 15.861805 
-1.300000 15.463148 
-1.200000 15.172003 
-1.100000 14.978195 
-1.000000 14.326374 
-0.900000 14.851384 
-0.800000 14.117523 
-0.700000 14.066271 
-0.600000 13.753138 
-0.500000 13.788541 
-0.400000 13.108447 
-0.300000 12.835063 
-0.200000 12.572937 
-0.100000 12.752581 
