-40.000000 42.087364 
-39.900000 41.828148 
-39.800000 41.889513 
-39.700000 42.015778 
-39.600000 42.040555 
-39.500000 42.251347 
-39.400000 42.298616 
-39.300000 42.184250 
-39.200000 42.533933 
-39.100000 42.995114 
-39.000000 42.830959 
-38.900000 42.850746 
-38.800000 42.841060 
-38.700000 42.992008 
-38.600000 43.345260 
-38.500000 43.293533 
-38.400000 43.143030 
-38.300000 43.502921 
-38.200000 43.617973 
-38.100000 43.370407 
-38.000000 43.890939 
-37.900000 43.890568 
-37.800000 44.002241 
-37.700000 43.921606 
-37.600000 43.960078 
-37.500000 44.028556 
-37.400000 44.243940 
-37.300000 44.400250 
-37.200000 44.363895 
-37.100000 44.576706 
-37.000000 44.672695 
-36.900000 44.758189 
-36.800000 44.889799 
-36.700000 45.113562 
-36.600000 45.192196 
-36.500000 45.483189 
-36.400000 45.386161 
-36.300000 45.112251 
-36.200000 45.777931 
-36.100000 45.466916 
-36.000000 45.899174 
-35.900000 45.574766 
-35.800000 45.835924 
-35.700000 46.176094 
-35.600000 46.215121 
-35.500000 46.119909 
-35.400000 46.167733 
-35.300000 46.528806 
-35.200000 46.516052 
-35.100000 46.501014 
-35.000000 46.723411 
-34.900000 46.759108 
-34.800000 46.783247 
-34.700000 46.846610 
-34.600000 47.027932 
-34.500000 47.184214 
-34.400000 47.288296 
-34.300000 47.435436 
-34.200000 47.501398 
-34.100000 47.412342 
-34.000000 47.801557 
-33.900000 47.777766 
-33.800000 47.800222 
-33.700000 47.984645 
-33.600000 48.089486 
-33.500000 48.052746 
-33.400000 48.391307 
-33.300000 48.605358 
-33.200000 48.645083 
-33.100000 48.368658 
-33.000000 48.674138 
-32.900000 48.753755 
-32.800000 49.187481 
-32.700000 49.083497 
-32.600000 49.034011 
-32.500000 49.392443 
-32.400000 49.116515 
-32.300000 49.557346 
-32.200000 49.606137 
-32.100000 49.921601 
-32.000000 49.857955 
-31.900000 49.607917 
-31.800000 50.059100 
-31.700000 49.989601 
-31.600000 49.956774 
-31.500000 50.492250 
-31.400000 50.380764 
-31.300000 50.355983 
-31.200000 50.243408 
-31.100000 50.438364 
-31.000000 50.524010 
-30.900000 50.711543 
-30.800000 51.040587 
-30.700000 50.908014 
-30.600000 50.945569 
-30.500000 51.107852 
-30.400000 51.372589 
-30.300000 51.145446 
-30.200000 51.395965 
-30.100000 51.475363 
-30.000000 51.655240 
-29.900000 51.619152 
-29.800000 51.835072 
-29.700000 51.964914 
-29.600000 52.075265 
-29.500000 52.098586 
-29.400000 52.314623 
-29.300000 52.111881 
-29.200000 52.410952 
-29.100000 52.678587 
-29.000000 52.549655 
-28.900000 52.918406 
-28.800000 52.880779 
-28.700000 53.059353 
-28.600000 53.273210 
-28.500000 52.984664 
-28.400000 53.169054 
-28.300000 53.190596 
-28.200000 53.273696 
-28.100000 53.548516 
-28.000000 53.506212 
-27.900000 53.771323 
-27.800000 54.032686 
-27.700000 54.178281 
-27.600000 53.931722 
-27.500000 54.103408 
-27.400000 54.139551 
-27.300000 54.449679 
-27.200000 54.572529 
-27.100000 54.505675 
-27.000000 54.533749 
-26.900000 54.942796 
-26.800000 54.942452 
-26.700000 54.788236 
-26.600000 55.101121 
-26.500000 55.017612 
-26.400000 55.061723 
-26.300000 55.304378 
-26.200000 55.242978 
-26.100000 55.455126 
-26.000000 55.822358 
-25.900000 56.004716 
-25.800000 55.748490 
-25.700000 55.845873 
-25.600000 56.212145 
-25.500000 56.008183 
-25.400000 56.447243 
-25.300000 56.412816 
-25.200000 56.618099 
-25.100000 56.519931 
-25.000000 56.751975 
-24.900000 56.768311 
-24.800000 56.643590 
-24.700000 56.767148 
-24.600000 57.311285 
-24.500000 57.430517 
-24.400000 57.110537 
-24.300000 57.433877 
-24.200000 57.405523 
-24.100000 57.583632 
-24.000000 57.650291 
-23.900000 57.877698 
-23.800000 58.170925 
-23.700000 57.785689 
-23.600000 58.052570 
-23.500000 58.184148 
-23.400000 58.087558 
-23.300000 58.263247 
-23.200000 58.570291 
-23.100000 58.458318 
-23.000000 58.904079 
-22.900000 58.536691 
-22.800000 58.755074 
-22.700000 58.793140 
-22.600000 58.780326 
-22.500000 58.950440 
-22.400000 59.221823 
-22.300000 59.186114 
-22.200000 59.363121 
-22.100000 59.445643 
-22.000000 59.492871 
-21.900000 59.658833 
-21.800000 59.616716 
-21.700000 59.854861 
-21.600000 59.896409 
-21.500000 59.877121 
-21.400000 60.288716 
-21.300000 60.209746 
-21.200000 60.261647 
-21.100000 60.522774 
-21.000000 60.369294 
-20.900000 60.817372 
-20.800000 60.973869 
-20.700000 60.781076 
-20.600000 61.162913 
-20.500000 61.142791 
-20.400000 61.078790 
-20.300000 61.305999 
-20.200000 61.398966 
-20.100000 61.299811 
-20.000000 61.708520 
-19.900000 61.599241 
-19.800000 61.834447 
-19.700000 61.943178 
-19.600000 61.995640 
-19.500000 62.051374 
-19.400000 62.150939 
-19.300000 62.042568 
-19.200000 62.299776 
-19.100000 62.602751 
-19.000000 62.704940 
-18.900000 62.597789 
-18.800000 62.659790 
-18.700000 62.656688 
-18.600000 62.904582 
-18.500000 62.881731 
-18.400000 63.041999 
-18.300000 63.041299 
-18.200000 63.278692 
-18.100000 63.584138 
-18.000000 63.232060 
-17.900000 63.524077 
-17.800000 63.499928 
-17.700000 64.148142 
-17.600000 63.952014 
-17.500000 63.714884 
-17.400000 64.202667 
-17.300000 64.216448 
-17.200000 64.317601 
-17.100000 64.493490 
-17.000000 64.595095 
-16.900000 64.859131 
-16.800000 64.574041 
-16.700000 64.700133 
-16.600000 64.804713 
-16.500000 64.874774 
-16.400000 64.910712 
-16.300000 65.273073 
-16.200000 65.459776 
-16.100000 65.286854 
-16.000000 65.441855 
-15.900000 65.513284 
-15.800000 65.556343 
-15.700000 65.789791 
-15.600000 65.831604 
-15.500000 65.992309 
-15.400000 66.124413 
-15.300000 66.445032 
-15.200000 66.358459 
-15.100000 66.193345 
-15.000000 66.511129 
-14.900000 66.328601 
-14.800000 66.699274 
-14.700000 66.659461 
-14.600000 66.754870 
-14.500000 66.964366 
-14.400000 66.734447 
-14.300000 67.110484 
-14.200000 67.384282 
-14.100000 67.082623 
-14.000000 67.470992 
-13.900000 67.536070 
-13.800000 67.505365 
-13.700000 67.717338 
-13.600000 67.914023 
-13.500000 67.927994 
-13.400000 68.087337 
-13.300000 68.015270 
-13.200000 68.000000 
-13.100000 68.003529 
-13.000000 68.457776 
-12.900000 68.249009 
-12.800000 68.335223 
-12.700000 68.383235 
-12.600000 68.647537 
-12.500000 68.487924 
-12.400000 68.837894 
-12.300000 68.908131 
-12.200000 69.199275 
-12.100000 69.166320 
-12.000000 69.255551 
-11.900000 69.288794 
-11.800000 69.201920 
-11.700000 69.445696 
-11.600000 69.531212 
-11.500000 69.831193 
-11.400000 70.017803 
-11.300000 69.771274 
-11.200000 69.766552 
-11.100000 70.298388 
-11.000000 70.175462 
-10.900000 70.331309 
-10.800000 70.521847 
-10.700000 70.489631 
-10.600000 70.428779 
-10.500000 70.786681 
-10.400000 71.000518 
-10.300000 71.093475 
-10.200000 71.024243 
-10.100000 71.283539 
-10.000000 71.259069 
-9.900000 71.400740 
-9.800000 71.209499 
-9.700000 71.478058 
-9.600000 71.757307 
-9.500000 71.766670 
-9.400000 71.646893 
-9.300000 71.723274 
-9.200000 71.744391 
-9.100000 72.290647 
-9.000000 71.904771 
-8.900000 72.238671 
-8.800000 72.162856 
-8.700000 72.265144 
-8.600000 72.305858 
-8.500000 72.641100 
-8.400000 72.596846 
-8.300000 72.590472 
-8.200000 72.772784 
-8.100000 72.711810 
-8.000000 73.073456 
-7.900000 72.830576 
-7.800000 73.444010 
-7.700000 73.253672 
-7.600000 73.462769 
-7.500000 73.527212 
-7.400000 73.494588 
-7.300000 73.675143 
-7.200000 73.681629 
-7.100000 73.722020 
-7.000000 73.777099 
-6.900000 73.957618 
-6.800000 73.872461 
-6.700000 74.008797 
-6.600000 74.044362 
-6.500000 74.474658 
-6.400000 74.315118 
-6.300000 74.618223 
-6.200000 74.533293 
-6.100000 74.659124 
-6.000000 74.561514 
-5.900000 74.744845 
-5.800000 74.744822 
-5.700000 74.849228 
-5.600000 75.067512 
-5.500000 75.353441 
-5.400000 75.015718 
-5.300000 75.409659 
-5.200000 75.213163 
-5.100000 75.324575 
-5.000000 75.610925 
-4.900000 75.710557 
-4.800000 75.829748 
-4.700000 75.961833 
-4.600000 75.916071 
-4.500000 75.813709 
-4.400000 76.036042 
-4.300000 76.042182 
-4.200000 76.310368 
-4.100000 76.640116 
-4.000000 76.508460 
-3.900000 76.597839 
-3.800000 76.480504 
-3.700000 76.674457 
-3.600000 76.675379 
-3.500000 76.793080 
-3.400000 76.953202 
-3.300000 77.127600 
-3.200000 77.034425 
-3.100000 77.421087 
-3.000000 77.343569 
-2.900000 77.307867 
-2.800000 77.406214 
-2.700000 77.433801 
-2.600000 77.422878 
-2.500000 77.736515 
-2.400000 77.752393 
-2.300000 77.632859 
-2.200000 78.044431 
-2.100000 77.875172 
-2.000000 78.245786 
-1.900000 78.096228 
-1.800000 78.204547 
-1.700000 78.175676 
-1.600000 78.308861 
-1.500000 78.323363 
-1.400000 78.496967 
-1.300000 78.380799 
-1.200000 78.768012 
-1.100000 78.821374 
-1.000000 78.848843 
-0.900000 78.997451 
-0.800000 79.098834 
-0.700000 78.809313 
-0.600000 79.165646 
-0.500000 78.997129 
-0.400000 79.178139 
-0.300000 79.360381 
-0.200000 79.152697 
-0.100000 79.358192 
