-40.000000 45.831357 
-39.900000 46.694495 
-39.800000 49.481581 
-39.700000 46.922109 
-39.600000 47.360675 
-39.500000 47.622902 
-39.400000 49.577030 
-39.300000 46.619634 
-39.200000 46.681843 
-39.100000 46.099723 
-39.000000 47.620313 
-38.900000 47.020448 
-38.800000 46.076416 
-38.700000 49.664070 
-38.600000 48.309035 
-38.500000 49.202119 
-38.400000 47.959300 
-38.300000 50.833712 
-38.200000 49.315841 
-38.100000 46.735418 
-38.000000 49.769650 
-37.900000 47.117983 
-37.800000 49.517468 
-37.700000 51.420112 
-37.600000 48.343114 
-37.500000 49.818774 
-37.400000 49.444457 
-37.300000 51.000125 
-37.200000 51.748080 
-37.100000 50.125771 
-37.000000 51.205233 
-36.900000 51.893874 
-36.800000 49.767105 
-36.700000 50.137447 
-36.600000 49.775810 
-36.500000 52.106443 
-36.400000 49.644156 
-36.300000 48.885815 
-36.200000 50.912514 
-36.100000 52.259107 
-36.000000 50.813591 
-35.900000 51.968458 
-35.800000 53.017207 
-35.700000 48.806419 
-35.600000 49.162353 
-35.500000 49.295737 
-35.400000 49.192048 
-35.300000 53.754115 
-35.200000 53.404241 
-35.100000 52.691687 
-35.000000 51.274142 
-34.900000 53.200975 
-34.800000 51.550614 
-34.700000 52.255237 
-34.600000 50.134026 
-34.500000 52.841565 
-34.400000 53.369261 
-34.300000 52.632210 
-34.200000 54.546863 
-34.100000 54.118219 
-34.000000 52.961839 
-33.900000 54.105042 
-33.800000 52.326792 
-33.700000 55.223138 
-33.600000 53.259275 
-33.500000 50.750941 
-33.400000 52.728448 
-33.300000 54.423259 
-33.200000 54.106260 
-33.100000 52.588149 
-33.000000 51.328591 
-32.900000 51.975693 
-32.800000 55.527530 
-32.700000 55.091493 
-32.600000 52.460995 
-32.500000 54.178934 
-32.400000 53.558298 
-32.300000 54.818462 
-32.200000 55.693795 
-32.100000 53.295083 
-32.000000 53.493281 
-31.900000 53.521682 
-31.800000 55.918754 
-31.700000 55.161906 
-31.600000 54.336676 
-31.500000 55.249197 
-31.400000 53.348583 
-31.300000 55.909695 
-31.200000 56.261189 
-31.100000 55.466378 
-31.000000 56.623075 
-30.900000 56.056603 
-30.800000 54.353338 
-30.700000 54.684990 
-30.600000 55.166747 
-30.500000 57.121048 
-30.400000 53.974708 
-30.300000 55.293386 
-30.200000 56.081630 
-30.100000 54.178327 
-30.000000 56.770807 
-29.900000 56.359974 
-29.800000 55.235981 
-29.700000 56.619639 
-29.600000 57.449195 
-29.500000 57.984385 
-29.400000 57.713161 
-29.300000 57.203161 
-29.200000 56.004965 
-29.100000 57.337105 
-29.000000 55.408089 
-28.900000 55.689806 
-28.800000 57.140364 
-28.700000 56.344606 
-28.600000 55.340480 
-28.500000 58.073610 
-28.400000 55.683303 
-28.300000 57.523844 
-28.200000 58.661744 
-28.100000 57.261031 
-28.000000 57.955073 
-27.900000 57.216532 
-27.800000 59.115742 
-27.700000 60.273162 
-27.600000 56.251207 
-27.500000 56.195514 
-27.400000 60.515533 
-27.300000 59.536806 
-27.200000 57.220102 
-27.100000 58.404099 
-27.000000 57.790483 
-26.900000 59.100556 
-26.800000 57.298704 
-26.700000 59.004631 
-26.600000 57.605055 
-26.500000 58.858787 
-26.400000 57.144316 
-26.300000 59.328464 
-26.200000 59.348346 
-26.100000 59.601787 
-26.000000 58.110084 
-25.900000 60.106789 
-25.800000 59.210829 
-25.700000 57.719779 
-25.600000 58.884288 
-25.500000 59.539164 
-25.400000 59.267929 
-25.300000 57.540725 
-25.200000 59.711051 
-25.100000 60.556409 
-25.000000 59.549551 
-24.900000 59.924570 
-24.800000 58.960892 
-24.700000 59.610725 
-24.600000 60.239454 
-24.500000 59.470181 
-24.400000 60.677625 
-24.300000 58.897036 
-24.200000 58.718387 
-24.100000 59.172204 
-24.000000 59.717429 
-23.900000 61.129780 
-23.800000 61.638712 
-23.700000 60.509902 
-23.600000 59.669601 
-23.500000 60.347097 
-23.400000 60.197435 
-23.300000 59.201448 
-23.200000 59.941304 
-23.100000 60.378557 
-23.000000 60.296349 
-22.900000 62.188526 
-22.800000 59.690949 
-22.700000 62.505042 
-22.600000 62.199522 
-22.500000 62.867261 
-22.400000 63.109876 
-22.300000 62.262725 
-22.200000 63.074666 
-22.100000 60.379727 
-22.000000 63.117527 
-21.900000 61.090146 
-21.800000 60.927683 
-21.700000 60.116364 
-21.600000 61.562802 
-21.500000 61.633429 
-21.400000 61.138494 
-21.300000 62.830976 
-21.200000 62.017729 
-21.100000 60.578803 
-21.000000 62.614063 
-20.900000 62.725445 
-20.800000 64.511243 
-20.700000 60.409004 
-20.600000 63.393181 
-20.500000 62.050234 
-20.400000 62.921480 
-20.300000 65.030695 
-20.200000 61.074215 
-20.100000 61.656851 
-20.000000 61.920659 
-19.900000 62.060461 
-19.800000 60.894664 
-19.700000 62.199538 
-19.600000 62.266080 
-19.500000 60.231900 
-19.400000 60.361406 
-19.300000 61.385733 
-19.200000 61.435848 
-19.100000 60.553219 
-19.000000 60.833595 
-18.900000 61.985427 
-18.800000 61.761646 
-18.700000 61.357782 
-18.600000 62.166842 
-18.500000 61.739441 
-18.400000 61.672412 
-18.300000 61.979817 
-18.200000 61.683029 
-18.100000 61.810313 
-18.000000 62.285323 
-17.900000 61.846016 
-17.800000 61.789352 
-17.700000 61.966100 
-17.600000 61.437772 
-17.500000 62.273070 
-17.400000 62.455343 
-17.300000 61.760907 
-17.200000 62.390350 
-17.100000 62.314525 
-17.000000 62.411209 
-16.900000 62.597205 
-16.800000 63.256287 
-16.700000 63.845901 
-16.600000 62.769697 
-16.500000 63.974154 
-16.400000 62.819690 
-16.300000 63.506777 
-16.200000 63.224215 
-16.100000 64.344231 
-16.000000 63.691998 
-15.900000 63.599287 
-15.800000 63.910058 
-15.700000 63.143034 
-15.600000 63.555000 
-15.500000 63.867412 
-15.400000 64.516528 
-15.300000 65.077857 
-15.200000 64.928946 
-15.100000 64.443931 
-15.000000 63.995119 
-14.900000 63.754467 
-14.800000 64.810267 
-14.700000 64.794921 
-14.600000 64.476075 
-14.500000 63.717698 
-14.400000 63.998852 
-14.300000 63.624517 
-14.200000 63.730457 
-14.100000 62.982349 
-14.000000 64.297991 
-13.900000 63.207770 
-13.800000 62.042665 
-13.700000 62.558170 
-13.600000 63.589653 
-13.500000 61.981696 
-13.400000 62.294217 
-13.300000 62.332292 
-13.200000 61.801176 
-13.100000 62.506740 
-13.000000 62.610410 
-12.900000 62.279630 
-12.800000 61.929128 
-12.700000 61.822646 
-12.600000 63.028800 
-12.500000 62.898300 
-12.400000 62.468515 
-12.300000 62.755457 
-12.200000 62.409638 
-12.100000 62.611284 
-12.000000 63.242040 
-11.900000 62.939149 
-11.800000 63.062120 
-11.700000 63.230069 
-11.600000 63.499276 
-11.500000 63.066926 
-11.400000 63.329459 
-11.300000 63.092385 
-11.200000 62.793843 
-11.100000 63.450116 
-11.000000 63.786505 
-10.900000 64.012491 
-10.800000 64.248842 
-10.700000 63.825298 
-10.600000 63.252631 
-10.500000 64.399944 
-10.400000 63.821280 
-10.300000 64.138059 
-10.200000 64.966708 
-10.100000 63.037362 
-10.000000 64.979667 
-9.900000 64.097057 
-9.800000 64.697262 
-9.700000 64.337892 
-9.600000 63.816416 
-9.500000 65.138240 
-9.400000 64.109423 
-9.300000 63.547094 
-9.200000 65.557792 
-9.100000 65.383217 
-9.000000 65.236936 
-8.900000 64.534098 
-8.800000 66.021882 
-8.700000 65.444071 
-8.600000 63.821212 
-8.500000 63.388057 
-8.400000 65.763952 
-8.300000 64.484196 
-8.200000 63.321308 
-8.100000 64.084065 
-8.000000 64.484939 
-7.900000 64.101458 
-7.800000 63.470368 
-7.700000 62.318074 
-7.600000 60.124146 
-7.500000 60.819252 
-7.400000 60.983895 
-7.300000 55.516089 
-7.200000 62.793405 
-7.100000 59.690179 
-7.000000 56.642472 
-6.900000 59.333109 
-6.800000 51.167706 
-6.700000 56.987943 
-6.600000 51.205410 
-6.500000 52.589609 
-6.400000 46.350327 
-6.300000 44.086374 
-6.200000 41.955013 
-6.100000 41.282324 
-6.000000 39.719675 
-5.900000 37.441944 
-5.800000 36.086409 
-5.700000 34.332323 
-5.600000 32.964323 
-5.500000 33.849791 
-5.400000 32.318363 
-5.300000 32.186070 
-5.200000 32.136073 
-5.100000 31.528274 
-5.000000 31.503141 
-4.900000 30.015709 
-4.800000 29.243199 
-4.700000 26.826166 
-4.600000 27.599134 
-4.500000 26.841823 
-4.400000 25.902218 
-4.300000 25.559980 
-4.200000 26.883357 
-4.100000 25.554102 
-4.000000 25.701386 
-3.900000 24.555806 
-3.800000 24.699916 
-3.700000 23.280482 
-3.600000 22.432061 
-3.500000 22.721201 
-3.400000 23.234983 
-3.300000 22.124998 
-3.200000 21.968677 
-3.100000 20.603747 
-3.000000 19.871401 
-2.900000 20.305050 
-2.800000 20.089105 
-2.700000 19.635480 
-2.600000 19.133496 
-2.500000 19.248393 
-2.400000 18.519730 
-2.300000 18.213342 
-2.200000 18.259352 
-2.100000 17.712138 
-2.000000 17.110756 
-1.900000 16.660929 
-1.800000 17.240989 
-1.700000 16.308530 
-1.600000 16.472027 
-1.500000 15.507965 
-1.400000 15.830284 
-1.300000 15.549153 
-1.200000 16.049024 
-1.100000 15.353192 
-1.000000 14.629953 
-0.900000 14.772140 
-0.800000 13.853917 
-0.700000 13.637639 
-0.600000 13.896884 
-0.500000 13.566111 
-0.400000 13.147338 
-0.300000 12.556209 
-0.200000 13.248008 
-0.100000 12.705536 
