-40.000000 42.027751 
-39.900000 42.155202 
-39.800000 42.506786 
-39.700000 42.408692 
-39.600000 42.399617 
-39.500000 42.739079 
-39.400000 42.597472 
-39.300000 42.878714 
-39.200000 43.447370 
-39.100000 42.502626 
-39.000000 42.851702 
-38.900000 43.219491 
-38.800000 43.252046 
-38.700000 43.594148 
-38.600000 43.806074 
-38.500000 43.556012 
-38.400000 43.897930 
-38.300000 43.636655 
-38.200000 44.185703 
-38.100000 43.851142 
-38.000000 43.974178 
-37.900000 44.682760 
-37.800000 44.166294 
-37.700000 44.585230 
-37.600000 44.208787 
-37.500000 43.988774 
-37.400000 44.802322 
-37.300000 44.894217 
-37.200000 44.812323 
-37.100000 44.960087 
-37.000000 45.115787 
-36.900000 45.208384 
-36.800000 44.818286 
-36.700000 45.686204 
-36.600000 45.241090 
-36.500000 45.591165 
-36.400000 45.866974 
-36.300000 45.728928 
-36.200000 45.462354 
-36.100000 46.446046 
-36.000000 46.187080 
-35.900000 46.285134 
-35.800000 46.509356 
-35.700000 46.512090 
-35.600000 46.764832 
-35.500000 46.498976 
-35.400000 46.502042 
-35.300000 46.597261 
-35.200000 47.103032 
-35.100000 46.990657 
-35.000000 47.077691 
-34.900000 47.316302 
-34.800000 47.310734 
-34.700000 47.597800 
-34.600000 47.338451 
-34.500000 47.376221 
-34.400000 47.517026 
-34.300000 47.745857 
-34.200000 47.648406 
-34.100000 47.993031 
-34.000000 48.319035 
-33.900000 48.210788 
-33.800000 48.501829 
-33.700000 48.491016 
-33.600000 48.879143 
-33.500000 48.386759 
-33.400000 48.637830 
-33.300000 48.598541 
-33.200000 48.867998 
-33.100000 48.798419 
-33.000000 49.191252 
-32.900000 49.361708 
-32.800000 49.057197 
-32.700000 48.891264 
-32.600000 49.572961 
-32.500000 49.668330 
-32.400000 49.673106 
-32.300000 49.788890 
-32.200000 49.988270 
-32.100000 49.656196 
-32.000000 49.719407 
-31.900000 50.017438 
-31.800000 50.569749 
-31.700000 49.884232 
-31.600000 50.342305 
-31.500000 50.551125 
-31.400000 50.760683 
-31.300000 50.530517 
-31.200000 50.974591 
-31.100000 50.810339 
-31.000000 51.178898 
-30.900000 51.364306 
-30.800000 51.153279 
-30.700000 51.062710 
-30.600000 51.392067 
-30.500000 51.945211 
-30.400000 52.163969 
-30.300000 51.959771 
-30.200000 52.073083 
-30.100000 51.732505 
-30.000000 52.101036 
-29.900000 52.462552 
-29.800000 52.253216 
-29.700000 52.232868 
-29.600000 52.692450 
-29.500000 52.558732 
-29.400000 52.640743 
-29.300000 52.830256 
-29.200000 52.572645 
-29.100000 52.880264 
-29.000000 53.393891 
-28.900000 52.950396 
-28.800000 53.091506 
-28.700000 52.612948 
-28.600000 53.215167 
-28.500000 53.398134 
-28.400000 53.655038 
-28.300000 53.659915 
-28.200000 53.906230 
-28.100000 53.894764 
-28.000000 54.012121 
-27.900000 54.036803 
-27.800000 54.219117 
-27.700000 54.270188 
-27.600000 54.111527 
-27.500000 54.247460 
-27.400000 54.385123 
-27.300000 54.460629 
-27.200000 54.908035 
-27.100000 55.370031 
-27.000000 54.984133 
-26.900000 55.010444 
-26.800000 55.287841 
-26.700000 55.494340 
-26.600000 55.405943 
-26.500000 55.580572 
-26.400000 55.626840 
-26.300000 55.608564 
-26.200000 55.856036 
-26.100000 55.821980 
-26.000000 55.838019 
-25.900000 55.905881 
-25.800000 56.143087 
-25.700000 55.993539 
-25.600000 56.199703 
-25.500000 56.969357 
-25.400000 56.578360 
-25.300000 56.316074 
-25.200000 56.680700 
-25.100000 57.226962 
-25.000000 57.053212 
-24.900000 57.118862 
-24.800000 57.654835 
-24.700000 57.360580 
-24.600000 57.457751 
-24.500000 57.626664 
-24.400000 57.426940 
-24.300000 57.561576 
-24.200000 57.712801 
-24.100000 58.166750 
-24.000000 58.070090 
-23.900000 57.438121 
-23.800000 58.081597 
-23.700000 58.511006 
-23.600000 58.399239 
-23.500000 58.605073 
-23.400000 58.282600 
-23.300000 58.537504 
-23.200000 58.578344 
-23.100000 59.056442 
-23.000000 59.018883 
-22.900000 58.902563 
-22.800000 59.145765 
-22.700000 59.274658 
-22.600000 59.745138 
-22.500000 59.305900 
-22.400000 59.521507 
-22.300000 59.293082 
-22.200000 59.916460 
-22.100000 59.786874 
-22.000000 59.756426 
-21.900000 60.165925 
-21.800000 60.123857 
-21.700000 60.406584 
-21.600000 60.801747 
-21.500000 60.400604 
-21.400000 60.332160 
-21.300000 60.228101 
-21.200000 61.052784 
-21.100000 60.920827 
-21.000000 61.177489 
-20.900000 60.918617 
-20.800000 61.412647 
-20.700000 61.463260 
-20.600000 61.407518 
-20.500000 61.573642 
-20.400000 61.767074 
-20.300000 61.708099 
-20.200000 61.878969 
-20.100000 62.030951 
-20.000000 61.611730 
-19.900000 62.060957 
-19.800000 61.996050 
-19.700000 62.313275 
-19.600000 62.653702 
-19.500000 62.448559 
-19.400000 62.780377 
-19.300000 62.572404 
-19.200000 62.779926 
-19.100000 62.756389 
-19.000000 63.091332 
-18.900000 63.393259 
-18.800000 63.278371 
-18.700000 63.626089 
-18.600000 63.263476 
-18.500000 63.244181 
-18.400000 63.835294 
-18.300000 63.693721 
-18.200000 64.009079 
-18.100000 63.847608 
-18.000000 63.830386 
-17.900000 64.182822 
-17.800000 63.957212 
-17.700000 64.205521 
-17.600000 64.394517 
-17.500000 64.519100 
-17.400000 64.984891 
-17.300000 64.683261 
-17.200000 64.272177 
-17.100000 64.362979 
-17.000000 65.010600 
-16.900000 65.077015 
-16.800000 64.882900 
-16.700000 65.092879 
-16.600000 65.801741 
-16.500000 65.600194 
-16.400000 65.613136 
-16.300000 65.131354 
-16.200000 65.692567 
-16.100000 66.012441 
-16.000000 65.989211 
-15.900000 66.005894 
-15.800000 66.485964 
-15.700000 66.365561 
-15.600000 66.183886 
-15.500000 66.139440 
-15.400000 66.477133 
-15.300000 66.621924 
-15.200000 66.170311 
-15.100000 66.967427 
-15.000000 66.801974 
-14.900000 66.482078 
-14.800000 66.649885 
-14.700000 67.127769 
-14.600000 67.090200 
-14.500000 67.047543 
-14.400000 67.213640 
-14.300000 67.932707 
-14.200000 67.660599 
-14.100000 67.949535 
-14.000000 67.914995 
-13.900000 68.104098 
-13.800000 68.039638 
-13.700000 68.179864 
-13.600000 68.070667 
-13.500000 68.286790 
-13.400000 68.655645 
-13.300000 68.109619 
-13.200000 68.233622 
-13.100000 68.933107 
-13.000000 68.473415 
-12.900000 69.149158 
-12.800000 69.067068 
-12.700000 68.882670 
-12.600000 69.338732 
-12.500000 69.189228 
-12.400000 69.870614 
-12.300000 69.416106 
-12.200000 69.936433 
-12.100000 69.608432 
-12.000000 69.407622 
-11.900000 69.630507 
-11.800000 70.042871 
-11.700000 70.103225 
-11.600000 70.071126 
-11.500000 70.082120 
-11.400000 70.655251 
-11.300000 70.484294 
-11.200000 70.323648 
-11.100000 70.526752 
-11.000000 70.327557 
-10.900000 71.014983 
-10.800000 71.216917 
-10.700000 71.249521 
-10.600000 70.945554 
-10.500000 71.352912 
-10.400000 71.294978 
-10.300000 71.415831 
-10.200000 71.891981 
-10.100000 71.763102 
-10.000000 71.747603 
-9.900000 71.776199 
-9.800000 71.935405 
-9.700000 71.903501 
-9.600000 71.844768 
-9.500000 72.379847 
-9.400000 72.465915 
-9.300000 72.741010 
-9.200000 72.316442 
-9.100000 72.474077 
-9.000000 72.365353 
-8.900000 72.820694 
-8.800000 72.717699 
-8.700000 73.363151 
-8.600000 73.072589 
-8.500000 73.028166 
-8.400000 73.672901 
-8.300000 73.699971 
-8.200000 73.944609 
-8.100000 73.059366 
-8.000000 73.496702 
-7.900000 73.322116 
-7.800000 73.771581 
-7.700000 74.232054 
-7.600000 74.332389 
-7.500000 74.306642 
-7.400000 74.631045 
-7.300000 74.525850 
-7.200000 74.118750 
-7.100000 74.742485 
-7.000000 74.513697 
-6.900000 74.358380 
-6.800000 74.419106 
-6.700000 75.077755 
-6.600000 75.044756 
-6.500000 75.339456 
-6.400000 75.036618 
-6.300000 75.430883 
-6.200000 75.588150 
-6.100000 75.206984 
-6.000000 75.558626 
-5.900000 75.186875 
-5.800000 75.451128 
-5.700000 75.423511 
-5.600000 75.857292 
-5.500000 75.680315 
-5.400000 75.934438 
-5.300000 76.227931 
-5.200000 75.768562 
-5.100000 76.276611 
-5.000000 75.886602 
-4.900000 75.948597 
-4.800000 76.174147 
-4.700000 76.724400 
-4.600000 76.859630 
-4.500000 76.700326 
-4.400000 76.982170 
-4.300000 76.958615 
-4.200000 76.718928 
-4.100000 77.035478 
-4.000000 77.492183 
-3.900000 77.091843 
-3.800000 77.607409 
-3.700000 77.234648 
-3.600000 77.888654 
-3.500000 77.221667 
-3.400000 77.371607 
-3.300000 78.049298 
-3.200000 78.067026 
-3.100000 77.943810 
-3.000000 77.958194 
-2.900000 77.821776 
-2.800000 78.351533 
-2.700000 78.376675 
-2.600000 78.325594 
-2.500000 78.631187 
-2.400000 78.484636 
-2.300000 78.566239 
-2.200000 78.686841 
-2.100000 79.330602 
-2.000000 78.578468 
-1.900000 78.935761 
-1.800000 78.940435 
-1.700000 79.391364 
-1.600000 79.354453 
-1.500000 79.018989 
-1.400000 79.496670 
-1.300000 79.943036 
-1.200000 79.325364 
-1.100000 80.066993 
-1.000000 79.903688 
-0.900000 80.064326 
-0.800000 79.626384 
-0.700000 79.679813 
-0.600000 80.113504 
-0.500000 80.358817 
-0.400000 80.367400 
-0.300000 80.120975 
-0.200000 80.165961 
-0.100000 80.702680 
