-40.000000 46.568137 
-39.900000 46.851158 
-39.800000 47.024275 
-39.700000 47.279310 
-39.600000 47.202490 
-39.500000 47.265935 
-39.400000 47.402195 
-39.300000 47.367975 
-39.200000 47.430076 
-39.100000 47.651662 
-39.000000 47.918235 
-38.900000 47.998374 
-38.800000 47.956048 
-38.700000 47.826380 
-38.600000 47.732142 
-38.500000 48.166470 
-38.400000 48.348147 
-38.300000 48.227956 
-38.200000 48.315996 
-38.100000 48.547773 
-38.000000 48.832396 
-37.900000 49.091920 
-37.800000 48.982795 
-37.700000 49.134911 
-37.600000 48.941225 
-37.500000 49.338930 
-37.400000 49.485716 
-37.300000 49.128472 
-37.200000 49.711127 
-37.100000 49.488978 
-37.000000 49.417148 
-36.900000 49.797431 
-36.800000 49.987462 
-36.700000 50.029126 
-36.600000 49.973552 
-36.500000 50.089046 
-36.400000 50.380165 
-36.300000 50.489555 
-36.200000 50.434783 
-36.100000 50.494888 
-36.000000 50.285214 
-35.900000 50.789677 
-35.800000 50.875449 
-35.700000 51.037021 
-35.600000 50.828895 
-35.500000 50.850079 
-35.400000 51.018234 
-35.300000 51.257383 
-35.200000 51.010045 
-35.100000 51.237893 
-35.000000 51.602846 
-34.900000 51.849904 
-34.800000 51.991310 
-34.700000 51.683858 
-34.600000 51.850207 
-34.500000 51.705074 
-34.400000 51.950264 
-34.300000 52.077152 
-34.200000 52.117482 
-34.100000 52.171490 
-34.000000 52.422364 
-33.900000 52.598206 
-33.800000 52.546982 
-33.700000 52.856803 
-33.600000 53.076316 
-33.500000 52.930040 
-33.400000 53.240916 
-33.300000 53.239300 
-33.200000 53.080068 
-33.100000 53.435813 
-33.000000 53.366041 
-32.900000 53.240731 
-32.800000 53.682771 
-32.700000 53.430581 
-32.600000 53.743796 
-32.500000 53.571742 
-32.400000 53.466461 
-32.300000 53.927555 
-32.200000 53.874347 
-32.100000 54.180142 
-32.000000 54.134801 
-31.900000 53.984118 
-31.800000 54.463773 
-31.700000 54.268636 
-31.600000 54.219242 
-31.500000 54.248217 
-31.400000 54.329512 
-31.300000 54.232862 
-31.200000 54.626624 
-31.100000 54.774574 
-31.000000 55.079681 
-30.900000 54.872063 
-30.800000 54.886239 
-30.700000 54.890541 
-30.600000 55.051670 
-30.500000 55.151788 
-30.400000 55.780931 
-30.300000 55.454797 
-30.200000 55.505542 
-30.100000 55.689510 
-30.000000 55.748903 
-29.900000 55.870837 
-29.800000 55.954756 
-29.700000 55.753776 
-29.600000 56.390486 
-29.500000 56.246623 
-29.400000 56.363608 
-29.300000 56.498897 
-29.200000 56.272908 
-29.100000 56.515164 
-29.000000 56.519373 
-28.900000 56.943454 
-28.800000 56.833758 
-28.700000 56.764403 
-28.600000 56.835581 
-28.500000 56.959141 
-28.400000 57.304658 
-28.300000 57.506757 
-28.200000 57.078825 
-28.100000 57.803328 
-28.000000 57.692019 
-27.900000 57.971825 
-27.800000 58.107295 
-27.700000 57.819846 
-27.600000 58.183328 
-27.500000 58.126980 
-27.400000 58.544156 
-27.300000 58.276637 
-27.200000 58.312725 
-27.100000 58.424474 
-27.000000 58.725655 
-26.900000 58.856983 
-26.800000 58.151478 
-26.700000 58.701411 
-26.600000 58.967082 
-26.500000 57.728798 
-26.400000 58.982219 
-26.300000 57.880649 
-26.200000 58.908874 
-26.100000 58.630972 
-26.000000 58.158626 
-25.900000 58.623277 
-25.800000 59.353238 
-25.700000 58.543714 
-25.600000 58.213982 
-25.500000 58.395026 
-25.400000 58.737925 
-25.300000 58.914440 
-25.200000 58.614291 
-25.100000 58.785646 
-25.000000 59.160819 
-24.900000 59.364751 
-24.800000 58.873912 
-24.700000 59.075672 
-24.600000 59.354449 
-24.500000 59.195491 
-24.400000 59.451632 
-24.300000 59.516132 
-24.200000 59.647638 
-24.100000 59.755658 
-24.000000 59.940312 
-23.900000 60.193644 
-23.800000 60.150703 
-23.700000 60.036860 
-23.600000 60.090837 
-23.500000 60.264163 
-23.400000 60.021614 
-23.300000 60.301608 
-23.200000 60.478111 
-23.100000 60.573980 
-23.000000 60.648377 
-22.900000 60.591827 
-22.800000 60.765591 
-22.700000 60.994642 
-22.600000 60.817996 
-22.500000 61.166934 
-22.400000 61.324822 
-22.300000 61.487014 
-22.200000 61.714342 
-22.100000 61.258984 
-22.000000 61.020845 
-21.900000 61.871568 
-21.800000 61.828729 
-21.700000 62.133389 
-21.600000 61.990534 
-21.500000 62.241728 
-21.400000 61.428606 
-21.300000 62.011166 
-21.200000 62.305217 
-21.100000 61.586750 
-21.000000 61.460541 
-20.900000 62.584881 
-20.800000 62.640730 
-20.700000 63.018800 
-20.600000 61.863544 
-20.500000 62.834321 
-20.400000 62.737533 
-20.300000 61.390149 
-20.200000 62.573208 
-20.100000 61.061680 
-20.000000 60.983810 
-19.900000 61.664325 
-19.800000 61.774732 
-19.700000 60.435621 
-19.600000 60.609783 
-19.500000 60.851010 
-19.400000 61.090115 
-19.300000 60.777565 
-19.200000 61.808683 
-19.100000 61.311740 
-19.000000 61.222729 
-18.900000 61.651766 
-18.800000 61.906466 
-18.700000 61.101367 
-18.600000 61.461047 
-18.500000 61.711110 
-18.400000 61.808872 
-18.300000 61.966567 
-18.200000 61.938224 
-18.100000 61.858588 
-18.000000 62.212160 
-17.900000 61.914858 
-17.800000 62.185488 
-17.700000 62.013943 
-17.600000 62.158589 
-17.500000 62.454109 
-17.400000 62.499361 
-17.300000 62.536358 
-17.200000 62.369107 
-17.100000 62.411110 
-17.000000 63.043029 
-16.900000 63.125368 
-16.800000 63.014653 
-16.700000 63.154694 
-16.600000 63.191763 
-16.500000 63.315697 
-16.400000 63.473003 
-16.300000 63.561973 
-16.200000 63.542034 
-16.100000 63.968220 
-16.000000 63.658367 
-15.900000 63.888343 
-15.800000 64.130005 
-15.700000 64.170675 
-15.600000 64.389524 
-15.500000 64.321805 
-15.400000 64.209687 
-15.300000 64.378189 
-15.200000 64.550239 
-15.100000 63.071598 
-15.000000 63.546575 
-14.900000 63.426097 
-14.800000 64.739122 
-14.700000 64.056790 
-14.600000 63.162792 
-14.500000 62.606808 
-14.400000 63.702731 
-14.300000 65.053729 
-14.200000 62.039090 
-14.100000 62.305264 
-14.000000 64.609644 
-13.900000 61.305936 
-13.800000 63.515978 
-13.700000 64.240435 
-13.600000 62.536882 
-13.500000 62.020251 
-13.400000 62.069052 
-13.300000 61.666287 
-13.200000 62.109982 
-13.100000 61.987938 
-13.000000 61.800315 
-12.900000 61.930346 
-12.800000 61.941825 
-12.700000 61.875959 
-12.600000 62.573363 
-12.500000 62.353124 
-12.400000 62.462877 
-12.300000 62.079289 
-12.200000 62.425673 
-12.100000 62.530763 
-12.000000 62.692791 
-11.900000 62.929167 
-11.800000 62.881441 
-11.700000 63.280887 
-11.600000 62.995147 
-11.500000 63.377560 
-11.400000 63.547936 
-11.300000 63.478925 
-11.200000 63.371096 
-11.100000 63.401673 
-11.000000 63.712508 
-10.900000 63.572195 
-10.800000 63.825066 
-10.700000 63.851823 
-10.600000 62.711200 
-10.500000 64.308328 
-10.400000 62.757135 
-10.300000 64.067748 
-10.200000 64.198994 
-10.100000 64.485867 
-10.000000 64.639103 
-9.900000 64.510586 
-9.800000 64.760308 
-9.700000 64.639746 
-9.600000 64.931644 
-9.500000 64.952792 
-9.400000 65.132859 
-9.300000 63.819560 
-9.200000 63.717527 
-9.100000 65.289916 
-9.000000 65.268757 
-8.900000 63.759123 
-8.800000 63.794454 
-8.700000 64.180999 
-8.600000 65.326200 
-8.500000 64.228477 
-8.400000 64.442728 
-8.300000 63.398240 
-8.200000 65.868936 
-8.100000 63.915620 
-8.000000 60.519934 
-7.900000 62.635793 
-7.800000 60.880446 
-7.700000 62.052891 
-7.600000 62.143457 
-7.500000 58.813417 
-7.400000 51.815068 
-7.300000 41.584578 
-7.200000 35.269057 
-7.100000 17.061439 
-7.000000 17.110085 
-6.900000 17.066567 
-6.800000 17.050853 
-6.700000 14.341883 
-6.600000 17.322604 
-6.500000 14.350676 
-6.400000 12.956976 
-6.300000 14.259392 
-6.200000 12.785274 
-6.100000 12.966585 
-6.000000 10.212878 
-5.900000 13.223171 
-5.800000 10.420926 
-5.700000 8.797386 
-5.600000 9.190701 
-5.500000 11.480579 
-5.400000 9.049918 
-5.300000 8.751315 
-5.200000 9.522595 
-5.100000 9.272772 
-5.000000 7.653135 
-4.900000 7.181247 
-4.800000 6.739991 
-4.700000 6.164349 
-4.600000 6.400839 
-4.500000 5.723640 
-4.400000 5.903205 
-4.300000 5.211329 
-4.200000 4.808059 
-4.100000 4.389679 
-4.000000 4.197808 
-3.900000 3.874211 
-3.800000 3.819985 
-3.700000 3.651193 
-3.600000 3.800317 
-3.500000 3.339026 
-3.400000 2.990240 
-3.300000 3.350634 
-3.200000 3.564567 
-3.100000 2.754936 
-3.000000 2.187753 
-2.900000 2.328213 
-2.800000 2.107870 
-2.700000 2.174679 
-2.600000 1.852303 
-2.500000 1.775030 
-2.400000 2.000976 
-2.300000 1.619522 
-2.200000 1.673684 
-2.100000 1.481049 
-2.000000 1.405905 
-1.900000 1.253910 
-1.800000 1.139379 
-1.700000 1.213960 
-1.600000 1.022917 
-1.500000 0.875451 
-1.400000 0.844770 
-1.300000 0.809665 
-1.200000 0.858026 
-1.100000 0.646239 
-1.000000 0.668277 
-0.900000 0.610676 
-0.800000 0.575872 
-0.700000 0.545511 
-0.600000 0.605046 
-0.500000 0.392652 
-0.400000 0.339530 
-0.300000 0.342337 
-0.200000 0.333127 
-0.100000 0.311233 
