-40.000000 41.762702 
-39.900000 41.971433 
-39.800000 42.030947 
-39.700000 42.346970 
-39.600000 42.224427 
-39.500000 42.468357 
-39.400000 42.453849 
-39.300000 42.710949 
-39.200000 42.944399 
-39.100000 42.357578 
-39.000000 42.644634 
-38.900000 42.877145 
-38.800000 43.160871 
-38.700000 43.100067 
-38.600000 43.296747 
-38.500000 43.418877 
-38.400000 43.599029 
-38.300000 43.390428 
-38.200000 43.938244 
-38.100000 43.746945 
-38.000000 43.717532 
-37.900000 44.190574 
-37.800000 43.607462 
-37.700000 43.901335 
-37.600000 44.140886 
-37.500000 43.852467 
-37.400000 44.420517 
-37.300000 44.536185 
-37.200000 44.417775 
-37.100000 44.631502 
-37.000000 44.889729 
-36.900000 44.866826 
-36.800000 44.568265 
-36.700000 45.324690 
-36.600000 44.733166 
-36.500000 44.893140 
-36.400000 44.895561 
-36.300000 44.951163 
-36.200000 45.091928 
-36.100000 45.380826 
-36.000000 45.241708 
-35.900000 45.469517 
-35.800000 45.832154 
-35.700000 45.635300 
-35.600000 45.898149 
-35.500000 46.030231 
-35.400000 45.895819 
-35.300000 46.023919 
-35.200000 46.152873 
-35.100000 46.260066 
-35.000000 46.410651 
-34.900000 46.400793 
-34.800000 46.807213 
-34.700000 46.897544 
-34.600000 46.725660 
-34.500000 46.875426 
-34.400000 46.788144 
-34.300000 47.226736 
-34.200000 47.043381 
-34.100000 47.422458 
-34.000000 47.297891 
-33.900000 47.585662 
-33.800000 47.709405 
-33.700000 47.713867 
-33.600000 48.014039 
-33.500000 48.022857 
-33.400000 47.902895 
-33.300000 48.000655 
-33.200000 48.294112 
-33.100000 48.007970 
-33.000000 48.476377 
-32.900000 48.640227 
-32.800000 48.437871 
-32.700000 48.293925 
-32.600000 48.602773 
-32.500000 48.972396 
-32.400000 49.043525 
-32.300000 48.884393 
-32.200000 49.168108 
-32.100000 49.003328 
-32.000000 49.075784 
-31.900000 49.313631 
-31.800000 49.637255 
-31.700000 49.558618 
-31.600000 49.744332 
-31.500000 49.813453 
-31.400000 50.112184 
-31.300000 49.755660 
-31.200000 50.295583 
-31.100000 50.138565 
-31.000000 50.321648 
-30.900000 50.408896 
-30.800000 50.232216 
-30.700000 50.033116 
-30.600000 49.535489 
-30.500000 49.895959 
-30.400000 49.928397 
-30.300000 49.906163 
-30.200000 49.998440 
-30.100000 49.904115 
-30.000000 50.151784 
-29.900000 50.455973 
-29.800000 50.501491 
-29.700000 50.433712 
-29.600000 50.639903 
-29.500000 50.665110 
-29.400000 50.994991 
-29.300000 51.015571 
-29.200000 50.763310 
-29.100000 51.007513 
-29.000000 51.446584 
-28.900000 51.143294 
-28.800000 51.333449 
-28.700000 51.070012 
-28.600000 51.449419 
-28.500000 51.554667 
-28.400000 51.696324 
-28.300000 51.773967 
-28.200000 51.963140 
-28.100000 51.989045 
-28.000000 52.140764 
-27.900000 52.286438 
-27.800000 52.348278 
-27.700000 52.311124 
-27.600000 52.302025 
-27.500000 52.391177 
-27.400000 52.735884 
-27.300000 52.584991 
-27.200000 52.857480 
-27.100000 53.200253 
-27.000000 52.901967 
-26.900000 53.027674 
-26.800000 53.397052 
-26.700000 53.438790 
-26.600000 53.321504 
-26.500000 53.548541 
-26.400000 53.699376 
-26.300000 54.002216 
-26.200000 53.994516 
-26.100000 53.961098 
-26.000000 53.913697 
-25.900000 54.073751 
-25.800000 54.228594 
-25.700000 54.229812 
-25.600000 54.431623 
-25.500000 54.826682 
-25.400000 54.839801 
-25.300000 54.698142 
-25.200000 54.828779 
-25.100000 55.295944 
-25.000000 55.224156 
-24.900000 55.262044 
-24.800000 54.771126 
-24.700000 54.861688 
-24.600000 53.320125 
-24.500000 53.413145 
-24.400000 53.243335 
-24.300000 53.549478 
-24.200000 50.000000 
-24.100000 39.799313 
-24.000000 34.770895 
-23.900000 31.619398 
-23.800000 29.331964 
-23.700000 27.540266 
-23.600000 26.070448 
-23.500000 24.826815 
-23.400000 23.750833 
-23.300000 22.803719 
-23.200000 21.959024 
-23.100000 21.197774 
-23.000000 20.505480 
-22.900000 19.871345 
-22.800000 19.286918 
-22.700000 18.745445 
-22.600000 18.241422 
-22.500000 17.770298 
-22.400000 17.328417 
-22.300000 16.912633 
-22.200000 16.520290 
-22.100000 16.149084 
-22.000000 15.797105 
-21.900000 15.462648 
-21.800000 15.144189 
-21.700000 14.840461 
-21.600000 14.550295 
-21.500000 14.272666 
-21.400000 14.006672 
-21.300000 13.751486 
-21.200000 13.506399 
-21.100000 13.270717 
-21.000000 13.043856 
-20.900000 12.825266 
-20.800000 12.614460 
-20.700000 12.410656 
-20.600000 12.210296 
-20.500000 12.012751 
-20.400000 11.818282 
-20.300000 11.627098 
-20.200000 11.439346 
-20.100000 11.255140 
-20.000000 11.074541 
-19.900000 10.897604 
-19.800000 10.724330 
-19.700000 10.554725 
-19.600000 10.388754 
-19.500000 10.226396 
-19.400000 10.067600 
-19.300000 9.912306 
-19.200000 9.760462 
-19.100000 9.611993 
-19.000000 9.466833 
-18.900000 9.324908 
-18.800000 9.186131 
-18.700000 9.050454 
-18.600000 8.917743 
-18.500000 8.788010 
-18.400000 8.661135 
-18.300000 8.537041 
-18.200000 8.415658 
-18.100000 8.296912 
-18.000000 8.180732 
-17.900000 8.067051 
-17.800000 7.955798 
-17.700000 7.846909 
-17.600000 7.740319 
-17.500000 7.635965 
-17.400000 7.533788 
-17.300000 7.433727 
-17.200000 7.335726 
-17.100000 7.239731 
-17.000000 7.145686 
-16.900000 7.053540 
-16.800000 6.963241 
-16.700000 6.874741 
-16.600000 6.787995 
-16.500000 6.702953 
-16.400000 6.619573 
-16.300000 6.537812 
-16.200000 6.457628 
-16.100000 6.378981 
-16.000000 6.301831 
-15.900000 6.226142 
-15.800000 6.151876 
-15.700000 6.078999 
-15.600000 6.007473 
-15.500000 5.937270 
-15.400000 5.868355 
-15.300000 5.800698 
-15.200000 5.734267 
-15.100000 5.669035 
-15.000000 5.604971 
-14.900000 5.542049 
-14.800000 5.480244 
-14.700000 5.419495 
-14.600000 5.359574 
-14.500000 5.300594 
-14.400000 5.242792 
-14.300000 5.185788 
-14.200000 5.129573 
-14.100000 5.074141 
-14.000000 5.019483 
-13.900000 4.965588 
-13.800000 4.912450 
-13.700000 4.860059 
-13.600000 4.808404 
-13.500000 4.757479 
-13.400000 4.707273 
-13.300000 4.657777 
-13.200000 4.608907 
-13.100000 4.560597 
-13.000000 4.512846 
-12.900000 4.465653 
-12.800000 4.419013 
-12.700000 4.372931 
-12.600000 4.327395 
-12.500000 4.282327 
-12.400000 4.237698 
-12.300000 4.193584 
-12.200000 4.149895 
-12.100000 4.106122 
-12.000000 4.062559 
-11.900000 4.019161 
-11.800000 3.975902 
-11.700000 3.929250 
-11.600000 3.886150 
-11.500000 3.843238 
-11.400000 3.800526 
-11.300000 3.737519 
-11.200000 3.694585 
-11.100000 3.651963 
-11.000000 3.609832 
-10.900000 3.568238 
-10.800000 3.527213 
-10.700000 3.486607 
-10.600000 3.446342 
-10.500000 3.406175 
-10.400000 3.366294 
-10.300000 3.326600 
-10.200000 3.287063 
-10.100000 3.247752 
-10.000000 3.208711 
-9.900000 3.169892 
-9.800000 3.065735 
-9.700000 3.029626 
-9.600000 2.993671 
-9.500000 2.957851 
-9.400000 2.926649 
-9.300000 2.898698 
-9.200000 2.870905 
-9.100000 2.843214 
-9.000000 2.815582 
-8.900000 2.788089 
-8.800000 2.760670 
-8.700000 2.733396 
-8.600000 2.645500 
-8.500000 2.619136 
-8.400000 2.579625 
-8.300000 2.547175 
-8.200000 2.514952 
-8.100000 2.487224 
-8.000000 2.462532 
-7.900000 2.437962 
-7.800000 2.413470 
-7.700000 2.389083 
-7.600000 2.364862 
-7.500000 2.340765 
-7.400000 2.316825 
-7.300000 2.293088 
-7.200000 2.269537 
-7.100000 2.246127 
-7.000000 2.222856 
-6.900000 2.199719 
-6.800000 2.176729 
-6.700000 2.153725 
-6.600000 2.098966 
-6.500000 2.077973 
-6.400000 2.057086 
-6.300000 2.036400 
-6.200000 2.013671 
-6.100000 1.993464 
-6.000000 1.973450 
-5.900000 1.953522 
-5.800000 1.933698 
-5.700000 1.870618 
-5.600000 1.851324 
-5.500000 1.836644 
-5.400000 1.822031 
-5.300000 1.807466 
-5.200000 1.792932 
-5.100000 1.778417 
-5.000000 1.763938 
-4.900000 1.749494 
-4.800000 1.735096 
-4.700000 1.720755 
-4.600000 1.706438 
-4.500000 1.692178 
-4.400000 1.677970 
-4.300000 1.663827 
-4.200000 1.649747 
-4.100000 1.635727 
-4.000000 1.621759 
-3.900000 1.607855 
-3.800000 1.594015 
-3.700000 1.580204 
-3.600000 1.566467 
-3.500000 1.552778 
-3.400000 1.539105 
-3.300000 1.526185 
-3.200000 1.513420 
-3.100000 1.500680 
-3.000000 1.022992 
-2.900000 1.020528 
-2.800000 1.017996 
-2.700000 1.015348 
-2.600000 1.012605 
-2.500000 1.009792 
-2.400000 1.007251 
-2.300000 1.004717 
-2.200000 1.002074 
-2.100000 0.998707 
-2.000000 0.994016 
-1.900000 0.989223 
-1.800000 0.984298 
-1.700000 0.979226 
-1.600000 0.974003 
-1.500000 0.968217 
-1.400000 0.965148 
-1.300000 0.964594 
-1.200000 0.963915 
-1.100000 -0.105548 
-1.000000 -0.104451 
-0.900000 -0.103473 
-0.800000 -0.101479 
-0.700000 -0.101746 
-0.600000 -0.099955 
-0.500000 -0.097993 
-0.400000 -0.094868 
-0.300000 -0.092957 
-0.200000 -0.090519 
-0.100000 -0.090775 
