-40.000000 41.818169 
-39.900000 41.897635 
-39.800000 42.079797 
-39.700000 41.926121 
-39.600000 42.224054 
-39.500000 42.125055 
-39.400000 42.308260 
-39.300000 42.437983 
-39.200000 42.541624 
-39.100000 42.750646 
-39.000000 42.711244 
-38.900000 42.777740 
-38.800000 43.101423 
-38.700000 43.044437 
-38.600000 43.137768 
-38.500000 43.309679 
-38.400000 43.382834 
-38.300000 43.369711 
-38.200000 43.621104 
-38.100000 43.687102 
-38.000000 43.707731 
-37.900000 43.931278 
-37.800000 43.952487 
-37.700000 44.017842 
-37.600000 44.207646 
-37.500000 44.315402 
-37.400000 44.350578 
-37.300000 44.401627 
-37.200000 44.677792 
-37.100000 44.704372 
-37.000000 44.793067 
-36.900000 44.727995 
-36.800000 45.013465 
-36.700000 45.066200 
-36.600000 45.102088 
-36.500000 45.170382 
-36.400000 45.285187 
-36.300000 45.420102 
-36.200000 45.431385 
-36.100000 45.666590 
-36.000000 45.750659 
-35.900000 45.694541 
-35.800000 45.934620 
-35.700000 46.045732 
-35.600000 46.173555 
-35.500000 46.199401 
-35.400000 46.488554 
-35.300000 46.386105 
-35.200000 46.642686 
-35.100000 46.546784 
-35.000000 46.831303 
-34.900000 46.880789 
-34.800000 46.965242 
-34.700000 47.139182 
-34.600000 47.122528 
-34.500000 47.140082 
-34.400000 47.302765 
-34.300000 47.451078 
-34.200000 47.588161 
-34.100000 47.637283 
-34.000000 47.714188 
-33.900000 47.794329 
-33.800000 48.033505 
-33.700000 47.994334 
-33.600000 48.303110 
-33.500000 48.207812 
-33.400000 48.364211 
-33.300000 48.412343 
-33.200000 48.634103 
-33.100000 48.765586 
-33.000000 48.818303 
-32.900000 48.740956 
-32.800000 48.905331 
-32.700000 48.946787 
-32.600000 49.115809 
-32.500000 49.205868 
-32.400000 49.289876 
-32.300000 49.592309 
-32.200000 49.430456 
-32.100000 49.592837 
-32.000000 49.723740 
-31.900000 49.740283 
-31.800000 49.927590 
-31.700000 49.980434 
-31.600000 50.090815 
-31.500000 50.248931 
-31.400000 50.389440 
-31.300000 50.521322 
-31.200000 50.560437 
-31.100000 50.573574 
-31.000000 50.729445 
-30.900000 50.696682 
-30.800000 50.814413 
-30.700000 51.034213 
-30.600000 51.122201 
-30.500000 51.277078 
-30.400000 51.285188 
-30.300000 51.415476 
-30.200000 51.629648 
-30.100000 51.580374 
-30.000000 51.729486 
-29.900000 51.968497 
-29.800000 51.939443 
-29.700000 52.002705 
-29.600000 52.072034 
-29.500000 52.184848 
-29.400000 52.312239 
-29.300000 52.432616 
-29.200000 52.563947 
-29.100000 52.607582 
-29.000000 52.664266 
-28.900000 52.850071 
-28.800000 52.932188 
-28.700000 52.913632 
-28.600000 53.118782 
-28.500000 53.265141 
-28.400000 53.280621 
-28.300000 53.376436 
-28.200000 53.595598 
-28.100000 53.618666 
-28.000000 53.876506 
-27.900000 53.846262 
-27.800000 53.925000 
-27.700000 53.949724 
-27.600000 54.159426 
-27.500000 54.101613 
-27.400000 54.342015 
-27.300000 54.429978 
-27.200000 54.581513 
-27.100000 54.534654 
-27.000000 54.561016 
-26.900000 54.837312 
-26.800000 54.783256 
-26.700000 55.039775 
-26.600000 55.071532 
-26.500000 55.163081 
-26.400000 55.292459 
-26.300000 55.289905 
-26.200000 55.598045 
-26.100000 55.543399 
-26.000000 55.603807 
-25.900000 55.821407 
-25.800000 55.835385 
-25.700000 56.094223 
-25.600000 56.191436 
-25.500000 56.158648 
-25.400000 56.234771 
-25.300000 56.291604 
-25.200000 56.462311 
-25.100000 56.512108 
-25.000000 56.850701 
-24.900000 56.710591 
-24.800000 56.906902 
-24.700000 57.167834 
-24.600000 57.121683 
-24.500000 57.118539 
-24.400000 57.267123 
-24.300000 57.436465 
-24.200000 57.404144 
-24.100000 57.529559 
-24.000000 57.541482 
-23.900000 57.854634 
-23.800000 57.916205 
-23.700000 57.987118 
-23.600000 58.047936 
-23.500000 58.273239 
-23.400000 58.243436 
-23.300000 58.281962 
-23.200000 58.543921 
-23.100000 58.578152 
-23.000000 58.633210 
-22.900000 58.724184 
-22.800000 58.898922 
-22.700000 58.928915 
-22.600000 59.092123 
-22.500000 59.175749 
-22.400000 59.247709 
-22.300000 59.452373 
-22.200000 59.436248 
-22.100000 59.456741 
-22.000000 59.724620 
-21.900000 59.756405 
-21.800000 59.754118 
-21.700000 59.837749 
-21.600000 59.972484 
-21.500000 60.069464 
-21.400000 60.137315 
-21.300000 60.335275 
-21.200000 60.464463 
-21.100000 60.617329 
-21.000000 60.539841 
-20.900000 60.720789 
-20.800000 60.866552 
-20.700000 61.073289 
-20.600000 61.116128 
-20.500000 61.023020 
-20.400000 61.339037 
-20.300000 61.212143 
-20.200000 61.339526 
-20.100000 61.525928 
-20.000000 61.520991 
-19.900000 61.744473 
-19.800000 61.795963 
-19.700000 61.867852 
-19.600000 61.983101 
-19.500000 62.104204 
-19.400000 62.102362 
-19.300000 62.232002 
-19.200000 62.358661 
-19.100000 62.510752 
-19.000000 62.415780 
-18.900000 62.598283 
-18.800000 62.679748 
-18.700000 62.781992 
-18.600000 62.998282 
-18.500000 63.014003 
-18.400000 63.081926 
-18.300000 63.333676 
-18.200000 63.185330 
-18.100000 63.340038 
-18.000000 63.381475 
-17.900000 63.551435 
-17.800000 63.835311 
-17.700000 63.708478 
-17.600000 63.953215 
-17.500000 64.046508 
-17.400000 64.068990 
-17.300000 64.034445 
-17.200000 64.284300 
-17.100000 64.391705 
-17.000000 64.353345 
-16.900000 64.579783 
-16.800000 64.700668 
-16.700000 64.684017 
-16.600000 64.900478 
-16.500000 65.018454 
-16.400000 64.984832 
-16.300000 65.084302 
-16.200000 65.191072 
-16.100000 65.293509 
-16.000000 65.427501 
-15.900000 65.460976 
-15.800000 65.604574 
-15.700000 65.694388 
-15.600000 65.856419 
-15.500000 65.974387 
-15.400000 66.007993 
-15.300000 66.059820 
-15.200000 66.307185 
-15.100000 66.191605 
-15.000000 66.401688 
-14.900000 66.405990 
-14.800000 66.567206 
-14.700000 66.691014 
-14.600000 66.822110 
-14.500000 66.785780 
-14.400000 66.992913 
-14.300000 67.064816 
-14.200000 67.118159 
-14.100000 67.373062 
-14.000000 67.312768 
-13.900000 67.488611 
-13.800000 67.571717 
-13.700000 67.617691 
-13.600000 67.596971 
-13.500000 67.810646 
-13.400000 67.822818 
-13.300000 68.048197 
-13.200000 67.969478 
-13.100000 68.121353 
-13.000000 68.218430 
-12.900000 68.309660 
-12.800000 68.432543 
-12.700000 68.508460 
-12.600000 68.557402 
-12.500000 68.638843 
-12.400000 68.765740 
-12.300000 68.873309 
-12.200000 69.072276 
-12.100000 69.141711 
-12.000000 69.171128 
-11.900000 69.144690 
-11.800000 69.359243 
-11.700000 69.399582 
-11.600000 69.433705 
-11.500000 69.595844 
-11.400000 69.556794 
-11.300000 69.766347 
-11.200000 69.972756 
-11.100000 69.929141 
-11.000000 70.061456 
-10.900000 70.094568 
-10.800000 70.390288 
-10.700000 70.313417 
-10.600000 70.593606 
-10.500000 70.492900 
-10.400000 70.745011 
-10.300000 70.779296 
-10.200000 70.801478 
-10.100000 70.896207 
-10.000000 70.917294 
-9.900000 71.104276 
-9.800000 71.132371 
-9.700000 71.285829 
-9.600000 71.431436 
-9.500000 71.445688 
-9.400000 71.542711 
-9.300000 71.626058 
-9.200000 71.671319 
-9.100000 71.829284 
-9.000000 71.977530 
-8.900000 72.008272 
-8.800000 72.002668 
-8.700000 72.123350 
-8.600000 72.136129 
-8.500000 72.254513 
-8.400000 72.355679 
-8.300000 72.428988 
-8.200000 72.551105 
-8.100000 72.621044 
-8.000000 72.722510 
-7.900000 72.765622 
-7.800000 72.872256 
-7.700000 72.998799 
-7.600000 73.018381 
-7.500000 73.225119 
-7.400000 73.275105 
-7.300000 73.375129 
-7.200000 73.471808 
-7.100000 73.453919 
-7.000000 73.557171 
-6.900000 73.754444 
-6.800000 73.776425 
-6.700000 73.791991 
-6.600000 73.917401 
-6.500000 73.972577 
-6.400000 74.084681 
-6.300000 74.192159 
-6.200000 74.315189 
-6.100000 74.401032 
-6.000000 74.445706 
-5.900000 74.455008 
-5.800000 74.628415 
-5.700000 74.720768 
-5.600000 74.730754 
-5.500000 74.784400 
-5.400000 74.929157 
-5.300000 74.956735 
-5.200000 75.032353 
-5.100000 75.162491 
-5.000000 75.260630 
-4.900000 75.291761 
-4.800000 75.412293 
-4.700000 75.450812 
-4.600000 75.545745 
-4.500000 75.607361 
-4.400000 75.724509 
-4.300000 75.826018 
-4.200000 75.785161 
-4.100000 75.976369 
-4.000000 76.051197 
-3.900000 76.069896 
-3.800000 76.209646 
-3.700000 76.205379 
-3.600000 76.352333 
-3.500000 76.457032 
-3.400000 76.355805 
-3.300000 76.558360 
-3.200000 76.631926 
-3.100000 76.719736 
-3.000000 76.749253 
-2.900000 76.828200 
-2.800000 76.966448 
-2.700000 76.947545 
-2.600000 77.122204 
-2.500000 77.258772 
-2.400000 77.140952 
-2.300000 77.269599 
-2.200000 77.298398 
-2.100000 77.515816 
-2.000000 77.438797 
-1.900000 77.577718 
-1.800000 77.681011 
-1.700000 77.801877 
-1.600000 77.867808 
-1.500000 77.780607 
-1.400000 77.931302 
-1.300000 77.942573 
-1.200000 77.962348 
-1.100000 78.113388 
-1.000000 78.251184 
-0.900000 78.252355 
-0.800000 78.334478 
-0.700000 78.492254 
-0.600000 78.444620 
-0.500000 78.525914 
-0.400000 78.553422 
-0.300000 78.600974 
-0.200000 78.736570 
-0.100000 78.808946 
