-40.000000 41.161865 
-39.900000 41.711282 
-39.800000 42.693824 
-39.700000 41.889831 
-39.600000 42.234151 
-39.500000 42.298597 
-39.400000 43.257495 
-39.300000 41.820324 
-39.200000 41.949145 
-39.100000 41.746081 
-39.000000 42.596225 
-38.900000 42.195380 
-38.800000 41.772713 
-38.700000 43.731990 
-38.600000 43.317593 
-38.500000 43.527271 
-38.400000 43.048975 
-38.300000 44.361800 
-38.200000 43.672394 
-38.100000 42.639138 
-38.000000 43.900444 
-37.900000 42.718372 
-37.800000 43.936311 
-37.700000 44.875247 
-37.600000 43.628561 
-37.500000 44.365760 
-37.400000 44.309434 
-37.300000 44.913238 
-37.200000 45.386319 
-37.100000 44.867636 
-37.000000 45.335446 
-36.900000 45.589293 
-36.800000 44.847386 
-36.700000 44.907766 
-36.600000 44.905192 
-36.500000 45.981957 
-36.400000 44.949147 
-36.300000 44.729563 
-36.200000 45.547412 
-36.100000 46.363530 
-36.000000 45.578134 
-35.900000 46.227359 
-35.800000 46.717024 
-35.700000 44.866516 
-35.600000 45.044994 
-35.500000 45.221523 
-35.400000 45.261507 
-35.300000 47.410996 
-35.200000 47.206189 
-35.100000 46.908495 
-35.000000 46.356861 
-34.900000 47.266753 
-34.800000 46.540510 
-34.700000 47.215396 
-34.600000 46.199108 
-34.500000 47.339271 
-34.400000 47.608633 
-34.300000 47.559999 
-34.200000 48.276333 
-34.100000 48.202685 
-34.000000 47.758029 
-33.900000 48.093148 
-33.800000 47.529062 
-33.700000 48.850203 
-33.600000 48.200869 
-33.500000 46.891224 
-33.400000 47.973678 
-33.300000 48.876847 
-33.200000 48.843942 
-33.100000 48.047537 
-33.000000 47.420791 
-32.900000 47.581752 
-32.800000 49.162764 
-32.700000 49.259697 
-32.600000 48.118775 
-32.500000 49.310005 
-32.400000 48.749721 
-32.300000 49.453159 
-32.200000 49.997451 
-32.100000 48.794233 
-32.000000 48.922380 
-31.900000 48.984363 
-31.800000 50.354269 
-31.700000 49.940799 
-31.600000 49.608791 
-31.500000 50.160494 
-31.400000 49.205586 
-31.300000 50.552165 
-31.200000 50.572131 
-31.100000 50.577429 
-31.000000 51.154171 
-30.900000 50.816219 
-30.800000 50.142817 
-30.700000 50.134699 
-30.600000 50.558652 
-30.500000 51.689827 
-30.400000 50.147600 
-30.300000 50.808400 
-30.200000 51.081178 
-30.100000 50.464468 
-30.000000 51.781853 
-29.900000 51.707019 
-29.800000 51.064187 
-29.700000 51.888334 
-29.600000 52.206059 
-29.500000 52.537250 
-29.400000 52.560483 
-29.300000 52.091669 
-29.200000 51.651144 
-29.100000 52.542957 
-29.000000 51.479547 
-28.900000 51.685039 
-28.800000 52.536981 
-28.700000 52.244004 
-28.600000 51.624206 
-28.500000 53.141066 
-28.400000 52.030891 
-28.300000 52.898665 
-28.200000 53.274235 
-28.100000 53.065870 
-28.000000 53.274394 
-27.900000 53.059970 
-27.800000 53.501701 
-27.700000 54.593417 
-27.600000 52.702358 
-27.500000 52.782271 
-27.400000 54.522161 
-27.300000 54.089364 
-27.200000 53.587714 
-27.100000 53.661406 
-27.000000 53.686703 
-26.900000 54.015370 
-26.800000 53.366320 
-26.700000 54.426367 
-26.600000 53.377183 
-26.500000 54.154951 
-26.400000 53.395323 
-26.300000 54.406588 
-26.200000 54.195745 
-26.100000 55.027135 
-26.000000 53.857246 
-25.900000 55.237950 
-25.800000 55.071414 
-25.700000 54.500985 
-25.600000 54.718522 
-25.500000 55.432252 
-25.400000 55.276715 
-25.300000 54.393515 
-25.200000 55.691348 
-25.100000 56.161263 
-25.000000 55.720991 
-24.900000 55.835362 
-24.800000 55.424402 
-24.700000 55.887008 
-24.600000 56.065666 
-24.500000 55.962660 
-24.400000 56.602193 
-24.300000 55.571284 
-24.200000 55.642026 
-24.100000 55.808239 
-24.000000 56.266701 
-23.900000 57.007124 
-23.800000 57.394018 
-23.700000 56.781166 
-23.600000 56.245969 
-23.500000 56.777044 
-23.400000 56.728068 
-23.300000 56.209357 
-23.200000 56.559125 
-23.100000 57.381230 
-23.000000 57.107378 
-22.900000 58.094099 
-22.800000 56.887957 
-22.700000 58.282890 
-22.600000 58.047866 
-22.500000 58.658504 
-22.400000 58.738756 
-22.300000 57.891522 
-22.200000 58.737811 
-22.100000 57.318784 
-22.000000 58.935262 
-21.900000 57.903482 
-21.800000 58.272419 
-21.700000 57.517820 
-21.600000 58.318533 
-21.500000 58.013659 
-21.400000 57.704037 
-21.300000 58.495772 
-21.200000 58.070170 
-21.100000 57.910695 
-21.000000 57.846779 
-20.900000 58.906745 
-20.800000 58.836847 
-20.700000 56.995700 
-20.600000 58.847468 
-20.500000 58.138739 
-20.400000 58.007410 
-20.300000 58.603973 
-20.200000 57.745453 
-20.100000 57.683098 
-20.000000 58.712347 
-19.900000 58.772112 
-19.800000 58.412831 
-19.700000 58.529378 
-19.600000 59.258127 
-19.500000 58.514631 
-19.400000 58.460758 
-19.300000 59.020764 
-19.200000 59.086008 
-19.100000 58.667991 
-19.000000 58.922272 
-18.900000 59.645692 
-18.800000 59.548849 
-18.700000 59.656221 
-18.600000 59.935705 
-18.500000 59.695034 
-18.400000 59.769767 
-18.300000 59.935407 
-18.200000 59.832389 
-18.100000 59.908108 
-18.000000 60.300120 
-17.900000 59.927005 
-17.800000 60.040495 
-17.700000 59.937408 
-17.600000 59.741669 
-17.500000 60.664915 
-17.400000 60.707031 
-17.300000 60.146281 
-17.200000 60.391212 
-17.100000 60.505752 
-17.000000 60.533014 
-16.900000 60.736512 
-16.800000 61.272650 
-16.700000 61.802156 
-16.600000 60.893268 
-16.500000 62.085481 
-16.400000 61.247432 
-16.300000 61.820807 
-16.200000 61.344292 
-16.100000 62.209604 
-16.000000 61.805047 
-15.900000 61.158996 
-15.800000 62.181769 
-15.700000 61.646583 
-15.600000 61.841289 
-15.500000 62.370072 
-15.400000 61.773156 
-15.300000 62.002005 
-15.200000 63.059192 
-15.100000 61.681213 
-15.000000 61.028663 
-14.900000 60.831388 
-14.800000 61.533631 
-14.700000 61.878597 
-14.600000 62.376225 
-14.500000 60.787480 
-14.400000 61.341180 
-14.300000 60.212118 
-14.200000 61.798488 
-14.100000 60.452812 
-14.000000 60.729666 
-13.900000 60.813728 
-13.800000 60.604216 
-13.700000 60.982840 
-13.600000 60.572122 
-13.500000 60.066244 
-13.400000 60.236949 
-13.300000 60.774872 
-13.200000 61.021138 
-13.100000 61.597986 
-13.000000 61.023461 
-12.900000 61.031974 
-12.800000 61.121851 
-12.700000 61.200394 
-12.600000 61.524880 
-12.500000 61.324959 
-12.400000 61.456041 
-12.300000 61.849730 
-12.200000 61.722596 
-12.100000 61.859464 
-12.000000 62.377459 
-11.900000 62.215331 
-11.800000 62.592432 
-11.700000 62.508841 
-11.600000 62.547679 
-11.500000 62.355293 
-11.400000 62.634889 
-11.300000 62.486558 
-11.200000 62.423119 
-11.100000 62.854493 
-11.000000 63.221522 
-10.900000 63.292049 
-10.800000 63.488500 
-10.700000 63.100011 
-10.600000 62.793510 
-10.500000 63.553153 
-10.400000 61.979717 
-10.300000 63.744453 
-10.200000 64.149305 
-10.100000 63.549344 
-10.000000 64.562218 
-9.900000 63.698988 
-9.800000 64.207432 
-9.700000 62.529416 
-9.600000 64.111728 
-9.500000 63.516157 
-9.400000 63.208419 
-9.300000 62.936197 
-9.200000 63.954475 
-9.100000 62.310166 
-9.000000 63.324603 
-8.900000 62.371539 
-8.800000 62.616518 
-8.700000 63.362861 
-8.600000 63.263008 
-8.500000 61.953178 
-8.400000 59.489558 
-8.300000 60.499208 
-8.200000 58.660637 
-8.100000 58.566948 
-8.000000 54.968381 
-7.900000 58.112564 
-7.800000 58.093072 
-7.700000 54.720740 
-7.600000 57.331694 
-7.500000 51.770609 
-7.400000 53.734706 
-7.300000 48.933466 
-7.200000 49.752223 
-7.100000 46.431335 
-7.000000 44.353780 
-6.900000 45.778394 
-6.800000 41.781565 
-6.700000 43.659610 
-6.600000 41.754184 
-6.500000 39.153215 
-6.400000 37.083940 
-6.300000 37.357003 
-6.200000 35.524090 
-6.100000 34.894766 
-6.000000 34.692099 
-5.900000 33.663200 
-5.800000 32.416256 
-5.700000 31.557188 
-5.600000 32.359289 
-5.500000 31.460451 
-5.400000 30.441975 
-5.300000 30.084407 
-5.200000 29.717182 
-5.100000 28.795922 
-5.000000 27.589966 
-4.900000 28.143555 
-4.800000 28.020073 
-4.700000 26.919690 
-4.600000 26.665091 
-4.500000 25.776716 
-4.400000 25.488245 
-4.300000 25.008395 
-4.200000 24.860674 
-4.100000 24.815744 
-4.000000 23.682070 
-3.900000 23.080474 
-3.800000 23.019645 
-3.700000 22.328831 
-3.600000 22.191181 
-3.500000 21.851926 
-3.400000 21.538680 
-3.300000 21.249728 
-3.200000 20.935830 
-3.100000 20.570550 
-3.000000 20.327492 
-2.900000 19.627310 
-2.800000 19.409720 
-2.700000 18.842537 
-2.600000 18.717848 
-2.500000 18.339665 
-2.400000 17.963816 
-2.300000 18.004451 
-2.200000 17.691940 
-2.100000 17.506965 
-2.000000 16.885153 
-1.900000 16.777840 
-1.800000 16.313135 
-1.700000 16.365276 
-1.600000 15.723146 
-1.500000 15.555078 
-1.400000 15.491231 
-1.300000 15.223448 
-1.200000 14.710774 
-1.100000 14.690157 
-1.000000 14.723793 
-0.900000 14.186525 
-0.800000 13.865118 
-0.700000 13.365020 
-0.600000 13.273753 
-0.500000 12.964706 
-0.400000 12.903239 
-0.300000 12.351254 
-0.200000 12.315378 
-0.100000 12.001093 
