-40.000000 41.202702 
-39.900000 41.662930 
-39.800000 42.877620 
-39.700000 41.867062 
-39.600000 42.248632 
-39.500000 42.385382 
-39.400000 43.379957 
-39.300000 41.995225 
-39.200000 41.927985 
-39.100000 41.856518 
-39.000000 42.625584 
-38.900000 42.325981 
-38.800000 41.823613 
-38.700000 43.894625 
-38.600000 43.301720 
-38.500000 43.712206 
-38.400000 42.986281 
-38.300000 44.462026 
-38.200000 43.788650 
-38.100000 42.755993 
-38.000000 44.194568 
-37.900000 42.993355 
-37.800000 44.126845 
-37.700000 44.989188 
-37.600000 43.653563 
-37.500000 44.482908 
-37.400000 44.436185 
-37.300000 45.009637 
-37.200000 45.591522 
-37.100000 45.070332 
-37.000000 45.618857 
-36.900000 45.766184 
-36.800000 44.961315 
-36.700000 45.122360 
-36.600000 44.967567 
-36.500000 46.150069 
-36.400000 45.183691 
-36.300000 44.720874 
-36.200000 45.712624 
-36.100000 46.490056 
-36.000000 45.821372 
-35.900000 46.416058 
-35.800000 46.821592 
-35.700000 44.831934 
-35.600000 45.341802 
-35.500000 45.331570 
-35.400000 45.269930 
-35.300000 47.467757 
-35.200000 47.320433 
-35.100000 46.962640 
-35.000000 46.501908 
-34.900000 47.462697 
-34.800000 46.690818 
-34.700000 47.205609 
-34.600000 46.284547 
-34.500000 47.439472 
-34.400000 47.695302 
-34.300000 47.733963 
-34.200000 48.556537 
-34.100000 48.327783 
-34.000000 47.957470 
-33.900000 48.293058 
-33.800000 47.698145 
-33.700000 49.020563 
-33.600000 48.307067 
-33.500000 46.993104 
-33.400000 48.159668 
-33.300000 49.050882 
-33.200000 48.906742 
-33.100000 48.052733 
-33.000000 47.705315 
-32.900000 48.074554 
-32.800000 49.633748 
-32.700000 49.526717 
-32.600000 48.487812 
-32.500000 49.512137 
-32.400000 49.078886 
-32.300000 49.766578 
-32.200000 50.273151 
-32.100000 49.217684 
-32.000000 49.419863 
-31.900000 49.473296 
-31.800000 50.791279 
-31.700000 50.563664 
-31.600000 50.014510 
-31.500000 50.618002 
-31.400000 49.777159 
-31.300000 51.015883 
-31.200000 51.229842 
-31.100000 51.082116 
-31.000000 51.641714 
-30.900000 51.232031 
-30.800000 50.575719 
-30.700000 50.533072 
-30.600000 51.007207 
-30.500000 52.015213 
-30.400000 50.560342 
-30.300000 51.263136 
-30.200000 51.522173 
-30.100000 50.886649 
-30.000000 52.201018 
-29.900000 52.025083 
-29.800000 51.454063 
-29.700000 52.269395 
-29.600000 52.741043 
-29.500000 52.925182 
-29.400000 52.970197 
-29.300000 52.789168 
-29.200000 52.167792 
-29.100000 53.057061 
-29.000000 51.874329 
-28.900000 52.050146 
-28.800000 52.951241 
-28.700000 52.701873 
-28.600000 51.953511 
-28.500000 53.669717 
-28.400000 52.315106 
-28.300000 53.418633 
-28.200000 54.042537 
-28.100000 53.540274 
-28.000000 53.603752 
-27.900000 53.480750 
-27.800000 54.447052 
-27.700000 54.956132 
-27.600000 53.188920 
-27.500000 53.329196 
-27.400000 55.338198 
-27.300000 54.904894 
-27.200000 54.015137 
-27.100000 54.439704 
-27.000000 54.263554 
-26.900000 54.904227 
-26.800000 54.190666 
-26.700000 55.517568 
-26.600000 54.173791 
-26.500000 54.905408 
-26.400000 54.420698 
-26.300000 55.753744 
-26.200000 55.529767 
-26.100000 56.187823 
-26.000000 55.121108 
-25.900000 56.661941 
-25.800000 56.347239 
-25.700000 55.620818 
-25.600000 56.048304 
-25.500000 56.963276 
-25.400000 56.567656 
-25.300000 55.664755 
-25.200000 57.004148 
-25.100000 57.639870 
-25.000000 57.060111 
-24.900000 57.188924 
-24.800000 56.704540 
-24.700000 57.382374 
-24.600000 57.575512 
-24.500000 57.125989 
-24.400000 58.002981 
-24.300000 56.980237 
-24.200000 56.757157 
-24.100000 57.036955 
-24.000000 57.680954 
-23.900000 58.530544 
-23.800000 58.793286 
-23.700000 57.926778 
-23.600000 57.638357 
-23.500000 58.075168 
-23.400000 58.081962 
-23.300000 57.509475 
-23.200000 58.019440 
-23.100000 58.708879 
-23.000000 58.381715 
-22.900000 59.630052 
-22.800000 58.061641 
-22.700000 59.761317 
-22.600000 59.506680 
-22.500000 60.069581 
-22.400000 60.189803 
-22.300000 59.942205 
-22.200000 60.259823 
-22.100000 58.743484 
-22.000000 60.475978 
-21.900000 59.163674 
-21.800000 59.655923 
-21.700000 58.597738 
-21.600000 59.528990 
-21.500000 59.869838 
-21.400000 59.315143 
-21.300000 60.677157 
-21.200000 60.607468 
-21.100000 59.685264 
-21.000000 60.559643 
-20.900000 60.806861 
-20.800000 61.858757 
-20.700000 59.963335 
-20.600000 61.895522 
-20.500000 60.960312 
-20.400000 60.966379 
-20.300000 62.348874 
-20.200000 60.807240 
-20.100000 60.908228 
-20.000000 61.823393 
-19.900000 61.965700 
-19.800000 61.238271 
-19.700000 61.369088 
-19.600000 62.995448 
-19.500000 61.694600 
-19.400000 61.777149 
-19.300000 62.763897 
-19.200000 62.681248 
-19.100000 61.961347 
-19.000000 61.859975 
-18.900000 63.423404 
-18.800000 63.169986 
-18.700000 62.976258 
-18.600000 63.573193 
-18.500000 62.988467 
-18.400000 63.143254 
-18.300000 63.425000 
-18.200000 63.270591 
-18.100000 63.186277 
-18.000000 63.764191 
-17.900000 63.275012 
-17.800000 63.291019 
-17.700000 63.199032 
-17.600000 62.917612 
-17.500000 64.064084 
-17.400000 64.067103 
-17.300000 63.205954 
-17.200000 63.641412 
-17.100000 63.783762 
-17.000000 63.646392 
-16.900000 64.087592 
-16.800000 64.850632 
-16.700000 65.484271 
-16.600000 64.133295 
-16.500000 65.684183 
-16.400000 64.369651 
-16.300000 65.268102 
-16.200000 64.854918 
-16.100000 65.788120 
-16.000000 65.328573 
-15.900000 65.257376 
-15.800000 65.779994 
-15.700000 64.735079 
-15.600000 65.023594 
-15.500000 65.749587 
-15.400000 66.467742 
-15.300000 66.847659 
-15.200000 66.719387 
-15.100000 66.185324 
-15.000000 65.669457 
-14.900000 65.505713 
-14.800000 66.274567 
-14.700000 67.340070 
-14.600000 67.093700 
-14.500000 66.757560 
-14.400000 67.347222 
-14.300000 66.682010 
-14.200000 67.880727 
-14.100000 67.137666 
-14.000000 67.584501 
-13.900000 68.054247 
-13.800000 66.844057 
-13.700000 68.261399 
-13.600000 67.009290 
-13.500000 66.688776 
-13.400000 67.255672 
-13.300000 66.844820 
-13.200000 67.258060 
-13.100000 68.456430 
-13.000000 68.625190 
-12.900000 67.827429 
-12.800000 68.563286 
-12.700000 68.442038 
-12.600000 69.458462 
-12.500000 68.991603 
-12.400000 67.995444 
-12.300000 69.421584 
-12.200000 68.971754 
-12.100000 67.959684 
-12.000000 69.224506 
-11.900000 68.519356 
-11.800000 69.893603 
-11.700000 69.244616 
-11.600000 70.028276 
-11.500000 68.328718 
-11.400000 68.796393 
-11.300000 69.709980 
-11.200000 69.341802 
-11.100000 69.155573 
-11.000000 70.943317 
-10.900000 70.314325 
-10.800000 70.870484 
-10.700000 69.139326 
-10.600000 69.222998 
-10.500000 71.119114 
-10.400000 70.580507 
-10.300000 71.019347 
-10.200000 71.360002 
-10.100000 70.937409 
-10.000000 71.429394 
-9.900000 70.249807 
-9.800000 72.298649 
-9.700000 70.864024 
-9.600000 71.911820 
-9.500000 71.124844 
-9.400000 72.466181 
-9.300000 72.032378 
-9.200000 71.401886 
-9.100000 72.304004 
-9.000000 71.723916 
-8.900000 72.580009 
-8.800000 72.518369 
-8.700000 72.437742 
-8.600000 72.059603 
-8.500000 73.119934 
-8.400000 72.641183 
-8.300000 73.249316 
-8.200000 72.472660 
-8.100000 71.922422 
-8.000000 73.298365 
-7.900000 72.262794 
-7.800000 73.028068 
-7.700000 73.685126 
-7.600000 72.932122 
-7.500000 72.951251 
-7.400000 73.694768 
-7.300000 72.596454 
-7.200000 74.041217 
-7.100000 73.609467 
-7.000000 73.879917 
-6.900000 74.539793 
-6.800000 73.378340 
-6.700000 74.324974 
-6.600000 73.350499 
-6.500000 74.401415 
-6.400000 74.190282 
-6.300000 73.387067 
-6.200000 75.454781 
-6.100000 74.353144 
-6.000000 74.356591 
-5.900000 75.464421 
-5.800000 74.759303 
-5.700000 75.068780 
-5.600000 73.699893 
-5.500000 73.868814 
-5.400000 74.092753 
-5.300000 75.828259 
-5.200000 74.799693 
-5.100000 75.199361 
-5.000000 74.664721 
-4.900000 76.243945 
-4.800000 74.701606 
-4.700000 74.511850 
-4.600000 75.463904 
-4.500000 75.969471 
-4.400000 74.969022 
-4.300000 74.915336 
-4.200000 76.798966 
-4.100000 77.056617 
-4.000000 75.501207 
-3.900000 75.559636 
-3.800000 76.373283 
-3.700000 75.438573 
-3.600000 75.164951 
-3.500000 76.009045 
-3.400000 76.675373 
-3.300000 76.058217 
-3.200000 75.777139 
-3.100000 75.794832 
-3.000000 76.027943 
-2.900000 76.463096 
-2.800000 76.995783 
-2.700000 77.520728 
-2.600000 77.986771 
-2.500000 76.694774 
-2.400000 76.863716 
-2.300000 76.887380 
-2.200000 78.307356 
-2.100000 77.510650 
-2.000000 77.897705 
-1.900000 78.711215 
-1.800000 78.054906 
-1.700000 76.791125 
-1.600000 77.147539 
-1.500000 78.495612 
-1.400000 78.711762 
-1.300000 78.093893 
-1.200000 78.149679 
-1.100000 77.694855 
-1.000000 76.921235 
-0.900000 77.377311 
-0.800000 78.887622 
-0.700000 78.155000 
-0.600000 78.349487 
-0.500000 78.517446 
-0.400000 78.664786 
-0.300000 79.501098 
-0.200000 77.628746 
-0.100000 78.637080 
