-40.000000 41.568871 
-39.900000 41.752712 
-39.800000 42.424215 
-39.700000 41.866724 
-39.600000 42.742666 
-39.500000 42.049163 
-39.400000 43.282787 
-39.300000 41.540769 
-39.200000 42.950106 
-39.100000 42.116759 
-39.000000 42.130357 
-38.900000 41.529469 
-38.800000 42.472240 
-38.700000 43.518562 
-38.600000 43.141257 
-38.500000 44.504671 
-38.400000 43.156244 
-38.300000 44.265224 
-38.200000 43.383208 
-38.100000 42.637823 
-38.000000 43.502040 
-37.900000 42.522314 
-37.800000 43.572948 
-37.700000 45.055654 
-37.600000 43.746261 
-37.500000 44.293144 
-37.400000 44.064518 
-37.300000 45.261940 
-37.200000 46.191684 
-37.100000 44.750114 
-37.000000 45.425096 
-36.900000 45.006242 
-36.800000 45.140681 
-36.700000 44.491353 
-36.600000 45.497417 
-36.500000 45.670397 
-36.400000 44.611277 
-36.300000 44.666640 
-36.200000 45.486228 
-36.100000 47.163526 
-36.000000 45.431481 
-35.900000 47.416232 
-35.800000 46.482276 
-35.700000 45.381407 
-35.600000 44.774582 
-35.500000 45.208342 
-35.400000 45.964660 
-35.300000 47.590873 
-35.200000 47.303588 
-35.100000 47.921212 
-35.000000 46.303111 
-34.900000 48.082866 
-34.800000 47.123634 
-34.700000 47.019253 
-34.600000 45.766077 
-34.500000 47.544017 
-34.400000 46.819899 
-34.300000 47.652914 
-34.200000 48.632248 
-34.100000 48.837097 
-34.000000 47.986270 
-33.900000 48.635671 
-33.800000 48.326073 
-33.700000 49.798435 
-33.600000 47.811879 
-33.500000 46.619716 
-33.400000 48.167880 
-33.300000 49.075956 
-33.200000 48.744813 
-33.100000 49.106679 
-33.000000 47.228471 
-32.900000 48.607868 
-32.800000 49.973016 
-32.700000 49.352138 
-32.600000 48.964499 
-32.500000 49.425852 
-32.400000 48.540857 
-32.300000 48.259690 
-32.200000 50.470935 
-32.100000 49.495199 
-32.000000 49.017156 
-31.900000 49.380948 
-31.800000 50.881331 
-31.700000 50.243267 
-31.600000 49.868838 
-31.500000 49.876887 
-31.400000 50.068823 
-31.300000 51.256846 
-31.200000 51.447332 
-31.100000 51.325249 
-31.000000 51.209644 
-30.900000 51.515585 
-30.800000 50.443359 
-30.700000 51.421299 
-30.600000 51.514360 
-30.500000 51.405546 
-30.400000 51.479649 
-30.300000 51.262814 
-30.200000 51.540471 
-30.100000 50.950372 
-30.000000 52.867685 
-29.900000 51.938087 
-29.800000 50.998630 
-29.700000 52.270399 
-29.600000 51.678304 
-29.500000 52.931445 
-29.400000 52.836258 
-29.300000 52.725794 
-29.200000 52.235253 
-29.100000 53.295854 
-29.000000 52.884602 
-28.900000 52.576125 
-28.800000 52.773966 
-28.700000 53.510140 
-28.600000 52.636083 
-28.500000 53.355092 
-28.400000 52.084219 
-28.300000 53.151400 
-28.200000 53.413593 
-28.100000 53.468447 
-28.000000 52.854376 
-27.900000 52.923239 
-27.800000 54.276092 
-27.700000 55.517990 
-27.600000 52.804422 
-27.500000 52.789239 
-27.400000 54.933094 
-27.300000 55.088918 
-27.200000 53.686055 
-27.100000 54.160495 
-27.000000 54.650155 
-26.900000 55.387022 
-26.800000 54.521172 
-26.700000 55.929089 
-26.600000 54.468931 
-26.500000 55.289753 
-26.400000 55.544782 
-26.300000 55.830124 
-26.200000 55.771458 
-26.100000 56.593890 
-26.000000 55.049353 
-25.900000 57.303732 
-25.800000 56.963054 
-25.700000 55.614019 
-25.600000 55.932281 
-25.500000 57.040388 
-25.400000 56.546682 
-25.300000 56.090094 
-25.200000 55.874961 
-25.100000 57.016034 
-25.000000 56.865311 
-24.900000 57.479669 
-24.800000 56.799313 
-24.700000 56.549331 
-24.600000 57.981251 
-24.500000 57.728642 
-24.400000 58.009979 
-24.300000 56.378933 
-24.200000 56.533647 
-24.100000 57.110633 
-24.000000 58.527446 
-23.900000 58.946801 
-23.800000 58.661087 
-23.700000 58.575135 
-23.600000 57.989736 
-23.500000 58.582152 
-23.400000 58.060845 
-23.300000 58.073203 
-23.200000 57.917157 
-23.100000 59.103808 
-23.000000 58.519957 
-22.900000 59.691678 
-22.800000 58.396295 
-22.700000 59.845800 
-22.600000 58.930036 
-22.500000 60.347001 
-22.400000 59.908328 
-22.300000 59.237813 
-22.200000 60.300093 
-22.100000 59.074255 
-22.000000 60.173516 
-21.900000 59.544866 
-21.800000 60.169332 
-21.700000 59.189688 
-21.600000 60.101829 
-21.500000 59.725260 
-21.400000 59.616212 
-21.300000 59.914260 
-21.200000 59.744153 
-21.100000 59.963375 
-21.000000 60.680166 
-20.900000 60.475040 
-20.800000 62.400586 
-20.700000 60.260228 
-20.600000 61.417316 
-20.500000 61.507939 
-20.400000 60.596845 
-20.300000 62.583476 
-20.200000 60.805878 
-20.100000 60.952128 
-20.000000 61.326235 
-19.900000 61.930837 
-19.800000 62.164644 
-19.700000 61.057937 
-19.600000 62.788058 
-19.500000 61.533943 
-19.400000 61.289801 
-19.300000 63.695202 
-19.200000 62.212117 
-19.100000 61.436500 
-19.000000 62.870055 
-18.900000 63.906601 
-18.800000 61.106159 
-18.700000 63.404317 
-18.600000 63.051290 
-18.500000 62.139396 
-18.400000 62.643492 
-18.300000 62.575909 
-18.200000 63.021714 
-18.100000 63.423890 
-18.000000 63.436549 
-17.900000 62.887172 
-17.800000 63.390433 
-17.700000 63.577291 
-17.600000 62.744233 
-17.500000 64.613718 
-17.400000 62.996623 
-17.300000 62.056231 
-17.200000 64.082339 
-17.100000 63.095738 
-17.000000 62.734543 
-16.900000 63.338327 
-16.800000 64.127830 
-16.700000 64.796142 
-16.600000 63.538353 
-16.500000 65.626005 
-16.400000 64.425802 
-16.300000 64.114873 
-16.200000 63.926130 
-16.100000 64.783027 
-16.000000 64.725747 
-15.900000 65.124600 
-15.800000 64.184124 
-15.700000 63.818628 
-15.600000 63.785621 
-15.500000 65.078962 
-15.400000 65.990452 
-15.300000 65.912605 
-15.200000 66.237278 
-15.100000 64.889725 
-15.000000 65.755334 
-14.900000 64.608381 
-14.800000 64.965466 
-14.700000 66.385231 
-14.600000 66.924901 
-14.500000 66.345599 
-14.400000 66.657161 
-14.300000 66.327339 
-14.200000 66.751376 
-14.100000 67.108071 
-14.000000 66.924410 
-13.900000 67.646423 
-13.800000 65.970880 
-13.700000 68.418646 
-13.600000 66.581585 
-13.500000 65.420712 
-13.400000 67.232710 
-13.300000 66.463654 
-13.200000 67.098275 
-13.100000 67.970602 
-13.000000 65.714492 
-12.900000 67.701060 
-12.800000 66.775744 
-12.700000 66.888399 
-12.600000 68.654108 
-12.500000 67.160147 
-12.400000 66.916536 
-12.300000 69.104950 
-12.200000 68.252084 
-12.100000 67.245694 
-12.000000 67.741423 
-11.900000 66.779175 
-11.800000 69.354755 
-11.700000 68.494098 
-11.600000 68.732181 
-11.500000 65.675607 
-11.400000 67.562463 
-11.300000 68.277673 
-11.200000 67.405541 
-11.100000 67.770155 
-11.000000 69.490389 
-10.900000 68.547952 
-10.800000 67.226605 
-10.700000 67.131076 
-10.600000 67.580517 
-10.500000 67.209482 
-10.400000 69.026347 
-10.300000 68.052341 
-10.200000 68.807442 
-10.100000 67.552918 
-10.000000 69.367163 
-9.900000 68.318250 
-9.800000 68.557259 
-9.700000 67.711910 
-9.600000 67.791132 
-9.500000 69.402742 
-9.400000 68.709545 
-9.300000 68.291202 
-9.200000 69.202184 
-9.100000 68.666592 
-9.000000 69.655688 
-8.900000 69.687941 
-8.800000 70.389088 
-8.700000 69.226029 
-8.600000 68.945285 
-8.500000 70.558368 
-8.400000 69.595088 
-8.300000 69.997132 
-8.200000 70.275728 
-8.100000 68.723677 
-8.000000 69.490318 
-7.900000 71.283805 
-7.800000 69.087574 
-7.700000 70.989211 
-7.600000 70.304599 
-7.500000 70.362058 
-7.400000 71.807670 
-7.300000 68.361125 
-7.200000 70.332424 
-7.100000 68.607712 
-7.000000 71.199552 
-6.900000 70.029483 
-6.800000 71.256306 
-6.700000 71.280706 
-6.600000 70.800641 
-6.500000 69.334657 
-6.400000 69.526786 
-6.300000 68.838892 
-6.200000 69.223838 
-6.100000 68.627454 
-6.000000 69.003822 
-5.900000 67.805397 
-5.800000 69.531032 
-5.700000 66.002165 
-5.600000 49.789447 
-5.500000 68.733878 
-5.400000 69.747215 
-5.300000 37.325548 
-5.200000 34.093415 
-5.100000 69.732026 
-5.000000 42.260050 
-4.900000 36.844047 
-4.800000 31.054592 
-4.700000 63.817467 
-4.600000 35.453724 
-4.500000 58.242789 
-4.400000 42.958818 
-4.300000 36.883832 
-4.200000 38.617365 
-4.100000 27.731299 
-4.000000 23.381928 
-3.900000 28.192818 
-3.800000 29.678537 
-3.700000 24.884778 
-3.600000 27.374977 
-3.500000 29.156403 
-3.400000 27.672157 
-3.300000 19.320864 
-3.200000 25.532463 
-3.100000 25.653621 
-3.000000 21.359280 
-2.900000 32.764428 
-2.800000 21.401147 
-2.700000 21.092086 
-2.600000 19.245586 
-2.500000 21.167839 
-2.400000 17.937480 
-2.300000 20.139905 
-2.200000 16.214134 
-2.100000 17.311137 
-2.000000 20.924775 
-1.900000 19.412140 
-1.800000 20.558208 
-1.700000 15.012087 
-1.600000 17.366223 
-1.500000 19.404468 
-1.400000 19.692727 
-1.300000 17.544216 
-1.200000 13.776917 
-1.100000 15.981370 
-1.000000 15.137393 
-0.900000 14.091925 
-0.800000 16.531338 
-0.700000 14.437732 
-0.600000 15.415754 
-0.500000 13.544525 
-0.400000 12.301934 
-0.300000 13.359294 
-0.200000 12.855466 
-0.100000 14.034429 
