-40.000000 46.286858 
-39.900000 47.936105 
-39.800000 49.587811 
-39.700000 45.839808 
-39.600000 46.954721 
-39.500000 48.107855 
-39.400000 49.357959 
-39.300000 49.782497 
-39.200000 50.114120 
-39.100000 45.630728 
-39.000000 45.656337 
-38.900000 45.633218 
-38.800000 50.588271 
-38.700000 50.434917 
-38.600000 50.234343 
-38.500000 49.657290 
-38.400000 48.333346 
-38.300000 47.248623 
-38.200000 51.015869 
-38.100000 49.783901 
-38.000000 47.909446 
-37.900000 51.053016 
-37.800000 49.492277 
-37.700000 46.852961 
-37.600000 49.733035 
-37.500000 46.916660 
-37.400000 49.341682 
-37.300000 51.477261 
-37.200000 48.151236 
-37.100000 49.749084 
-37.000000 51.439424 
-36.900000 52.203716 
-36.800000 47.867065 
-36.700000 48.802442 
-36.600000 49.337549 
-36.500000 49.473412 
-36.400000 49.534680 
-36.300000 49.403164 
-36.200000 49.119487 
-36.100000 53.175057 
-36.000000 52.610212 
-35.900000 51.314237 
-35.800000 49.529180 
-35.700000 53.298138 
-35.600000 51.411163 
-35.500000 48.820417 
-35.400000 51.604711 
-35.300000 53.904614 
-35.200000 50.788961 
-35.100000 52.875721 
-35.000000 54.263004 
-34.900000 50.413504 
-34.800000 51.539643 
-34.700000 52.446815 
-34.600000 52.665865 
-34.500000 52.839049 
-34.400000 52.630083 
-34.300000 52.112841 
-34.200000 51.223312 
-34.100000 55.497221 
-34.000000 54.111512 
-33.900000 52.388750 
-33.800000 55.455693 
-33.700000 52.991357 
-33.600000 55.290756 
-33.500000 52.260324 
-33.400000 54.355088 
-33.300000 55.470828 
-33.200000 51.396221 
-33.100000 52.418094 
-33.000000 53.005761 
-32.900000 52.750700 
-32.800000 52.541616 
-32.700000 51.728491 
-32.600000 55.662982 
-32.500000 54.672792 
-32.400000 52.646421 
-32.300000 55.683227 
-32.200000 53.394694 
-32.100000 55.416470 
-32.000000 52.131990 
-31.900000 53.369265 
-31.800000 54.578647 
-31.700000 55.045457 
-31.600000 54.782448 
-31.500000 54.878718 
-31.400000 54.107778 
-31.300000 53.302219 
-31.200000 56.855083 
-31.100000 55.119822 
-31.000000 57.354038 
-30.900000 55.153120 
-30.800000 56.882336 
-30.700000 53.114373 
-30.600000 53.811818 
-30.500000 54.596109 
-30.400000 54.703353 
-30.300000 54.183729 
-30.200000 58.250401 
-30.100000 56.879157 
-30.000000 55.233682 
-29.900000 57.774816 
-29.800000 55.147785 
-29.700000 56.757217 
-29.600000 57.912680 
-29.500000 58.451414 
-29.400000 58.837650 
-29.300000 58.319707 
-29.200000 57.389505 
-29.100000 55.970142 
-29.000000 59.024357 
-28.900000 56.710623 
-28.800000 58.451713 
-28.700000 54.934328 
-28.600000 55.695238 
-28.500000 56.084933 
-28.400000 55.458362 
-28.300000 59.800456 
-28.200000 58.518357 
-28.100000 55.981786 
-28.000000 58.404302 
-27.900000 59.918199 
-27.800000 56.262214 
-27.700000 56.835023 
-27.600000 56.037614 
-27.500000 60.489341 
-27.400000 59.206562 
-27.300000 57.193398 
-27.200000 58.815623 
-27.100000 60.929971 
-27.000000 56.316330 
-26.900000 56.711542 
-26.800000 60.442246 
-26.700000 59.429578 
-26.600000 57.125368 
-26.500000 60.536652 
-26.400000 56.496047 
-26.300000 57.571840 
-26.200000 57.436101 
-26.100000 56.965263 
-26.000000 59.240849 
-25.900000 58.210801 
-25.800000 59.962675 
-25.700000 59.930413 
-25.600000 57.218823 
-25.500000 61.148630 
-25.400000 59.634430 
-25.300000 58.171130 
-25.200000 60.092174 
-25.100000 60.839486 
-25.000000 57.535282 
-24.900000 61.055503 
-24.800000 60.221857 
-24.700000 58.470636 
-24.600000 60.181164 
-24.500000 60.943593 
-24.400000 61.451996 
-24.300000 60.748474 
-24.200000 59.127663 
-24.100000 61.098420 
-24.000000 58.453326 
-23.900000 58.646083 
-23.800000 58.241530 
-23.700000 61.396958 
-23.600000 59.328605 
-23.500000 60.321383 
-23.400000 60.699741 
-23.300000 60.199984 
-23.200000 58.983196 
-23.100000 60.946384 
-23.000000 61.624056 
-22.900000 62.091653 
-22.800000 61.266926 
-22.700000 59.446447 
-22.600000 60.667453 
-22.500000 61.437916 
-22.400000 61.063690 
-22.300000 59.672533 
-22.200000 61.469277 
-22.100000 62.155709 
-22.000000 62.051297 
-21.900000 60.859007 
-21.800000 62.709798 
-21.700000 63.767347 
-21.600000 63.383644 
-21.500000 62.243432 
-21.400000 63.959502 
-21.300000 60.855526 
-21.200000 64.355187 
-21.100000 63.091611 
-21.000000 64.537023 
-20.900000 60.312161 
-20.800000 63.038268 
-20.700000 62.463992 
-20.600000 63.664647 
-20.500000 61.997125 
-20.400000 62.362414 
-20.300000 63.190469 
-20.200000 62.524025 
-20.100000 62.736436 
-20.000000 61.023512 
-19.900000 60.757910 
-19.800000 60.555064 
-19.700000 62.166117 
-19.600000 62.243537 
-19.500000 62.142050 
-19.400000 60.359354 
-19.300000 60.985958 
-19.200000 61.203022 
-19.100000 59.970424 
-19.000000 60.828563 
-18.900000 60.630899 
-18.800000 62.641743 
-18.700000 62.435055 
-18.600000 62.218514 
-18.500000 61.134882 
-18.400000 61.311828 
-18.300000 60.925682 
-18.200000 61.928822 
-18.100000 62.028814 
-18.000000 60.985331 
-17.900000 61.806021 
-17.800000 61.530805 
-17.700000 62.692249 
-17.600000 62.918750 
-17.500000 61.769319 
-17.400000 62.759760 
-17.300000 62.629926 
-17.200000 62.983933 
-17.100000 63.318635 
-17.000000 62.236773 
-16.900000 62.533464 
-16.800000 64.114669 
-16.700000 62.243061 
-16.600000 64.389269 
-16.500000 62.873753 
-16.400000 62.575675 
-16.300000 63.572064 
-16.200000 63.498789 
-16.100000 64.726527 
-16.000000 64.591109 
-15.900000 63.342492 
-15.800000 63.484011 
-15.700000 63.797805 
-15.600000 64.866861 
-15.500000 63.666528 
-15.400000 63.581680 
-15.300000 64.752869 
-15.200000 64.586761 
-15.100000 64.518172 
-15.000000 65.254548 
-14.900000 63.645096 
-14.800000 65.539553 
-14.700000 64.602818 
-14.600000 63.958003 
-14.500000 64.055035 
-14.400000 64.206607 
-14.300000 65.286542 
-14.200000 62.944216 
-14.100000 64.893885 
-14.000000 62.506715 
-13.900000 63.439311 
-13.800000 63.667501 
-13.700000 62.383311 
-13.600000 63.972115 
-13.500000 62.587567 
-13.400000 61.866869 
-13.300000 62.462625 
-13.200000 61.702100 
-13.100000 62.980141 
-13.000000 62.898545 
-12.900000 63.411404 
-12.800000 62.276632 
-12.700000 62.826577 
-12.600000 62.672345 
-12.500000 62.768332 
-12.400000 63.418612 
-12.300000 63.054003 
-12.200000 62.975069 
-12.100000 63.318840 
-12.000000 62.137963 
-11.900000 62.753956 
-11.800000 63.030294 
-11.700000 63.399325 
-11.600000 63.901513 
-11.500000 63.174287 
-11.400000 64.030983 
-11.300000 63.826484 
-11.200000 63.302482 
-11.100000 62.110540 
-11.000000 64.500165 
-10.900000 63.325109 
-10.800000 64.590677 
-10.700000 63.708507 
-10.600000 63.357664 
-10.500000 64.503912 
-10.400000 64.381750 
-10.300000 65.078772 
-10.200000 65.300774 
-10.100000 64.960877 
-10.000000 64.294260 
-9.900000 64.222173 
-9.800000 64.574412 
-9.700000 65.274051 
-9.600000 65.573279 
-9.500000 65.355360 
-9.400000 64.893859 
-9.300000 64.707932 
-9.200000 64.665867 
-9.100000 65.133832 
-9.000000 64.878470 
-8.900000 64.652084 
-8.800000 65.966577 
-8.700000 65.063592 
-8.600000 64.707274 
-8.500000 66.145548 
-8.400000 65.606571 
-8.300000 64.361995 
-8.200000 65.242672 
-8.100000 63.807956 
-8.000000 64.421143 
-7.900000 60.345357 
-7.800000 62.837566 
-7.700000 64.641256 
-7.600000 61.521773 
-7.500000 61.695087 
-7.400000 62.901966 
-7.300000 61.953979 
-7.200000 60.817541 
-7.100000 51.699973 
-7.000000 59.726330 
-6.900000 49.078914 
-6.800000 57.045206 
-6.700000 58.201034 
-6.600000 53.353126 
-6.500000 42.240504 
-6.400000 45.981154 
-6.300000 37.109486 
-6.200000 37.323792 
-6.100000 42.214372 
-6.000000 40.236065 
-5.900000 37.289081 
-5.800000 36.591762 
-5.700000 34.974178 
-5.600000 35.677206 
-5.500000 33.449823 
-5.400000 32.172491 
-5.300000 34.495208 
-5.200000 33.008159 
-5.100000 30.597889 
-5.000000 30.740457 
-4.900000 31.850715 
-4.800000 29.567932 
-4.700000 28.396961 
-4.600000 27.772273 
-4.500000 26.638793 
-4.400000 27.874909 
-4.300000 25.369603 
-4.200000 25.510351 
-4.100000 25.246635 
-4.000000 25.164788 
-3.900000 24.340299 
-3.800000 23.531389 
-3.700000 22.480009 
-3.600000 23.124917 
-3.500000 21.893498 
-3.400000 22.213361 
-3.300000 22.321683 
-3.200000 20.893578 
-3.100000 20.915544 
-3.000000 20.781493 
-2.900000 21.096236 
-2.800000 20.718906 
-2.700000 19.988105 
-2.600000 19.646501 
-2.500000 18.684655 
-2.400000 18.353764 
-2.300000 18.870704 
-2.200000 17.818128 
-2.100000 18.412082 
-2.000000 17.482329 
-1.900000 16.834682 
-1.800000 16.816052 
-1.700000 17.011265 
-1.600000 16.001048 
-1.500000 15.768716 
-1.400000 15.809037 
-1.300000 15.508593 
-1.200000 15.997230 
-1.100000 14.229300 
-1.000000 14.336848 
-0.900000 14.345211 
-0.800000 14.287886 
-0.700000 14.108845 
-0.600000 13.698353 
-0.500000 13.557486 
-0.400000 13.521208 
-0.300000 13.047443 
-0.200000 12.773353 
-0.100000 12.583798 
