-40.000000 41.963084 
-39.900000 42.123326 
-39.800000 42.268465 
-39.700000 42.500368 
-39.600000 42.529306 
-39.500000 42.663966 
-39.400000 42.605962 
-39.300000 42.919982 
-39.200000 43.171046 
-39.100000 42.589639 
-39.000000 42.874274 
-38.900000 43.072364 
-38.800000 43.249515 
-38.700000 43.315405 
-38.600000 43.556716 
-38.500000 43.626248 
-38.400000 43.768749 
-38.300000 43.564887 
-38.200000 44.130567 
-38.100000 44.000908 
-38.000000 43.988336 
-37.900000 44.407263 
-37.800000 43.822964 
-37.700000 44.147024 
-37.600000 44.347555 
-37.500000 43.996044 
-37.400000 44.627201 
-37.300000 44.702659 
-37.200000 44.659011 
-37.100000 44.795149 
-37.000000 45.099831 
-36.900000 45.043918 
-36.800000 44.763453 
-36.700000 45.548731 
-36.600000 45.451590 
-36.500000 45.466171 
-36.400000 45.567660 
-36.300000 45.700863 
-36.200000 45.660558 
-36.100000 46.007512 
-36.000000 45.855808 
-35.900000 46.128381 
-35.800000 46.352257 
-35.700000 46.274421 
-35.600000 46.578904 
-35.500000 46.570248 
-35.400000 46.515943 
-35.300000 46.759776 
-35.200000 46.761055 
-35.100000 46.947889 
-35.000000 46.951889 
-34.900000 47.101091 
-34.800000 47.448910 
-34.700000 47.417073 
-34.600000 47.287555 
-34.500000 47.562150 
-34.400000 47.419638 
-34.300000 47.747040 
-34.200000 47.695883 
-34.100000 48.001737 
-34.000000 47.960998 
-33.900000 48.178359 
-33.800000 48.250113 
-33.700000 48.389017 
-33.600000 48.697307 
-33.500000 48.503203 
-33.400000 48.553887 
-33.300000 48.695507 
-33.200000 48.873517 
-33.100000 48.693760 
-33.000000 49.152280 
-32.900000 49.195045 
-32.800000 49.056805 
-32.700000 48.969326 
-32.600000 49.213335 
-32.500000 49.627740 
-32.400000 49.672879 
-32.300000 49.647006 
-32.200000 49.818259 
-32.100000 49.578973 
-32.000000 49.756818 
-31.900000 49.889564 
-31.800000 50.290440 
-31.700000 50.098017 
-31.600000 50.373733 
-31.500000 50.406021 
-31.400000 50.695074 
-31.300000 50.324981 
-31.200000 50.821101 
-31.100000 50.847355 
-31.000000 50.951682 
-30.900000 51.180165 
-30.800000 51.058470 
-30.700000 50.952684 
-30.600000 51.183756 
-30.500000 51.673883 
-30.400000 51.663987 
-30.300000 51.783810 
-30.200000 51.772616 
-30.100000 51.640523 
-30.000000 51.736168 
-29.900000 52.343624 
-29.800000 52.332071 
-29.700000 52.176611 
-29.600000 52.410939 
-29.500000 52.298389 
-29.400000 52.712998 
-29.300000 52.648441 
-29.200000 52.486687 
-29.100000 52.769744 
-29.000000 53.252960 
-28.900000 52.827117 
-28.800000 53.024786 
-28.700000 52.754617 
-28.600000 53.302419 
-28.500000 53.339745 
-28.400000 53.582875 
-28.300000 53.437802 
-28.200000 53.591616 
-28.100000 53.798832 
-28.000000 54.048906 
-27.900000 54.065178 
-27.800000 54.185112 
-27.700000 54.033848 
-27.600000 54.088865 
-27.500000 54.075973 
-27.400000 54.326257 
-27.300000 54.338215 
-27.200000 54.883918 
-27.100000 55.147042 
-27.000000 54.796851 
-26.900000 54.745360 
-26.800000 55.160081 
-26.700000 55.277025 
-26.600000 55.100183 
-26.500000 55.233815 
-26.400000 55.449045 
-26.300000 55.819251 
-26.200000 55.853101 
-26.100000 55.557016 
-26.000000 55.701091 
-25.900000 55.838856 
-25.800000 56.084132 
-25.700000 55.792938 
-25.600000 56.080738 
-25.500000 56.631363 
-25.400000 56.664089 
-25.300000 56.492250 
-25.200000 56.651944 
-25.100000 57.214424 
-25.000000 56.930540 
-24.900000 57.037800 
-24.800000 57.317460 
-24.700000 57.277139 
-24.600000 57.357345 
-24.500000 57.530527 
-24.400000 57.262218 
-24.300000 57.624852 
-24.200000 57.557921 
-24.100000 57.968786 
-24.000000 57.853768 
-23.900000 57.632280 
-23.800000 57.891019 
-23.700000 58.202201 
-23.600000 58.218805 
-23.500000 58.551913 
-23.400000 58.336077 
-23.300000 58.538556 
-23.200000 58.505593 
-23.100000 58.783548 
-23.000000 58.965638 
-22.900000 58.877354 
-22.800000 59.068439 
-22.700000 59.252605 
-22.600000 59.363575 
-22.500000 59.226137 
-22.400000 59.559816 
-22.300000 59.157013 
-22.200000 59.878248 
-22.100000 59.524693 
-22.000000 59.629537 
-21.900000 60.158332 
-21.800000 59.966873 
-21.700000 60.223759 
-21.600000 60.551054 
-21.500000 60.171101 
-21.400000 60.287868 
-21.300000 60.084047 
-21.200000 60.883713 
-21.100000 60.872762 
-21.000000 61.073953 
-20.900000 60.757469 
-20.800000 61.043289 
-20.700000 61.216453 
-20.600000 61.184167 
-20.500000 61.268301 
-20.400000 61.576782 
-20.300000 61.561173 
-20.200000 61.672153 
-20.100000 61.723366 
-20.000000 61.346104 
-19.900000 61.929476 
-19.800000 62.085980 
-19.700000 62.041531 
-19.600000 62.132246 
-19.500000 62.394767 
-19.400000 62.667410 
-19.300000 62.307147 
-19.200000 62.752458 
-19.100000 62.701437 
-19.000000 62.881820 
-18.900000 63.050114 
-18.800000 63.215503 
-18.700000 63.370689 
-18.600000 63.247383 
-18.500000 63.104459 
-18.400000 63.549337 
-18.300000 63.333149 
-18.200000 63.823299 
-18.100000 63.860435 
-18.000000 63.673354 
-17.900000 64.064758 
-17.800000 63.919535 
-17.700000 64.089133 
-17.600000 64.169691 
-17.500000 64.370081 
-17.400000 64.527796 
-17.300000 64.492022 
-17.200000 64.214100 
-17.100000 64.426663 
-17.000000 64.675152 
-16.900000 64.721003 
-16.800000 64.783117 
-16.700000 64.750693 
-16.600000 65.560496 
-16.500000 65.515960 
-16.400000 65.507894 
-16.300000 65.022671 
-16.200000 65.549693 
-16.100000 65.696066 
-16.000000 65.703918 
-15.900000 65.801108 
-15.800000 66.181401 
-15.700000 66.121044 
-15.600000 66.088396 
-15.500000 65.858580 
-15.400000 66.151352 
-15.300000 66.209956 
-15.200000 66.225738 
-15.100000 66.899929 
-15.000000 66.720614 
-14.900000 66.261181 
-14.800000 66.667438 
-14.700000 66.669681 
-14.600000 66.818258 
-14.500000 67.047009 
-14.400000 67.256816 
-14.300000 67.698203 
-14.200000 67.323983 
-14.100000 67.737250 
-14.000000 67.682295 
-13.900000 67.792499 
-13.800000 67.937716 
-13.700000 68.038805 
-13.600000 67.823433 
-13.500000 68.220309 
-13.400000 68.600640 
-13.300000 67.844328 
-13.200000 67.987614 
-13.100000 68.558218 
-13.000000 68.471397 
-12.900000 68.741131 
-12.800000 68.850544 
-12.700000 68.819185 
-12.600000 69.065753 
-12.500000 69.001207 
-12.400000 69.607349 
-12.300000 69.186778 
-12.200000 69.605982 
-12.100000 69.433819 
-12.000000 69.041860 
-11.900000 69.291817 
-11.800000 69.865667 
-11.700000 69.787423 
-11.600000 69.699441 
-11.500000 69.779112 
-11.400000 70.328128 
-11.300000 70.010002 
-11.200000 69.916088 
-11.100000 70.643854 
-11.000000 70.059528 
-10.900000 70.616540 
-10.800000 70.766323 
-10.700000 70.968473 
-10.600000 70.495223 
-10.500000 71.189456 
-10.400000 70.992285 
-10.300000 71.043858 
-10.200000 71.574679 
-10.100000 71.482952 
-10.000000 71.471284 
-9.900000 71.526008 
-9.800000 71.614780 
-9.700000 71.352683 
-9.600000 71.457554 
-9.500000 71.996027 
-9.400000 72.132229 
-9.300000 72.364056 
-9.200000 71.935494 
-9.100000 72.123646 
-9.000000 71.957134 
-8.900000 72.186762 
-8.800000 72.411366 
-8.700000 72.822561 
-8.600000 72.576613 
-8.500000 72.400153 
-8.400000 73.064216 
-8.300000 73.133134 
-8.200000 73.601571 
-8.100000 72.623778 
-8.000000 73.065364 
-7.900000 72.991366 
-7.800000 73.351937 
-7.700000 73.776156 
-7.600000 73.911344 
-7.500000 73.897259 
-7.400000 73.965610 
-7.300000 74.086385 
-7.200000 73.535356 
-7.100000 74.530793 
-7.000000 73.947909 
-6.900000 73.895660 
-6.800000 74.103527 
-6.700000 74.558609 
-6.600000 74.440590 
-6.500000 74.816228 
-6.400000 74.539969 
-6.300000 75.036510 
-6.200000 74.933176 
-6.100000 74.785551 
-6.000000 74.987454 
-5.900000 74.650059 
-5.800000 74.959371 
-5.700000 75.153213 
-5.600000 75.382149 
-5.500000 75.217050 
-5.400000 75.816670 
-5.300000 75.815770 
-5.200000 75.435301 
-5.100000 75.919062 
-5.000000 75.441736 
-4.900000 75.558064 
-4.800000 75.898056 
-4.700000 75.954328 
-4.600000 76.301507 
-4.500000 76.354844 
-4.400000 76.347270 
-4.300000 76.677474 
-4.200000 76.136186 
-4.100000 76.525876 
-4.000000 77.063692 
-3.900000 76.719580 
-3.800000 77.078664 
-3.700000 76.826609 
-3.600000 77.263668 
-3.500000 76.657701 
-3.400000 76.848323 
-3.300000 77.466714 
-3.200000 77.432879 
-3.100000 77.320162 
-3.000000 77.227770 
-2.900000 77.036574 
-2.800000 77.591082 
-2.700000 77.638414 
-2.600000 77.674679 
-2.500000 78.011658 
-2.400000 77.942193 
-2.300000 77.771882 
-2.200000 78.039643 
-2.100000 78.584359 
-2.000000 77.717141 
-1.900000 78.347046 
-1.800000 78.466636 
-1.700000 78.667684 
-1.600000 78.570042 
-1.500000 78.443007 
-1.400000 78.735509 
-1.300000 79.312919 
-1.200000 78.420619 
-1.100000 79.377216 
-1.000000 79.145691 
-0.900000 79.305375 
-0.800000 78.959583 
-0.700000 78.832397 
-0.600000 79.206535 
-0.500000 79.472378 
-0.400000 79.585365 
-0.300000 79.300869 
-0.200000 79.589424 
-0.100000 79.714741 
