-40.000000 47.939626 
-39.900000 48.022481 
-39.800000 48.372803 
-39.700000 49.010336 
-39.600000 48.199910 
-39.500000 48.614820 
-39.400000 48.595757 
-39.300000 49.611827 
-39.200000 50.135784 
-39.100000 47.776774 
-39.000000 48.481327 
-38.900000 48.916811 
-38.800000 49.926533 
-38.700000 50.096843 
-38.600000 49.983876 
-38.500000 49.689389 
-38.400000 49.935961 
-38.300000 49.310094 
-38.200000 51.025633 
-38.100000 50.210825 
-38.000000 49.826144 
-37.900000 50.814254 
-37.800000 49.212674 
-37.700000 49.987683 
-37.600000 50.408984 
-37.500000 49.160289 
-37.400000 51.034481 
-37.300000 51.018660 
-37.200000 50.613122 
-37.100000 50.793598 
-37.000000 51.444208 
-36.900000 51.178637 
-36.800000 49.901033 
-36.700000 51.974259 
-36.600000 51.418428 
-36.500000 51.371667 
-36.400000 51.910381 
-36.300000 51.228751 
-36.200000 51.347177 
-36.100000 52.935678 
-36.000000 51.976598 
-35.900000 52.159938 
-35.800000 52.964437 
-35.700000 52.331933 
-35.600000 53.220030 
-35.500000 52.581876 
-35.400000 52.355759 
-35.300000 52.590157 
-35.200000 52.741885 
-35.100000 53.162534 
-35.000000 53.124925 
-34.900000 53.262232 
-34.800000 53.911124 
-34.700000 54.042594 
-34.600000 53.510934 
-34.500000 53.361867 
-34.400000 53.092598 
-34.300000 54.270372 
-34.200000 53.399998 
-34.100000 54.532790 
-34.000000 54.373074 
-33.900000 54.521681 
-33.800000 54.832428 
-33.700000 54.576010 
-33.600000 55.554175 
-33.500000 54.774042 
-33.400000 54.916504 
-33.300000 54.459719 
-33.200000 55.269773 
-33.100000 54.172382 
-33.000000 55.560948 
-32.900000 56.131798 
-32.800000 55.115114 
-32.700000 54.286352 
-32.600000 54.967141 
-32.500000 55.690242 
-32.400000 55.771120 
-32.300000 55.599655 
-32.200000 56.253405 
-32.100000 55.126842 
-32.000000 55.210766 
-31.900000 55.673070 
-31.800000 56.510732 
-31.700000 55.985652 
-31.600000 56.347984 
-31.500000 56.580306 
-31.400000 57.629789 
-31.300000 55.874151 
-31.200000 57.109247 
-31.100000 56.585934 
-31.000000 57.062599 
-30.900000 57.268857 
-30.800000 56.891625 
-30.700000 56.356140 
-30.600000 57.556601 
-30.500000 58.154220 
-30.400000 58.333070 
-30.300000 58.115503 
-30.200000 58.100396 
-30.100000 57.116030 
-30.000000 57.543526 
-29.900000 59.166058 
-29.800000 58.909971 
-29.700000 58.029076 
-29.600000 59.008765 
-29.500000 58.068090 
-29.400000 59.508685 
-29.300000 58.753187 
-29.200000 58.067268 
-29.100000 58.431290 
-29.000000 60.109992 
-28.900000 58.391481 
-28.800000 58.993597 
-28.700000 57.699604 
-28.600000 59.184957 
-28.500000 58.848881 
-28.400000 59.797937 
-28.300000 59.077844 
-28.200000 60.044670 
-28.100000 59.803388 
-28.000000 60.206537 
-27.900000 59.681732 
-27.800000 60.501830 
-27.700000 59.804596 
-27.600000 59.163171 
-27.500000 59.664728 
-27.400000 60.153945 
-27.300000 59.657360 
-27.200000 60.748009 
-27.100000 61.540285 
-27.000000 60.290470 
-26.900000 60.241965 
-26.800000 61.486832 
-26.700000 61.462590 
-26.600000 60.971581 
-26.500000 60.924949 
-26.400000 61.437666 
-26.300000 62.307717 
-26.200000 62.259255 
-26.100000 61.610502 
-26.000000 61.078196 
-25.900000 61.168760 
-25.800000 61.767150 
-25.700000 61.253791 
-25.600000 61.868389 
-25.500000 63.314932 
-25.400000 63.092456 
-25.300000 61.899545 
-25.200000 62.341678 
-25.100000 64.102955 
-25.000000 63.237288 
-24.900000 63.139675 
-24.800000 63.723018 
-24.700000 63.525021 
-24.600000 63.234010 
-24.500000 63.273347 
-24.400000 62.328649 
-24.300000 63.604980 
-24.200000 63.051950 
-24.100000 64.390279 
-24.000000 63.671045 
-23.900000 62.757627 
-23.800000 63.596651 
-23.700000 64.231579 
-23.600000 63.736551 
-23.500000 64.888998 
-23.400000 64.138913 
-23.300000 63.930492 
-23.200000 63.862969 
-23.100000 64.942991 
-23.000000 64.781701 
-22.900000 64.447258 
-22.800000 64.872086 
-22.700000 65.023083 
-22.600000 65.772239 
-22.500000 64.653723 
-22.400000 65.166308 
-22.300000 64.205616 
-22.200000 66.213211 
-22.100000 65.077737 
-22.000000 64.708008 
-21.900000 65.771494 
-21.800000 65.491697 
-21.700000 66.271617 
-21.600000 67.040496 
-21.500000 65.476471 
-21.400000 65.457030 
-21.300000 65.080559 
-21.200000 67.389279 
-21.100000 66.844698 
-21.000000 67.781389 
-20.900000 66.083467 
-20.800000 66.883299 
-20.700000 67.277527 
-20.600000 66.720624 
-20.500000 66.857235 
-20.400000 67.719616 
-20.300000 66.964993 
-20.200000 67.439409 
-20.100000 67.475729 
-20.000000 65.859648 
-19.900000 67.745955 
-19.800000 67.848745 
-19.700000 67.318800 
-19.600000 67.926207 
-19.500000 67.968374 
-19.400000 69.118215 
-19.300000 67.978339 
-19.200000 68.736924 
-19.100000 68.545025 
-19.000000 68.572624 
-18.900000 69.209670 
-18.800000 69.266490 
-18.700000 69.801943 
-18.600000 68.835869 
-18.500000 68.169446 
-18.400000 69.414229 
-18.300000 68.933744 
-18.200000 69.663565 
-18.100000 69.723451 
-18.000000 68.606845 
-17.900000 69.624646 
-17.800000 68.897691 
-17.700000 69.683909 
-17.600000 69.724725 
-17.500000 70.042410 
-17.400000 70.515007 
-17.300000 69.863573 
-17.200000 68.802423 
-17.100000 69.175385 
-17.000000 69.738003 
-16.900000 69.974234 
-16.800000 69.499458 
-16.700000 69.672770 
-16.600000 71.950127 
-16.500000 70.809669 
-16.400000 70.964678 
-16.300000 69.642884 
-16.200000 70.803130 
-16.100000 70.807864 
-16.000000 70.804846 
-15.900000 70.922085 
-15.800000 72.123927 
-15.700000 71.616047 
-15.600000 71.130867 
-15.500000 70.400520 
-15.400000 70.916196 
-15.300000 70.879285 
-15.200000 70.636850 
-15.100000 72.599047 
-15.000000 71.717931 
-14.900000 70.414932 
-14.800000 70.925990 
-14.700000 71.013173 
-14.600000 71.175208 
-14.500000 71.874866 
-14.400000 71.959500 
-14.300000 73.689690 
-14.200000 72.090389 
-14.100000 72.895114 
-14.000000 72.907477 
-13.900000 72.942510 
-13.800000 73.026640 
-13.700000 72.969569 
-13.600000 72.170259 
-13.500000 73.039644 
-13.400000 74.084849 
-13.300000 71.490838 
-13.200000 71.895618 
-13.100000 73.238215 
-13.000000 72.628497 
-12.900000 73.899591 
-12.800000 73.621310 
-12.700000 73.035346 
-12.600000 73.724335 
-12.500000 73.577354 
-12.400000 75.401113 
-12.300000 73.642513 
-12.200000 74.723158 
-12.100000 74.021659 
-12.000000 72.575535 
-11.900000 73.081730 
-11.800000 74.648315 
-11.700000 74.149370 
-11.600000 73.968063 
-11.500000 73.947014 
-11.400000 74.942856 
-11.300000 74.227396 
-11.200000 73.786932 
-11.100000 75.023256 
-11.000000 73.831255 
-10.900000 75.165908 
-10.800000 75.195385 
-10.700000 75.514949 
-10.600000 74.327619 
-10.500000 75.570442 
-10.400000 75.217190 
-10.300000 74.980083 
-10.200000 76.214883 
-10.100000 75.836798 
-10.000000 75.883900 
-9.900000 75.286149 
-9.800000 75.839553 
-9.700000 74.888101 
-9.600000 74.859113 
-9.500000 75.672846 
-9.400000 76.399083 
-9.300000 76.548384 
-9.200000 75.241122 
-9.100000 75.817777 
-9.000000 75.047615 
-8.900000 75.718828 
-8.800000 75.981748 
-8.700000 76.744752 
-8.600000 76.056992 
-8.500000 75.600830 
-8.400000 77.171673 
-8.300000 76.883010 
-8.200000 78.141045 
-8.100000 75.425603 
-8.000000 76.188345 
-7.900000 76.074452 
-7.800000 76.477446 
-7.700000 77.555101 
-7.600000 77.403798 
-7.500000 77.764357 
-7.400000 77.461777 
-7.300000 77.656686 
-7.200000 76.179117 
-7.100000 78.299128 
-7.000000 76.954229 
-6.900000 76.607644 
-6.800000 76.824102 
-6.700000 77.827632 
-6.600000 77.587674 
-6.500000 78.023523 
-6.400000 77.139842 
-6.300000 78.256927 
-6.200000 77.924138 
-6.100000 77.561309 
-6.000000 77.533371 
-5.900000 76.764326 
-5.800000 77.323160 
-5.700000 77.684195 
-5.600000 77.879421 
-5.500000 77.743675 
-5.400000 78.686272 
-5.300000 78.330770 
-5.200000 77.545939 
-5.100000 78.362668 
-5.000000 77.542412 
-4.900000 77.354769 
-4.800000 77.844884 
-4.700000 78.076554 
-4.600000 78.603561 
-4.500000 78.684413 
-4.400000 78.448749 
-4.300000 78.853663 
-4.200000 77.904919 
-4.100000 78.383094 
-4.000000 79.480852 
-3.900000 78.659309 
-3.800000 79.219194 
-3.700000 78.449366 
-3.600000 79.245148 
-3.500000 78.179474 
-3.400000 78.353229 
-3.300000 79.286230 
-3.200000 79.146050 
-3.100000 78.785277 
-3.000000 78.659145 
-2.900000 78.121760 
-2.800000 78.975447 
-2.700000 79.080761 
-2.600000 79.086482 
-2.500000 79.548113 
-2.400000 79.227266 
-2.300000 78.892086 
-2.200000 79.401785 
-2.100000 80.011928 
-2.000000 78.575048 
-1.900000 79.505710 
-1.800000 79.633786 
-1.700000 79.759720 
-1.600000 79.491222 
-1.500000 79.255186 
-1.400000 79.608505 
-1.300000 80.427687 
-1.200000 79.059221 
-1.100000 80.357280 
-1.000000 79.881393 
-0.900000 79.940121 
-0.800000 79.474521 
-0.700000 79.258822 
-0.600000 79.803019 
-0.500000 79.992491 
-0.400000 80.031603 
-0.300000 79.676583 
-0.200000 80.026449 
-0.100000 80.188271 
