-40.000000 41.487930 
-39.900000 42.197979 
-39.800000 43.478937 
-39.700000 41.538486 
-39.600000 41.703911 
-39.500000 41.969289 
-39.400000 42.374571 
-39.300000 43.169407 
-39.200000 44.162924 
-39.100000 41.158814 
-39.000000 42.586160 
-38.900000 41.980051 
-38.800000 43.706047 
-38.700000 43.444700 
-38.600000 44.062015 
-38.500000 44.184998 
-38.400000 43.806142 
-38.300000 43.950683 
-38.200000 44.924639 
-38.100000 44.551571 
-38.000000 43.670873 
-37.900000 44.748045 
-37.800000 43.869863 
-37.700000 42.524155 
-37.600000 44.655632 
-37.500000 43.067326 
-37.400000 44.026163 
-37.300000 45.355589 
-37.200000 44.306670 
-37.100000 45.644143 
-37.000000 45.031445 
-36.900000 45.861918 
-36.800000 43.861429 
-36.700000 44.283297 
-36.600000 44.506468 
-36.500000 44.565805 
-36.400000 44.991963 
-36.300000 45.210446 
-36.200000 44.494225 
-36.100000 46.224240 
-36.000000 46.050368 
-35.900000 45.337574 
-35.800000 44.535432 
-35.700000 47.166356 
-35.600000 46.188524 
-35.500000 45.556922 
-35.400000 46.797572 
-35.300000 47.907296 
-35.200000 45.995643 
-35.100000 47.217732 
-35.000000 47.759862 
-34.900000 45.671301 
-34.800000 46.625464 
-34.700000 47.449903 
-34.600000 47.648664 
-34.500000 46.830082 
-34.400000 47.938839 
-34.300000 48.287646 
-34.200000 47.117545 
-34.100000 48.896572 
-34.000000 49.271272 
-33.900000 47.879983 
-33.800000 48.902988 
-33.700000 48.145855 
-33.600000 48.972150 
-33.500000 47.545447 
-33.400000 49.259667 
-33.300000 50.400803 
-33.200000 47.818106 
-33.100000 48.139827 
-33.000000 48.829307 
-32.900000 48.305019 
-32.800000 48.235927 
-32.700000 47.879734 
-32.600000 50.642287 
-32.500000 49.681880 
-32.400000 48.630615 
-32.300000 49.917736 
-32.200000 49.502804 
-32.100000 50.187500 
-32.000000 48.070162 
-31.900000 48.848705 
-31.800000 49.285173 
-31.700000 50.634007 
-31.600000 50.434592 
-31.500000 51.129574 
-31.400000 50.427127 
-31.300000 49.458713 
-31.200000 51.565341 
-31.100000 50.206560 
-31.000000 52.082417 
-30.900000 50.512687 
-30.800000 51.636560 
-30.700000 49.516690 
-30.600000 50.275987 
-30.500000 51.184511 
-30.400000 50.349905 
-30.300000 51.387469 
-30.200000 52.778549 
-30.100000 52.398247 
-30.000000 51.713785 
-29.900000 52.641645 
-29.800000 51.786204 
-29.700000 52.414199 
-29.600000 53.530354 
-29.500000 53.592729 
-29.400000 53.369517 
-29.300000 53.622053 
-29.200000 53.406436 
-29.100000 52.712581 
-29.000000 54.075852 
-28.900000 52.930698 
-28.800000 53.737837 
-28.700000 52.191399 
-28.600000 52.524434 
-28.500000 52.328194 
-28.400000 51.583494 
-28.300000 54.912284 
-28.200000 53.892561 
-28.100000 52.709086 
-28.000000 54.636426 
-27.900000 55.107876 
-27.800000 53.221509 
-27.700000 54.354980 
-27.600000 53.421488 
-27.500000 56.323075 
-27.400000 54.902274 
-27.300000 54.323158 
-27.200000 55.104521 
-27.100000 56.278672 
-27.000000 54.070839 
-26.900000 54.223726 
-26.800000 56.485352 
-26.700000 55.106317 
-26.600000 54.579431 
-26.500000 55.756022 
-26.400000 54.302542 
-26.300000 55.389259 
-26.200000 55.185028 
-26.100000 54.572349 
-26.000000 56.452628 
-25.900000 55.915672 
-25.800000 56.082067 
-25.700000 56.571347 
-25.600000 55.970439 
-25.500000 57.805424 
-25.400000 57.392325 
-25.300000 56.036868 
-25.200000 57.035105 
-25.100000 57.536130 
-25.000000 56.006206 
-24.900000 58.138287 
-24.800000 57.438538 
-24.700000 56.623574 
-24.600000 58.408479 
-24.500000 58.759567 
-24.400000 58.128982 
-24.300000 58.129675 
-24.200000 57.172783 
-24.100000 59.024424 
-24.000000 56.964789 
-23.900000 56.968993 
-23.800000 57.526811 
-23.700000 58.565245 
-23.600000 56.949526 
-23.500000 58.068783 
-23.400000 58.317296 
-23.300000 58.916973 
-23.200000 58.113912 
-23.100000 58.822531 
-23.000000 59.562257 
-22.900000 59.828938 
-22.800000 58.603984 
-22.700000 57.299217 
-22.600000 58.733610 
-22.500000 59.610277 
-22.400000 59.143179 
-22.300000 58.733560 
-22.200000 59.661675 
-22.100000 60.939664 
-22.000000 59.796396 
-21.900000 58.941902 
-21.800000 61.048828 
-21.700000 61.333099 
-21.600000 61.405503 
-21.500000 61.435581 
-21.400000 61.054463 
-21.300000 59.374436 
-21.200000 61.417437 
-21.100000 60.309993 
-21.000000 61.706095 
-20.900000 59.594123 
-20.800000 61.948483 
-20.700000 61.193322 
-20.600000 61.343524 
-20.500000 61.208240 
-20.400000 60.445202 
-20.300000 61.907667 
-20.200000 62.047660 
-20.100000 61.487514 
-20.000000 60.466513 
-19.900000 61.298081 
-19.800000 60.802711 
-19.700000 63.813668 
-19.600000 63.246521 
-19.500000 62.835126 
-19.400000 62.218903 
-19.300000 63.002911 
-19.200000 62.574919 
-19.100000 61.388940 
-19.000000 62.388577 
-18.900000 62.612904 
-18.800000 63.066321 
-18.700000 64.022241 
-18.600000 63.966058 
-18.500000 63.147166 
-18.400000 62.821724 
-18.300000 62.038454 
-18.200000 63.772167 
-18.100000 63.798613 
-18.000000 62.476684 
-17.900000 62.777572 
-17.800000 63.251142 
-17.700000 65.338808 
-17.600000 65.063048 
-17.500000 63.843181 
-17.400000 64.878897 
-17.300000 64.540792 
-17.200000 66.075243 
-17.100000 65.810313 
-17.000000 64.094862 
-16.900000 64.492135 
-16.800000 65.575838 
-16.700000 64.207440 
-16.600000 66.167342 
-16.500000 64.260037 
-16.400000 64.164432 
-16.300000 65.556887 
-16.200000 65.617450 
-16.100000 66.310262 
-16.000000 66.028555 
-15.900000 65.544191 
-15.800000 64.940555 
-15.700000 66.463722 
-15.600000 66.686561 
-15.500000 66.095006 
-15.400000 65.291186 
-15.300000 66.527325 
-15.200000 66.225090 
-15.100000 67.980004 
-15.000000 67.109676 
-14.900000 65.371411 
-14.800000 67.514420 
-14.700000 68.166131 
-14.600000 67.112553 
-14.500000 67.379591 
-14.400000 66.392288 
-14.300000 68.345239 
-14.200000 66.999745 
-14.100000 69.352887 
-14.000000 66.942343 
-13.900000 67.386776 
-13.800000 67.599881 
-13.700000 67.999531 
-13.600000 66.705921 
-13.500000 67.161762 
-13.400000 68.068719 
-13.300000 66.692040 
-13.200000 67.127953 
-13.100000 67.779077 
-13.000000 69.891884 
-12.900000 69.255932 
-12.800000 68.010412 
-12.700000 68.952368 
-12.600000 69.402850 
-12.500000 69.727757 
-12.400000 71.019168 
-12.300000 69.953497 
-12.200000 69.474267 
-12.100000 69.991098 
-12.000000 68.223261 
-11.900000 70.331305 
-11.800000 70.359718 
-11.700000 69.879313 
-11.600000 70.922337 
-11.500000 69.236756 
-11.400000 71.341802 
-11.300000 70.540751 
-11.200000 70.990700 
-11.100000 71.650977 
-11.000000 71.787887 
-10.900000 70.218007 
-10.800000 71.258228 
-10.700000 70.973104 
-10.600000 70.489229 
-10.500000 72.602329 
-10.400000 71.923083 
-10.300000 72.259550 
-10.200000 72.397109 
-10.100000 72.844090 
-10.000000 70.561869 
-9.900000 71.248431 
-9.800000 72.103059 
-9.700000 71.998199 
-9.600000 71.920102 
-9.500000 73.404093 
-9.400000 71.597134 
-9.300000 71.006911 
-9.200000 71.611494 
-9.100000 71.789076 
-9.000000 71.291871 
-8.900000 74.711514 
-8.800000 72.810987 
-8.700000 71.721474 
-8.600000 73.278838 
-8.500000 73.657862 
-8.400000 71.819644 
-8.300000 72.464918 
-8.200000 74.279613 
-8.100000 73.456464 
-8.000000 74.490121 
-7.900000 73.555177 
-7.800000 72.904311 
-7.700000 74.656071 
-7.600000 73.083720 
-7.500000 73.243794 
-7.400000 74.550811 
-7.300000 75.298436 
-7.200000 73.431261 
-7.100000 75.859096 
-7.000000 74.447723 
-6.900000 74.234477 
-6.800000 74.831007 
-6.700000 75.625352 
-6.600000 76.175829 
-6.500000 73.570448 
-6.400000 74.968683 
-6.300000 76.914196 
-6.200000 76.259627 
-6.100000 76.534445 
-6.000000 75.447912 
-5.900000 74.578030 
-5.800000 74.892199 
-5.700000 75.527723 
-5.600000 74.493615 
-5.500000 76.267786 
-5.400000 74.429474 
-5.300000 74.714559 
-5.200000 75.614906 
-5.100000 77.199076 
-5.000000 77.321480 
-4.900000 76.917004 
-4.800000 76.723623 
-4.700000 77.595946 
-4.600000 76.618784 
-4.500000 76.825279 
-4.400000 77.171076 
-4.300000 75.934035 
-4.200000 77.700825 
-4.100000 76.810016 
-4.000000 78.470578 
-3.900000 77.555878 
-3.800000 77.907425 
-3.700000 76.504809 
-3.600000 78.818926 
-3.500000 78.531622 
-3.400000 76.444175 
-3.300000 79.292539 
-3.200000 77.676553 
-3.100000 79.216418 
-3.000000 76.921941 
-2.900000 77.461049 
-2.800000 80.133463 
-2.700000 78.702238 
-2.600000 77.282191 
-2.500000 77.822914 
-2.400000 79.805794 
-2.300000 78.965169 
-2.200000 79.285008 
-2.100000 78.498361 
-2.000000 79.089687 
-1.900000 79.007939 
-1.800000 80.546028 
-1.700000 80.074112 
-1.600000 78.567155 
-1.500000 78.261116 
-1.400000 79.380007 
-1.300000 80.820800 
-1.200000 81.339769 
-1.100000 79.080977 
-1.000000 82.208265 
-0.900000 80.958704 
-0.800000 81.266986 
-0.700000 78.874589 
-0.600000 81.233295 
-0.500000 80.088600 
-0.400000 79.446563 
-0.300000 81.478364 
-0.200000 81.145376 
-0.100000 80.827935 
