-40.000000 46.188495  -40.000000 46.286858  -40.000000 45.831357  -40.000000 46.568137 
-39.900000 46.234573  -39.900000 47.936105  -39.900000 46.694495  -39.900000 46.851158 
-39.800000 46.594264  -39.800000 49.587811  -39.800000 49.481581  -39.800000 47.024275 
-39.700000 46.969625  -39.700000 45.839808  -39.700000 46.922109  -39.700000 47.279310 
-39.600000 46.427793  -39.600000 46.954721  -39.600000 47.360675  -39.600000 47.202490 
-39.500000 46.764799  -39.500000 48.107855  -39.500000 47.622902  -39.500000 47.265935 
-39.400000 46.830731  -39.400000 49.357959  -39.400000 49.577030  -39.400000 47.402195 
-39.300000 47.567968  -39.300000 49.782497  -39.300000 46.619634  -39.300000 47.367975 
-39.200000 47.922134  -39.200000 50.114120  -39.200000 46.681843  -39.200000 47.430076 
-39.100000 46.338881  -39.100000 45.630728  -39.100000 46.099723  -39.100000 47.651662 
-39.000000 46.859935  -39.000000 45.656337  -39.000000 47.620313  -39.000000 47.918235 
-38.900000 47.001016  -38.900000 45.633218  -38.900000 47.020448  -38.900000 47.998374 
-38.800000 47.905971  -38.800000 50.588271  -38.800000 46.076416  -38.800000 47.956048 
-38.700000 48.124303  -38.700000 50.434917  -38.700000 49.664070  -38.700000 47.826380 
-38.600000 48.066974  -38.600000 50.234343  -38.600000 48.309035  -38.600000 47.732142 
-38.500000 47.920916  -38.500000 49.657290  -38.500000 49.202119  -38.500000 48.166470 
-38.400000 48.078359  -38.400000 48.333346  -38.400000 47.959300  -38.400000 48.348147 
-38.300000 47.535105  -38.300000 47.248623  -38.300000 50.833712  -38.300000 48.227956 
-38.200000 48.790122  -38.200000 51.015869  -38.200000 49.315841  -38.200000 48.315996 
-38.100000 48.354795  -38.100000 49.783901  -38.100000 46.735418  -38.100000 48.547773 
-38.000000 48.008748  -38.000000 47.909446  -38.000000 49.769650  -38.000000 48.832396 
-37.900000 48.832534  -37.900000 51.053016  -37.900000 47.117983  -37.900000 49.091920 
-37.800000 47.581835  -37.800000 49.492277  -37.800000 49.517468  -37.800000 48.982795 
-37.700000 48.224025  -37.700000 46.852961  -37.700000 51.420112  -37.700000 49.134911 
-37.600000 48.541192  -37.600000 49.733035  -37.600000 48.343114  -37.600000 48.941225 
-37.500000 47.602099  -37.500000 46.916660  -37.500000 49.818774  -37.500000 49.338930 
-37.400000 49.213693  -37.400000 49.341682  -37.400000 49.444457  -37.400000 49.485716 
-37.300000 49.234808  -37.300000 51.477261  -37.300000 51.000125  -37.300000 49.128472 
-37.200000 48.772670  -37.200000 48.151236  -37.200000 51.748080  -37.200000 49.711127 
-37.100000 48.907656  -37.100000 49.749084  -37.100000 50.125771  -37.100000 49.488978 
-37.000000 49.387249  -37.000000 51.439424  -37.000000 51.205233  -37.000000 49.417148 
-36.900000 49.392764  -36.900000 52.203716  -36.900000 51.893874  -36.900000 49.797431 
-36.800000 48.415119  -36.800000 47.867065  -36.800000 49.767105  -36.800000 49.987462 
-36.700000 49.815167  -36.700000 48.802442  -36.700000 50.137447  -36.700000 50.029126 
-36.600000 48.843055  -36.600000 49.337549  -36.600000 49.775810  -36.600000 49.973552 
-36.500000 48.918906  -36.500000 49.473412  -36.500000 52.106443  -36.500000 50.089046 
-36.400000 49.171044  -36.400000 49.534680  -36.400000 49.644156  -36.400000 50.380165 
-36.300000 48.927039  -36.300000 49.403164  -36.300000 48.885815  -36.300000 50.489555 
-36.200000 47.640233  -36.200000 49.119487  -36.200000 50.912514  -36.200000 50.434783 
-36.100000 48.270701  -36.100000 53.175057  -36.100000 52.259107  -36.100000 50.494888 
-36.000000 48.019011  -36.000000 52.610212  -36.000000 50.813591  -36.000000 50.285214 
-35.900000 48.291507  -35.900000 51.314237  -35.900000 51.968458  -35.900000 50.789677 
-35.800000 48.633456  -35.800000 49.529180  -35.800000 53.017207  -35.800000 50.875449 
-35.700000 48.361331  -35.700000 53.298138  -35.700000 48.806419  -35.700000 51.037021 
-35.600000 48.682952  -35.600000 51.411163  -35.600000 49.162353  -35.600000 50.828895 
-35.500000 48.532945  -35.500000 48.820417  -35.500000 49.295737  -35.500000 50.850079 
-35.400000 48.408120  -35.400000 51.604711  -35.400000 49.192048  -35.400000 51.018234 
-35.300000 48.650767  -35.300000 53.904614  -35.300000 53.754115  -35.300000 51.257383 
-35.200000 48.686913  -35.200000 50.788961  -35.200000 53.404241  -35.200000 51.010045 
-35.100000 49.020779  -35.100000 52.875721  -35.100000 52.691687  -35.100000 51.237893 
-35.000000 48.980019  -35.000000 54.263004  -35.000000 51.274142  -35.000000 51.602846 
-34.900000 49.197160  -34.900000 50.413504  -34.900000 53.200975  -34.900000 51.849904 
-34.800000 49.398675  -34.800000 51.539643  -34.800000 51.550614  -34.800000 51.991310 
-34.700000 49.767332  -34.700000 52.446815  -34.700000 52.255237  -34.700000 51.683858 
-34.600000 49.489142  -34.600000 52.665865  -34.600000 50.134026  -34.600000 51.850207 
-34.500000 49.498711  -34.500000 52.839049  -34.500000 52.841565  -34.500000 51.705074 
-34.400000 49.256983  -34.400000 52.630083  -34.400000 53.369261  -34.400000 51.950264 
-34.300000 49.946039  -34.300000 52.112841  -34.300000 52.632210  -34.300000 52.077152 
-34.200000 49.612362  -34.200000 51.223312  -34.200000 54.546863  -34.200000 52.117482 
-34.100000 50.151810  -34.100000 55.497221  -34.100000 54.118219  -34.100000 52.171490 
-34.000000 50.053434  -34.000000 54.111512  -34.000000 52.961839  -34.000000 52.422364 
-33.900000 50.214295  -33.900000 52.388750  -33.900000 54.105042  -33.900000 52.598206 
-33.800000 50.406310  -33.800000 55.455693  -33.800000 52.326792  -33.800000 52.546982 
-33.700000 50.408367  -33.700000 52.991357  -33.700000 55.223138  -33.700000 52.856803 
-33.600000 50.804509  -33.600000 55.290756  -33.600000 53.259275  -33.600000 53.076316 
-33.500000 50.554891  -33.500000 52.260324  -33.500000 50.750941  -33.500000 52.930040 
-33.400000 50.589985  -33.400000 54.355088  -33.400000 52.728448  -33.400000 53.240916 
-33.300000 50.494018  -33.300000 55.470828  -33.300000 54.423259  -33.300000 53.239300 
-33.200000 51.061497  -33.200000 51.396221  -33.200000 54.106260  -33.200000 53.080068 
-33.100000 50.527665  -33.100000 52.418094  -33.100000 52.588149  -33.100000 53.435813 
-33.000000 51.142168  -33.000000 53.005761  -33.000000 51.328591  -33.000000 53.366041 
-32.900000 51.532766  -32.900000 52.750700  -32.900000 51.975693  -32.900000 53.240731 
-32.800000 51.114446  -32.800000 52.541616  -32.800000 55.527530  -32.800000 53.682771 
-32.700000 50.674004  -32.700000 51.728491  -32.700000 55.091493  -32.700000 53.430581 
-32.600000 50.982868  -32.600000 55.662982  -32.600000 52.460995  -32.600000 53.743796 
-32.500000 51.571840  -32.500000 54.672792  -32.500000 54.178934  -32.500000 53.571742 
-32.400000 51.664793  -32.400000 52.646421  -32.400000 53.558298  -32.400000 53.466461 
-32.300000 51.492792  -32.300000 55.683227  -32.300000 54.818462  -32.300000 53.927555 
-32.200000 52.043285  -32.200000 53.394694  -32.200000 55.693795  -32.200000 53.874347 
-32.100000 51.374376  -32.100000 55.416470  -32.100000 53.295083  -32.100000 54.180142 
-32.000000 51.407998  -32.000000 52.131990  -32.000000 53.493281  -32.000000 54.134801 
-31.900000 51.856181  -31.900000 53.369265  -31.900000 53.521682  -31.900000 53.984118 
-31.800000 52.409263  -31.800000 54.578647  -31.800000 55.918754  -31.800000 54.463773 
-31.700000 51.863220  -31.700000 55.045457  -31.700000 55.161906  -31.700000 54.268636 
-31.600000 52.396114  -31.600000 54.782448  -31.600000 54.336676  -31.600000 54.219242 
-31.500000 52.345792  -31.500000 54.878718  -31.500000 55.249197  -31.500000 54.248217 
-31.400000 52.985024  -31.400000 54.107778  -31.400000 53.348583  -31.400000 54.329512 
-31.300000 52.185334  -31.300000 53.302219  -31.300000 55.909695  -31.300000 54.232862 
-31.200000 52.912067  -31.200000 56.855083  -31.200000 56.261189  -31.200000 54.626624 
-31.100000 52.708963  -31.100000 55.119822  -31.100000 55.466378  -31.100000 54.774574 
-31.000000 53.068398  -31.000000 57.354038  -31.000000 56.623075  -31.000000 55.079681 
-30.900000 52.976284  -30.900000 55.153120  -30.900000 56.056603  -30.900000 54.872063 
-30.800000 52.606613  -30.800000 56.882336  -30.800000 54.353338  -30.800000 54.886239 
-30.700000 52.371274  -30.700000 53.114373  -30.700000 54.684990  -30.700000 54.890541 
-30.600000 51.750557  -30.600000 53.811818  -30.600000 55.166747  -30.600000 55.051670 
-30.500000 52.128344  -30.500000 54.596109  -30.500000 57.121048  -30.500000 55.151788 
-30.400000 52.273054  -30.400000 54.703353  -30.400000 53.974708  -30.400000 55.780931 
-30.300000 52.114867  -30.300000 54.183729  -30.300000 55.293386  -30.300000 55.454797 
-30.200000 49.954083  -30.200000 58.250401  -30.200000 56.081630  -30.200000 55.505542 
-30.100000 49.842949  -30.100000 56.879157  -30.100000 54.178327  -30.100000 55.689510 
-30.000000 50.084615  -30.000000 55.233682  -30.000000 56.770807  -30.000000 55.748903 
-29.900000 50.411570  -29.900000 57.774816  -29.900000 56.359974  -29.900000 55.870837 
-29.800000 50.347675  -29.800000 55.147785  -29.800000 55.235981  -29.800000 55.954756 
-29.700000 50.293897  -29.700000 56.757217  -29.700000 56.619639  -29.700000 55.753776 
-29.600000 50.675769  -29.600000 57.912680  -29.600000 57.449195  -29.600000 56.390486 
-29.500000 50.514235  -29.500000 58.451414  -29.500000 57.984385  -29.500000 56.246623 
-29.400000 50.916223  -29.400000 58.837650  -29.400000 57.713161  -29.400000 56.363608 
-29.300000 50.902480  -29.300000 58.319707  -29.300000 57.203161  -29.300000 56.498897 
-29.200000 50.668033  -29.200000 57.389505  -29.200000 56.004965  -29.200000 56.272908 
-29.100000 50.866989  -29.100000 55.970142  -29.100000 57.337105  -29.100000 56.515164 
-29.000000 51.418598  -29.000000 59.024357  -29.000000 55.408089  -29.000000 56.519373 
-28.900000 51.061148  -28.900000 56.710623  -28.900000 55.689806  -28.900000 56.943454 
-28.800000 51.349743  -28.800000 58.451713  -28.800000 57.140364  -28.800000 56.833758 
-28.700000 50.926804  -28.700000 54.934328  -28.700000 56.344606  -28.700000 56.764403 
-28.600000 51.360662  -28.600000 55.695238  -28.600000 55.340480  -28.600000 56.835581 
-28.500000 51.428611  -28.500000 56.084933  -28.500000 58.073610  -28.500000 56.959141 
-28.400000 51.694563  -28.400000 55.458362  -28.400000 55.683303  -28.400000 57.304658 
-28.300000 51.644291  -28.300000 59.800456  -28.300000 57.523844  -28.300000 57.506757 
-28.200000 51.891374  -28.200000 58.518357  -28.200000 58.661744  -28.200000 57.078825 
-28.100000 51.884039  -28.100000 55.981786  -28.100000 57.261031  -28.100000 57.803328 
-28.000000 52.106516  -28.000000 58.404302  -28.000000 57.955073  -28.000000 57.692019 
-27.900000 52.187515  -27.900000 59.918199  -27.900000 57.216532  -27.900000 57.971825 
-27.800000 52.223068  -27.800000 56.262214  -27.800000 59.115742  -27.800000 58.107295 
-27.700000 52.210483  -27.700000 56.835023  -27.700000 60.273162  -27.700000 57.819846 
-27.600000 52.059266  -27.600000 56.037614  -27.600000 56.251207  -27.600000 58.183328 
-27.500000 52.322976  -27.500000 60.489341  -27.500000 56.195514  -27.500000 58.126980 
-27.400000 52.557621  -27.400000 59.206562  -27.400000 60.515533  -27.400000 58.544156 
-27.300000 52.400086  -27.300000 57.193398  -27.300000 59.536806  -27.300000 58.276637 
-27.200000 52.806866  -27.200000 58.815623  -27.200000 57.220102  -27.200000 58.312725 
-27.100000 53.049714  -27.100000 60.929971  -27.100000 58.404099  -27.100000 58.424474 
-27.000000 52.821933  -27.000000 56.316330  -27.000000 57.790483  -27.000000 58.725655 
-26.900000 52.939489  -26.900000 56.711542  -26.900000 59.100556  -26.900000 58.856983 
-26.800000 53.290803  -26.800000 60.442246  -26.800000 57.298704  -26.800000 58.151478 
-26.700000 53.401295  -26.700000 59.429578  -26.700000 59.004631  -26.700000 58.701411 
-26.600000 53.304710  -26.600000 57.125368  -26.600000 57.605055  -26.600000 58.967082 
-26.500000 53.343536  -26.500000 60.536652  -26.500000 58.858787  -26.500000 57.728798 
-26.400000 53.638038  -26.400000 56.496047  -26.400000 57.144316  -26.400000 58.982219 
-26.300000 53.832356  -26.300000 57.571840  -26.300000 59.328464  -26.300000 57.880649 
-26.200000 53.922574  -26.200000 57.436101  -26.200000 59.348346  -26.200000 58.908874 
-26.100000 53.809346  -26.100000 56.965263  -26.100000 59.601787  -26.100000 58.630972 
-26.000000 53.816149  -26.000000 59.240849  -26.000000 58.110084  -26.000000 58.158626 
-25.900000 53.826611  -25.900000 58.210801  -25.900000 60.106789  -25.900000 58.623277 
-25.800000 54.164459  -25.800000 59.962675  -25.800000 59.210829  -25.800000 59.353238 
-25.700000 54.026959  -25.700000 59.930413  -25.700000 57.719779  -25.700000 58.543714 
-25.600000 54.344210  -25.600000 57.218823  -25.600000 58.884288  -25.600000 58.213982 
-25.500000 54.735609  -25.500000 61.148630  -25.500000 59.539164  -25.500000 58.395026 
-25.400000 54.729648  -25.400000 59.634430  -25.400000 59.267929  -25.400000 58.737925 
-25.300000 54.551612  -25.300000 58.171130  -25.300000 57.540725  -25.300000 58.914440 
-25.200000 54.668452  -25.200000 60.092174  -25.200000 59.711051  -25.200000 58.614291 
-25.100000 55.194525  -25.100000 60.839486  -25.100000 60.556409  -25.100000 58.785646 
-25.000000 55.048286  -25.000000 57.535282  -25.000000 59.549551  -25.000000 59.160819 
-24.900000 55.064772  -24.900000 61.055503  -24.900000 59.924570  -24.900000 59.364751 
-24.800000 54.695607  -24.800000 60.221857  -24.800000 58.960892  -24.800000 58.873912 
-24.700000 54.661133  -24.700000 58.470636  -24.700000 59.610725  -24.700000 59.075672 
-24.600000 53.216376  -24.600000 60.181164  -24.600000 60.239454  -24.600000 59.354449 
-24.500000 53.339238  -24.500000 60.943593  -24.500000 59.470181  -24.500000 59.195491 
-24.400000 53.138459  -24.400000 61.451996  -24.400000 60.677625  -24.400000 59.451632 
-24.300000 53.390791  -24.300000 60.748474  -24.300000 58.897036  -24.300000 59.516132 
-24.200000 51.102965  -24.200000 59.127663  -24.200000 58.718387  -24.200000 59.647638 
-24.100000 39.795862  -24.100000 61.098420  -24.100000 59.172204  -24.100000 59.755658 
-24.000000 34.769673  -24.000000 58.453326  -24.000000 59.717429  -24.000000 59.940312 
-23.900000 31.618321  -23.900000 58.646083  -23.900000 61.129780  -23.900000 60.193644 
-23.800000 29.331646  -23.800000 58.241530  -23.800000 61.638712  -23.800000 60.150703 
-23.700000 27.540074  -23.700000 61.396958  -23.700000 60.509902  -23.700000 60.036860 
-23.600000 26.070249  -23.600000 59.328605  -23.600000 59.669601  -23.600000 60.090837 
-23.500000 24.826864  -23.500000 60.321383  -23.500000 60.347097  -23.500000 60.264163 
-23.400000 23.750679  -23.400000 60.699741  -23.400000 60.197435  -23.400000 60.021614 
-23.300000 22.803678  -23.300000 60.199984  -23.300000 59.201448  -23.300000 60.301608 
-23.200000 21.958978  -23.200000 58.983196  -23.200000 59.941304  -23.200000 60.478111 
-23.100000 21.197757  -23.100000 60.946384  -23.100000 60.378557  -23.100000 60.573980 
-23.000000 20.505460  -23.000000 61.624056  -23.000000 60.296349  -23.000000 60.648377 
-22.900000 19.871306  -22.900000 62.091653  -22.900000 62.188526  -22.900000 60.591827 
-22.800000 19.286901  -22.800000 61.266926  -22.800000 59.690949  -22.800000 60.765591 
-22.700000 18.745418  -22.700000 59.446447  -22.700000 62.505042  -22.700000 60.994642 
-22.600000 18.241385  -22.600000 60.667453  -22.600000 62.199522  -22.600000 60.817996 
-22.500000 17.770270  -22.500000 61.437916  -22.500000 62.867261  -22.500000 61.166934 
-22.400000 17.328409  -22.400000 61.063690  -22.400000 63.109876  -22.400000 61.324822 
-22.300000 16.912615  -22.300000 59.672533  -22.300000 62.262725  -22.300000 61.487014 
-22.200000 16.520272  -22.200000 61.469277  -22.200000 63.074666  -22.200000 61.714342 
-22.100000 16.149073  -22.100000 62.155709  -22.100000 60.379727  -22.100000 61.258984 
-22.000000 15.797102  -22.000000 62.051297  -22.000000 63.117527  -22.000000 61.020845 
-21.900000 15.462642  -21.900000 60.859007  -21.900000 61.090146  -21.900000 61.871568 
-21.800000 15.144177  -21.800000 62.709798  -21.800000 60.927683  -21.800000 61.828729 
-21.700000 14.840453  -21.700000 63.767347  -21.700000 60.116364  -21.700000 62.133389 
-21.600000 14.550291  -21.600000 63.383644  -21.600000 61.562802  -21.600000 61.990534 
-21.500000 14.272654  -21.500000 62.243432  -21.500000 61.633429  -21.500000 62.241728 
-21.400000 14.006660  -21.400000 63.959502  -21.400000 61.138494  -21.400000 61.428606 
-21.300000 13.751480  -21.300000 60.855526  -21.300000 62.830976  -21.300000 62.011166 
-21.200000 13.506393  -21.200000 64.355187  -21.200000 62.017729  -21.200000 62.305217 
-21.100000 13.270711  -21.100000 63.091611  -21.100000 60.578803  -21.100000 61.586750 
-21.000000 13.043853  -21.000000 64.537023  -21.000000 62.614063  -21.000000 61.460541 
-20.900000 12.825263  -20.900000 60.312161  -20.900000 62.725445  -20.900000 62.584881 
-20.800000 12.614455  -20.800000 63.038268  -20.800000 64.511243  -20.800000 62.640730 
-20.700000 12.410649  -20.700000 62.463992  -20.700000 60.409004  -20.700000 63.018800 
-20.600000 12.210295  -20.600000 63.664647  -20.600000 63.393181  -20.600000 61.863544 
-20.500000 12.012750  -20.500000 61.997125  -20.500000 62.050234  -20.500000 62.834321 
-20.400000 11.818279  -20.400000 62.362414  -20.400000 62.921480  -20.400000 62.737533 
-20.300000 11.627095  -20.300000 63.190469  -20.300000 65.030695  -20.300000 61.390149 
-20.200000 11.439344  -20.200000 62.524025  -20.200000 61.074215  -20.200000 62.573208 
-20.100000 11.255136  -20.100000 62.736436  -20.100000 61.656851  -20.100000 61.061680 
-20.000000 11.074538  -20.000000 61.023512  -20.000000 61.920659  -20.000000 60.983810 
-19.900000 10.897603  -19.900000 60.757910  -19.900000 62.060461  -19.900000 61.664325 
-19.800000 10.724328  -19.800000 60.555064  -19.800000 60.894664  -19.800000 61.774732 
-19.700000 10.554724  -19.700000 62.166117  -19.700000 62.199538  -19.700000 60.435621 
-19.600000 10.388753  -19.600000 62.243537  -19.600000 62.266080  -19.600000 60.609783 
-19.500000 10.226394  -19.500000 62.142050  -19.500000 60.231900  -19.500000 60.851010 
-19.400000 10.067597  -19.400000 60.359354  -19.400000 60.361406  -19.400000 61.090115 
-19.300000 9.912307  -19.300000 60.985958  -19.300000 61.385733  -19.300000 60.777565 
-19.200000 9.760460  -19.200000 61.203022  -19.200000 61.435848  -19.200000 61.808683 
-19.100000 9.611992  -19.100000 59.970424  -19.100000 60.553219  -19.100000 61.311740 
-19.000000 9.466832  -19.000000 60.828563  -19.000000 60.833595  -19.000000 61.222729 
-18.900000 9.324906  -18.900000 60.630899  -18.900000 61.985427  -18.900000 61.651766 
-18.800000 9.186131  -18.800000 62.641743  -18.800000 61.761646  -18.800000 61.906466 
-18.700000 9.050452  -18.700000 62.435055  -18.700000 61.357782  -18.700000 61.101367 
-18.600000 8.917740  -18.600000 62.218514  -18.600000 62.166842  -18.600000 61.461047 
-18.500000 8.788010  -18.500000 61.134882  -18.500000 61.739441  -18.500000 61.711110 
-18.400000 8.661135  -18.400000 61.311828  -18.400000 61.672412  -18.400000 61.808872 
-18.300000 8.537039  -18.300000 60.925682  -18.300000 61.979817  -18.300000 61.966567 
-18.200000 8.415659  -18.200000 61.928822  -18.200000 61.683029  -18.200000 61.938224 
-18.100000 8.296911  -18.100000 62.028814  -18.100000 61.810313  -18.100000 61.858588 
-18.000000 8.180730  -18.000000 60.985331  -18.000000 62.285323  -18.000000 62.212160 
-17.900000 8.067049  -17.900000 61.806021  -17.900000 61.846016  -17.900000 61.914858 
-17.800000 7.955798  -17.800000 61.530805  -17.800000 61.789352  -17.800000 62.185488 
-17.700000 7.846908  -17.700000 62.692249  -17.700000 61.966100  -17.700000 62.013943 
-17.600000 7.740318  -17.600000 62.918750  -17.600000 61.437772  -17.600000 62.158589 
-17.500000 7.635964  -17.500000 61.769319  -17.500000 62.273070  -17.500000 62.454109 
-17.400000 7.533786  -17.400000 62.759760  -17.400000 62.455343  -17.400000 62.499361 
-17.300000 7.433727  -17.300000 62.629926  -17.300000 61.760907  -17.300000 62.536358 
-17.200000 7.335726  -17.200000 62.983933  -17.200000 62.390350  -17.200000 62.369107 
-17.100000 7.239730  -17.100000 63.318635  -17.100000 62.314525  -17.100000 62.411110 
-17.000000 7.145685  -17.000000 62.236773  -17.000000 62.411209  -17.000000 63.043029 
-16.900000 7.053539  -16.900000 62.533464  -16.900000 62.597205  -16.900000 63.125368 
-16.800000 6.963241  -16.800000 64.114669  -16.800000 63.256287  -16.800000 63.014653 
-16.700000 6.874741  -16.700000 62.243061  -16.700000 63.845901  -16.700000 63.154694 
-16.600000 6.787994  -16.600000 64.389269  -16.600000 62.769697  -16.600000 63.191763 
-16.500000 6.702952  -16.500000 62.873753  -16.500000 63.974154  -16.500000 63.315697 
-16.400000 6.619573  -16.400000 62.575675  -16.400000 62.819690  -16.400000 63.473003 
-16.300000 6.537812  -16.300000 63.572064  -16.300000 63.506777  -16.300000 63.561973 
-16.200000 6.457628  -16.200000 63.498789  -16.200000 63.224215  -16.200000 63.542034 
-16.100000 6.378980  -16.100000 64.726527  -16.100000 64.344231  -16.100000 63.968220 
-16.000000 6.301830  -16.000000 64.591109  -16.000000 63.691998  -16.000000 63.658367 
-15.900000 6.226141  -15.900000 63.342492  -15.900000 63.599287  -15.900000 63.888343 
-15.800000 6.151876  -15.800000 63.484011  -15.800000 63.910058  -15.800000 64.130005 
-15.700000 6.078998  -15.700000 63.797805  -15.700000 63.143034  -15.700000 64.170675 
-15.600000 6.007472  -15.600000 64.866861  -15.600000 63.555000  -15.600000 64.389524 
-15.500000 5.937269  -15.500000 63.666528  -15.500000 63.867412  -15.500000 64.321805 
-15.400000 5.868354  -15.400000 63.581680  -15.400000 64.516528  -15.400000 64.209687 
-15.300000 5.800697  -15.300000 64.752869  -15.300000 65.077857  -15.300000 64.378189 
-15.200000 5.734267  -15.200000 64.586761  -15.200000 64.928946  -15.200000 64.550239 
-15.100000 5.669034  -15.100000 64.518172  -15.100000 64.443931  -15.100000 63.071598 
-15.000000 5.604971  -15.000000 65.254548  -15.000000 63.995119  -15.000000 63.546575 
-14.900000 5.542049  -14.900000 63.645096  -14.900000 63.754467  -14.900000 63.426097 
-14.800000 5.480244  -14.800000 65.539553  -14.800000 64.810267  -14.800000 64.739122 
-14.700000 5.419496  -14.700000 64.602818  -14.700000 64.794921  -14.700000 64.056790 
-14.600000 5.359577  -14.600000 63.958003  -14.600000 64.476075  -14.600000 63.162792 
-14.500000 5.300593  -14.500000 64.055035  -14.500000 63.717698  -14.500000 62.606808 
-14.400000 5.242791  -14.400000 64.206607  -14.400000 63.998852  -14.400000 63.702731 
-14.300000 5.185787  -14.300000 65.286542  -14.300000 63.624517  -14.300000 65.053729 
-14.200000 5.129573  -14.200000 62.944216  -14.200000 63.730457  -14.200000 62.039090 
-14.100000 5.074141  -14.100000 64.893885  -14.100000 62.982349  -14.100000 62.305264 
-14.000000 5.019482  -14.000000 62.506715  -14.000000 64.297991  -14.000000 64.609644 
-13.900000 4.965588  -13.900000 63.439311  -13.900000 63.207770  -13.900000 61.305936 
-13.800000 4.912450  -13.800000 63.667501  -13.800000 62.042665  -13.800000 63.515978 
-13.700000 4.860059  -13.700000 62.383311  -13.700000 62.558170  -13.700000 64.240435 
-13.600000 4.808404  -13.600000 63.972115  -13.600000 63.589653  -13.600000 62.536882 
-13.500000 4.757479  -13.500000 62.587567  -13.500000 61.981696  -13.500000 62.020251 
-13.400000 4.707273  -13.400000 61.866869  -13.400000 62.294217  -13.400000 62.069052 
-13.300000 4.657776  -13.300000 62.462625  -13.300000 62.332292  -13.300000 61.666287 
-13.200000 4.608906  -13.200000 61.702100  -13.200000 61.801176  -13.200000 62.109982 
-13.100000 4.560597  -13.100000 62.980141  -13.100000 62.506740  -13.100000 61.987938 
-13.000000 4.512846  -13.000000 62.898545  -13.000000 62.610410  -13.000000 61.800315 
-12.900000 4.465653  -12.900000 63.411404  -12.900000 62.279630  -12.900000 61.930346 
-12.800000 4.419013  -12.800000 62.276632  -12.800000 61.929128  -12.800000 61.941825 
-12.700000 4.372931  -12.700000 62.826577  -12.700000 61.822646  -12.700000 61.875959 
-12.600000 4.327395  -12.600000 62.672345  -12.600000 63.028800  -12.600000 62.573363 
-12.500000 4.282326  -12.500000 62.768332  -12.500000 62.898300  -12.500000 62.353124 
-12.400000 4.237700  -12.400000 63.418612  -12.400000 62.468515  -12.400000 62.462877 
-12.300000 4.193584  -12.300000 63.054003  -12.300000 62.755457  -12.300000 62.079289 
-12.200000 4.149896  -12.200000 62.975069  -12.200000 62.409638  -12.200000 62.425673 
-12.100000 4.106123  -12.100000 63.318840  -12.100000 62.611284  -12.100000 62.530763 
-12.000000 4.062560  -12.000000 62.137963  -12.000000 63.242040  -12.000000 62.692791 
-11.900000 4.019166  -11.900000 62.753956  -11.900000 62.939149  -11.900000 62.929167 
-11.800000 3.975902  -11.800000 63.030294  -11.800000 63.062120  -11.800000 62.881441 
-11.700000 3.929254  -11.700000 63.399325  -11.700000 63.230069  -11.700000 63.280887 
-11.600000 3.886150  -11.600000 63.901513  -11.600000 63.499276  -11.600000 62.995147 
-11.500000 3.843244  -11.500000 63.174287  -11.500000 63.066926  -11.500000 63.377560 
-11.400000 3.800543  -11.400000 64.030983  -11.400000 63.329459  -11.400000 63.547936 
-11.300000 3.737525  -11.300000 63.826484  -11.300000 63.092385  -11.300000 63.478925 
-11.200000 3.694596  -11.200000 63.302482  -11.200000 62.793843  -11.200000 63.371096 
-11.100000 3.651987  -11.100000 62.110540  -11.100000 63.450116  -11.100000 63.401673 
-11.000000 3.609852  -11.000000 64.500165  -11.000000 63.786505  -11.000000 63.712508 
-10.900000 3.568245  -10.900000 63.325109  -10.900000 64.012491  -10.900000 63.572195 
-10.800000 3.527233  -10.800000 64.590677  -10.800000 64.248842  -10.800000 63.825066 
-10.700000 3.486610  -10.700000 63.708507  -10.700000 63.825298  -10.700000 63.851823 
-10.600000 3.446344  -10.600000 63.357664  -10.600000 63.252631  -10.600000 62.711200 
-10.500000 3.406187  -10.500000 64.503912  -10.500000 64.399944  -10.500000 64.308328 
-10.400000 3.366299  -10.400000 64.381750  -10.400000 63.821280  -10.400000 62.757135 
-10.300000 3.326612  -10.300000 65.078772  -10.300000 64.138059  -10.300000 64.067748 
-10.200000 3.287081  -10.200000 65.300774  -10.200000 64.966708  -10.200000 64.198994 
-10.100000 3.247765  -10.100000 64.960877  -10.100000 63.037362  -10.100000 64.485867 
-10.000000 3.208711  -10.000000 64.294260  -10.000000 64.979667  -10.000000 64.639103 
-9.900000 3.169894  -9.900000 64.222173  -9.900000 64.097057  -9.900000 64.510586 
-9.800000 3.131314  -9.800000 64.574412  -9.800000 64.697262  -9.800000 64.760308 
-9.700000 3.093030  -9.700000 65.274051  -9.700000 64.337892  -9.700000 64.639746 
-9.600000 3.054990  -9.600000 65.573279  -9.600000 63.816416  -9.600000 64.931644 
-9.500000 3.017146  -9.500000 65.355360  -9.500000 65.138240  -9.500000 64.952792 
-9.400000 2.979570  -9.400000 64.893859  -9.400000 64.109423  -9.400000 65.132859 
-9.300000 2.942270  -9.300000 64.707932  -9.300000 63.547094  -9.300000 63.819560 
-9.200000 2.905260  -9.200000 64.665867  -9.200000 65.557792  -9.200000 63.717527 
-9.100000 2.868459  -9.100000 65.133832  -9.100000 65.383217  -9.100000 65.289916 
-9.000000 2.831960  -9.000000 64.878470  -9.000000 65.236936  -9.000000 65.268757 
-8.900000 2.797309  -8.900000 64.652084  -8.900000 64.534098  -8.900000 63.759123 
-8.800000 2.769533  -8.800000 65.966577  -8.800000 66.021882  -8.800000 63.794454 
-8.700000 2.733420  -8.700000 65.063592  -8.700000 65.444071  -8.700000 64.180999 
-8.600000 2.689245  -8.600000 64.707274  -8.600000 63.821212  -8.600000 65.326200 
-8.500000 2.656499  -8.500000 66.145548  -8.500000 63.388057  -8.500000 64.228477 
-8.400000 2.630561  -8.400000 65.606571  -8.400000 65.763952  -8.400000 64.442728 
-8.300000 2.604968  -8.300000 64.361995  -8.300000 64.484196  -8.300000 63.398240 
-8.200000 2.579647  -8.200000 65.242672  -8.200000 63.321308  -8.200000 65.868936 
-8.100000 2.555000  -8.100000 63.807956  -8.100000 64.084065  -8.100000 63.915620 
-8.000000 2.530804  -8.000000 64.421143  -8.000000 64.484939  -8.000000 60.519934 
-7.900000 2.506805  -7.900000 60.345357  -7.900000 64.101458  -7.900000 62.635793 
-7.800000 2.483016  -7.800000 62.837566  -7.800000 63.470368  -7.800000 60.880446 
-7.700000 2.459437  -7.700000 64.641256  -7.700000 62.318074  -7.700000 62.052891 
-7.600000 2.436036  -7.600000 61.521773  -7.600000 60.124146  -7.600000 62.143457 
-7.500000 2.412832  -7.500000 61.695087  -7.500000 60.819252  -7.500000 58.813417 
-7.400000 2.389834  -7.400000 62.901966  -7.400000 60.983895  -7.400000 51.815068 
-7.300000 2.367015  -7.300000 61.953979  -7.300000 55.516089  -7.300000 41.584578 
-7.200000 2.344385  -7.200000 60.817541  -7.200000 62.793405  -7.200000 35.269057 
-7.100000 2.321949  -7.100000 51.699973  -7.100000 59.690179  -7.100000 17.061439 
-7.000000 2.299773  -7.000000 59.726330  -7.000000 56.642472  -7.000000 17.110085 
-6.900000 2.277795  -6.900000 49.078914  -6.900000 59.333109  -6.900000 17.066567 
-6.800000 2.252759  -6.800000 57.045206  -6.800000 51.167706  -6.800000 17.050853 
-6.700000 2.230255  -6.700000 58.201034  -6.700000 56.987943  -6.700000 14.341883 
-6.600000 2.207873  -6.600000 53.353126  -6.600000 51.205410  -6.600000 17.322604 
-6.500000 2.155618  -6.500000 42.240504  -6.500000 52.589609  -6.500000 14.350676 
-6.400000 2.134135  -6.400000 45.981154  -6.400000 46.350327  -6.400000 12.956976 
-6.300000 2.112874  -6.300000 37.109486  -6.300000 44.086374  -6.300000 14.259392 
-6.200000 2.092528  -6.200000 37.323792  -6.200000 41.955013  -6.200000 12.785274 
-6.100000 2.039440  -6.100000 42.214372  -6.100000 41.282324  -6.100000 12.966585 
-6.000000 2.019290  -6.000000 40.236065  -6.000000 39.719675  -6.000000 10.212878 
-5.900000 1.999087  -5.900000 37.289081  -5.900000 37.441944  -5.900000 13.223171 
-5.800000 1.978883  -5.800000 36.591762  -5.800000 36.086409  -5.800000 10.420926 
-5.700000 1.958642  -5.700000 34.974178  -5.700000 34.332323  -5.700000 8.797386 
-5.600000 1.938371  -5.600000 35.677206  -5.600000 32.964323  -5.600000 9.190701 
-5.500000 1.918089  -5.500000 33.449823  -5.500000 33.849791  -5.500000 11.480579 
-5.400000 1.897967  -5.400000 32.172491  -5.400000 32.318363  -5.400000 9.049918 
-5.300000 1.878983  -5.300000 34.495208  -5.300000 32.186070  -5.300000 8.751315 
-5.200000 1.860194  -5.200000 33.008159  -5.200000 32.136073  -5.200000 9.522595 
-5.100000 1.841649  -5.100000 30.597889  -5.100000 31.528274  -5.100000 9.272772 
-5.000000 1.823302  -5.000000 30.740457  -5.000000 31.503141  -5.000000 7.653135 
-4.900000 1.805113  -4.900000 31.850715  -4.900000 30.015709  -4.900000 7.181247 
-4.800000 1.787047  -4.800000 29.567932  -4.800000 29.243199  -4.800000 6.739991 
-4.700000 1.769195  -4.700000 28.396961  -4.700000 26.826166  -4.700000 6.164349 
-4.600000 1.751444  -4.600000 27.772273  -4.600000 27.599134  -4.600000 6.400839 
-4.500000 1.733858  -4.500000 26.638793  -4.500000 26.841823  -4.500000 5.723640 
-4.400000 1.716441  -4.400000 27.874909  -4.400000 25.902218  -4.400000 5.903205 
-4.300000 1.699148  -4.300000 25.369603  -4.300000 25.559980  -4.300000 5.211329 
-4.200000 1.681971  -4.200000 25.510351  -4.200000 26.883357  -4.200000 4.808059 
-4.100000 1.665195  -4.100000 25.246635  -4.100000 25.554102  -4.100000 4.389679 
-4.000000 1.650437  -4.000000 25.164788  -4.000000 25.701386  -4.000000 4.197808 
-3.900000 1.635761  -3.900000 24.340299  -3.900000 24.555806  -3.900000 3.874211 
-3.800000 1.621168  -3.800000 23.531389  -3.800000 24.699916  -3.800000 3.819985 
-3.700000 1.606626  -3.700000 22.480009  -3.700000 23.280482  -3.700000 3.651193 
-3.600000 1.592180  -3.600000 23.124917  -3.600000 22.432061  -3.600000 3.800317 
-3.500000 1.577803  -3.500000 21.893498  -3.500000 22.721201  -3.500000 3.339026 
-3.400000 1.563457  -3.400000 22.213361  -3.400000 23.234983  -3.400000 2.990240 
-3.300000 1.549879  -3.300000 22.321683  -3.300000 22.124998  -3.300000 3.350634 
-3.200000 1.536483  -3.200000 20.893578  -3.200000 21.968677  -3.200000 3.564567 
-3.100000 1.523125  -3.100000 20.915544  -3.100000 20.603747  -3.100000 2.754936 
-3.000000 1.022952  -3.000000 20.781493  -3.000000 19.871401  -3.000000 2.187753 
-2.900000 1.020497  -2.900000 21.096236  -2.900000 20.305050  -2.900000 2.328213 
-2.800000 1.017959  -2.800000 20.718906  -2.800000 20.089105  -2.800000 2.107870 
-2.700000 1.015312  -2.700000 19.988105  -2.700000 19.635480  -2.700000 2.174679 
-2.600000 1.012576  -2.600000 19.646501  -2.600000 19.133496  -2.600000 1.852303 
-2.500000 1.009756  -2.500000 18.684655  -2.500000 19.248393  -2.500000 1.775030 
-2.400000 1.007226  -2.400000 18.353764  -2.400000 18.519730  -2.400000 2.000976 
-2.300000 1.004684  -2.300000 18.870704  -2.300000 18.213342  -2.300000 1.619522 
-2.200000 1.002037  -2.200000 17.818128  -2.200000 18.259352  -2.200000 1.673684 
-2.100000 0.998655  -2.100000 18.412082  -2.100000 17.712138  -2.100000 1.481049 
-2.000000 0.993982  -2.000000 17.482329  -2.000000 17.110756  -2.000000 1.405905 
-1.900000 0.989197  -1.900000 16.834682  -1.900000 16.660929  -1.900000 1.253910 
-1.800000 0.984271  -1.800000 16.816052  -1.800000 17.240989  -1.800000 1.139379 
-1.700000 0.979181  -1.700000 17.011265  -1.700000 16.308530  -1.700000 1.213960 
-1.600000 0.973963  -1.600000 16.001048  -1.600000 16.472027  -1.600000 1.022917 
-1.500000 0.973861  -1.500000 15.768716  -1.500000 15.507965  -1.500000 0.875451 
-1.400000 0.975038  -1.400000 15.809037  -1.400000 15.830284  -1.400000 0.844770 
-1.300000 0.974562  -1.300000 15.508593  -1.300000 15.549153  -1.300000 0.809665 
-1.200000 0.974086  -1.200000 15.997230  -1.200000 16.049024  -1.200000 0.858026 
-1.100000 -0.042339  -1.100000 14.229300  -1.100000 15.353192  -1.100000 0.646239 
-1.000000 -0.041544  -1.000000 14.336848  -1.000000 14.629953  -1.000000 0.668277 
-0.900000 -0.041126  -0.900000 14.345211  -0.900000 14.772140  -0.900000 0.610676 
-0.800000 -0.040476  -0.800000 14.287886  -0.800000 13.853917  -0.800000 0.575872 
-0.700000 -0.040057  -0.700000 14.108845  -0.700000 13.637639  -0.700000 0.545511 
-0.600000 -0.039152  -0.600000 13.698353  -0.600000 13.896884  -0.600000 0.605046 
-0.500000 -0.038870  -0.500000 13.557486  -0.500000 13.566111  -0.500000 0.392652 
-0.400000 -0.038900  -0.400000 13.521208  -0.400000 13.147338  -0.400000 0.339530 
-0.300000 -0.038436  -0.300000 13.047443  -0.300000 12.556209  -0.300000 0.342337 
-0.200000 -0.037672  -0.200000 12.773353  -0.200000 13.248008  -0.200000 0.333127 
-0.100000 -0.036955  -0.100000 12.583798  -0.100000 12.705536  -0.100000 0.311233 
