-40.000000 41.361459  -40.000000 42.027751  -40.000000 41.963084  -40.000000 42.386174 
-39.900000 41.864940  -39.900000 42.155202  -39.900000 42.123326  -39.900000 42.439889 
-39.800000 41.798286  -39.800000 42.506786  -39.800000 42.268465  -39.800000 42.576728 
-39.700000 42.233904  -39.700000 42.408692  -39.700000 42.500368  -39.700000 42.835733 
-39.600000 42.015947  -39.600000 42.399617  -39.600000 42.529306  -39.600000 42.749967 
-39.500000 42.491757  -39.500000 42.739079  -39.500000 42.663966  -39.500000 43.045403 
-39.400000 42.340930  -39.400000 42.597472  -39.400000 42.605962  -39.400000 43.180220 
-39.300000 42.353929  -39.300000 42.878714  -39.300000 42.919982  -39.300000 43.617563 
-39.200000 43.180179  -39.200000 43.447370  -39.200000 43.171046  -39.200000 43.795406 
-39.100000 42.199009  -39.100000 42.502626  -39.100000 42.589639  -39.100000 43.185805 
-39.000000 42.319569  -39.000000 42.851702  -39.000000 42.874274  -39.000000 43.394918 
-38.900000 42.511893  -38.900000 43.219491  -38.900000 43.072364  -38.900000 43.555460 
-38.800000 43.199429  -38.800000 43.252046  -38.800000 43.249515  -38.800000 43.888230 
-38.700000 42.970907  -38.700000 43.594148  -38.700000 43.315405  -38.700000 43.962215 
-38.600000 43.536447  -38.600000 43.806074  -38.600000 43.556716  -38.600000 43.939668 
-38.500000 42.456925  -38.500000 43.556012  -38.500000 43.626248  -38.500000 43.854231 
-38.400000 43.526375  -38.400000 43.897930  -38.400000 43.768749  -38.400000 43.969558 
-38.300000 43.286076  -38.300000 43.636655  -38.300000 43.564887  -38.300000 43.997457 
-38.200000 43.953244  -38.200000 44.185703  -38.200000 44.130567  -38.200000 44.622576 
-38.100000 43.615049  -38.100000 43.851142  -38.100000 44.000908  -38.100000 44.568641 
-38.000000 43.921017  -38.000000 43.974178  -38.000000 43.988336  -38.000000 44.464208 
-37.900000 44.166764  -37.900000 44.682760  -37.900000 44.407263  -37.900000 44.875783 
-37.800000 43.872782  -37.800000 44.166294  -37.800000 43.822964  -37.800000 44.412709 
-37.700000 44.000533  -37.700000 44.585230  -37.700000 44.147024  -37.700000 44.716256 
-37.600000 44.250409  -37.600000 44.208787  -37.600000 44.347555  -37.600000 44.799665 
-37.500000 43.446930  -37.500000 43.988774  -37.500000 43.996044  -37.500000 44.428737 
-37.400000 44.591717  -37.400000 44.802322  -37.400000 44.627201  -37.400000 45.020454 
-37.300000 44.802592  -37.300000 44.894217  -37.300000 44.702659  -37.300000 45.074573 
-37.200000 44.932659  -37.200000 44.812323  -37.200000 44.659011  -37.200000 45.074978 
-37.100000 45.278897  -37.100000 44.960087  -37.100000 44.795149  -37.100000 45.272656 
-37.000000 44.446395  -37.000000 45.115787  -37.000000 45.099831  -37.000000 45.607311 
-36.900000 44.841077  -36.900000 45.208384  -36.900000 45.043918  -36.900000 45.717416 
-36.800000 44.468510  -36.800000 44.818286  -36.800000 44.763453  -36.800000 45.367528 
-36.700000 44.980745  -36.700000 45.686204  -36.700000 45.548731  -36.700000 46.064791 
-36.600000 45.179567  -36.600000 45.241090  -36.600000 45.451590  -36.600000 45.878102 
-36.500000 44.889887  -36.500000 45.591165  -36.500000 45.466171  -36.500000 45.895537 
-36.400000 45.036407  -36.400000 45.866974  -36.400000 45.567660  -36.400000 46.026781 
-36.300000 44.892307  -36.300000 45.728928  -36.300000 45.700863  -36.300000 45.906116 
-36.200000 45.394776  -36.200000 45.462354  -36.200000 45.660558  -36.200000 45.979535 
-36.100000 46.160700  -36.100000 46.446046  -36.100000 46.007512  -36.100000 46.608224 
-36.000000 45.834940  -36.000000 46.187080  -36.000000 45.855808  -36.000000 46.519350 
-35.900000 46.141441  -35.900000 46.285134  -35.900000 46.128381  -35.900000 46.676566 
-35.800000 46.183742  -35.800000 46.509356  -35.800000 46.352257  -35.800000 47.013399 
-35.700000 46.022049  -35.700000 46.512090  -35.700000 46.274421  -35.700000 46.810730 
-35.600000 46.674794  -35.600000 46.764832  -35.600000 46.578904  -35.600000 47.002476 
-35.500000 45.955459  -35.500000 46.498976  -35.500000 46.570248  -35.500000 46.939432 
-35.400000 45.983937  -35.400000 46.502042  -35.400000 46.515943  -35.400000 46.851150 
-35.300000 46.230048  -35.300000 46.597261  -35.300000 46.759776  -35.300000 47.044685 
-35.200000 46.482452  -35.200000 47.103032  -35.200000 46.761055  -35.200000 47.122324 
-35.100000 46.383864  -35.100000 46.990657  -35.100000 46.947889  -35.100000 47.444580 
-35.000000 46.950443  -35.000000 47.077691  -35.000000 46.951889  -35.000000 47.544348 
-34.900000 47.109324  -34.900000 47.316302  -34.900000 47.101091  -34.900000 47.624411 
-34.800000 47.142708  -34.800000 47.310734  -34.800000 47.448910  -34.800000 47.801046 
-34.700000 47.229303  -34.700000 47.597800  -34.700000 47.417073  -34.700000 47.933935 
-34.600000 47.267914  -34.600000 47.338451  -34.600000 47.287555  -34.600000 47.829096 
-34.500000 47.129751  -34.500000 47.376221  -34.500000 47.562150  -34.500000 47.776509 
-34.400000 47.313380  -34.400000 47.517026  -34.400000 47.419638  -34.400000 47.819735 
-34.300000 47.589578  -34.300000 47.745857  -34.300000 47.747040  -34.300000 48.417329 
-34.200000 47.431206  -34.200000 47.648406  -34.200000 47.695883  -34.200000 48.207470 
-34.100000 47.643220  -34.100000 47.993031  -34.100000 48.001737  -34.100000 48.625354 
-34.000000 47.620090  -34.000000 48.319035  -34.000000 47.960998  -34.000000 48.541583 
-33.900000 47.787979  -33.900000 48.210788  -33.900000 48.178359  -33.900000 48.659362 
-33.800000 48.148956  -33.800000 48.501829  -33.800000 48.250113  -33.800000 48.713471 
-33.700000 48.039042  -33.700000 48.491016  -33.700000 48.389017  -33.700000 48.687435 
-33.600000 48.720287  -33.600000 48.879143  -33.600000 48.697307  -33.600000 49.159663 
-33.500000 48.304127  -33.500000 48.386759  -33.500000 48.503203  -33.500000 49.119713 
-33.400000 48.172961  -33.400000 48.637830  -33.400000 48.553887  -33.400000 49.152781 
-33.300000 48.367630  -33.300000 48.598541  -33.300000 48.695507  -33.300000 49.049478 
-33.200000 48.314438  -33.200000 48.867998  -33.200000 48.873517  -33.200000 49.287667 
-33.100000 47.887119  -33.100000 48.798419  -33.100000 48.693760  -33.100000 48.981579 
-33.000000 48.786110  -33.000000 49.191252  -33.000000 49.152280  -33.000000 49.475941 
-32.900000 49.227293  -32.900000 49.361708  -32.900000 49.195045  -32.900000 49.747404 
-32.800000 48.897698  -32.800000 49.057197  -32.800000 49.056805  -32.800000 49.622958 
-32.700000 48.596862  -32.700000 48.891264  -32.700000 48.969326  -32.700000 49.457395 
-32.600000 48.986126  -32.600000 49.572961  -32.600000 49.213335  -32.600000 49.642249 
-32.500000 48.971747  -32.500000 49.668330  -32.500000 49.627740  -32.500000 49.930294 
-32.400000 49.662812  -32.400000 49.673106  -32.400000 49.672879  -32.400000 50.024030 
-32.300000 49.111236  -32.300000 49.788890  -32.300000 49.647006  -32.300000 50.133544 
-32.200000 49.428815  -32.200000 49.988270  -32.200000 49.818259  -32.200000 50.433327 
-32.100000 49.331303  -32.100000 49.656196  -32.100000 49.578973  -32.100000 50.163046 
-32.000000 49.393478  -32.000000 49.719407  -32.000000 49.756818  -32.000000 50.196448 
-31.900000 49.884707  -31.900000 50.017438  -31.900000 49.889564  -31.900000 50.367534 
-31.800000 50.453159  -31.800000 50.569749  -31.800000 50.290440  -31.800000 50.612047 
-31.700000 49.937110  -31.700000 49.884232  -31.700000 50.098017  -31.700000 50.595362 
-31.600000 50.095675  -31.600000 50.342305  -31.600000 50.373733  -31.600000 50.913991 
-31.500000 50.332802  -31.500000 50.551125  -31.500000 50.406021  -31.500000 50.925332 
-31.400000 50.910198  -31.400000 50.760683  -31.400000 50.695074  -31.400000 51.256158 
-31.300000 49.949821  -31.300000 50.530517  -31.300000 50.324981  -31.300000 50.738219 
-31.200000 50.786784  -31.200000 50.974591  -31.200000 50.821101  -31.200000 51.288665 
-31.100000 50.884891  -31.100000 50.810339  -31.100000 50.847355  -31.100000 51.300463 
-31.000000 50.925894  -31.000000 51.178898  -31.000000 50.951682  -31.000000 51.527979 
-30.900000 51.144298  -30.900000 51.364306  -30.900000 51.180165  -30.900000 51.601052 
-30.800000 50.690172  -30.800000 51.153279  -30.800000 51.058470  -30.800000 51.512895 
-30.700000 50.582744  -30.700000 51.062710  -30.700000 50.952684  -30.700000 51.333884 
-30.600000 51.269865  -30.600000 51.392067  -30.600000 51.183756  -30.600000 51.892161 
-30.500000 51.258646  -30.500000 51.945211  -30.500000 51.673883  -30.500000 52.147645 
-30.400000 51.513879  -30.400000 52.163969  -30.400000 51.663987  -30.400000 52.207952 
-30.300000 51.411098  -30.300000 51.959771  -30.300000 51.783810  -30.300000 52.147365 
-30.200000 51.831834  -30.200000 52.073083  -30.200000 51.772616  -30.200000 52.201283 
-30.100000 51.415560  -30.100000 51.732505  -30.100000 51.640523  -30.100000 52.053363 
-30.000000 51.433523  -30.000000 52.101036  -30.000000 51.736168  -30.000000 52.362921 
-29.900000 51.583434  -29.900000 52.462552  -29.900000 52.343624  -29.900000 52.710859 
-29.800000 52.547948  -29.800000 52.253216  -29.800000 52.332071  -29.800000 52.707765 
-29.700000 52.005931  -29.700000 52.232868  -29.700000 52.176611  -29.700000 52.604012 
-29.600000 52.865655  -29.600000 52.692450  -29.600000 52.410939  -29.600000 53.103861 
-29.500000 51.950236  -29.500000 52.558732  -29.500000 52.298389  -29.500000 52.856907 
-29.400000 52.321875  -29.400000 52.640743  -29.400000 52.712998  -29.400000 53.253663 
-29.300000 52.537886  -29.300000 52.830256  -29.300000 52.648441  -29.300000 53.103042 
-29.200000 52.343729  -29.200000 52.572645  -29.200000 52.486687  -29.200000 53.023512 
-29.100000 52.356688  -29.100000 52.880264  -29.100000 52.769744  -29.100000 53.234598 
-29.000000 53.165453  -29.000000 53.393891  -29.000000 53.252960  -29.000000 53.597325 
-28.900000 53.253965  -28.900000 52.950396  -28.900000 52.827117  -28.900000 53.205516 
-28.800000 52.724692  -28.800000 53.091506  -28.800000 53.024786  -28.800000 53.535563 
-28.700000 52.623790  -28.700000 52.612948  -28.700000 52.754617  -28.700000 53.246553 
-28.600000 53.116954  -28.600000 53.215167  -28.600000 53.302419  -28.600000 53.687789 
-28.500000 53.326852  -28.500000 53.398134  -28.500000 53.339745  -28.500000 53.655482 
-28.400000 53.146831  -28.400000 53.655038  -28.400000 53.582875  -28.400000 54.119458 
-28.300000 53.495828  -28.300000 53.659915  -28.300000 53.437802  -28.300000 54.047521 
-28.200000 53.406682  -28.200000 53.906230  -28.200000 53.591616  -28.200000 54.205830 
-28.100000 53.587277  -28.100000 53.894764  -28.100000 53.798832  -28.100000 54.198275 
-28.000000 53.994525  -28.000000 54.012121  -28.000000 54.048906  -28.000000 54.440507 
-27.900000 53.772966  -27.900000 54.036803  -27.900000 54.065178  -27.900000 54.384644 
-27.800000 53.911374  -27.800000 54.219117  -27.800000 54.185112  -27.800000 54.603599 
-27.700000 54.058947  -27.700000 54.270188  -27.700000 54.033848  -27.700000 54.530206 
-27.600000 53.730857  -27.600000 54.111527  -27.600000 54.088865  -27.600000 54.515727 
-27.500000 54.240840  -27.500000 54.247460  -27.500000 54.075973  -27.500000 54.649823 
-27.400000 54.252177  -27.400000 54.385123  -27.400000 54.326257  -27.400000 54.828858 
-27.300000 54.459779  -27.300000 54.460629  -27.300000 54.338215  -27.300000 54.855905 
-27.200000 54.408040  -27.200000 54.908035  -27.200000 54.883918  -27.200000 55.298219 
-27.100000 54.729622  -27.100000 55.370031  -27.100000 55.147042  -27.100000 55.395360 
-27.000000 54.318427  -27.000000 54.984133  -27.000000 54.796851  -27.000000 55.189120 
-26.900000 54.438555  -26.900000 55.010444  -26.900000 54.745360  -26.900000 55.297102 
-26.800000 55.359485  -26.800000 55.287841  -26.800000 55.160081  -26.800000 55.588274 
-26.700000 55.061469  -26.700000 55.494340  -26.700000 55.277025  -26.700000 55.703823 
-26.600000 54.947177  -26.600000 55.405943  -26.600000 55.100183  -26.600000 55.832943 
-26.500000 54.966213  -26.500000 55.580572  -26.500000 55.233815  -26.500000 55.762387 
-26.400000 55.219304  -26.400000 55.626840  -26.400000 55.449045  -26.400000 55.883602 
-26.300000 55.737982  -26.300000 55.608564  -26.300000 55.819251  -26.300000 56.260538 
-26.200000 55.737019  -26.200000 55.856036  -26.200000 55.853101  -26.200000 56.359936 
-26.100000 55.013576  -26.100000 55.821980  -26.100000 55.557016  -26.100000 56.120083 
-26.000000 55.672930  -26.000000 55.838019  -26.000000 55.701091  -26.000000 56.163958 
-25.900000 55.257037  -25.900000 55.905881  -25.900000 55.838856  -25.900000 56.262457 
-25.800000 55.291181  -25.800000 56.143087  -25.800000 56.084132  -25.800000 56.471546 
-25.700000 55.955005  -25.700000 55.993539  -25.700000 55.792938  -25.700000 56.394510 
-25.600000 55.967756  -25.600000 56.199703  -25.600000 56.080738  -25.600000 56.625527 
-25.500000 56.883482  -25.500000 56.969357  -25.500000 56.631363  -25.500000 57.004759 
-25.400000 56.507930  -25.400000 56.578360  -25.400000 56.664089  -25.400000 57.177375 
-25.300000 56.328775  -25.300000 56.316074  -25.300000 56.492250  -25.300000 56.885587 
-25.200000 56.624246  -25.200000 56.680700  -25.200000 56.651944  -25.200000 57.118812 
-25.100000 57.074819  -25.100000 57.226962  -25.100000 57.214424  -25.100000 57.669960 
-25.000000 56.586037  -25.000000 57.053212  -25.000000 56.930540  -25.000000 57.424242 
-24.900000 57.981995  -24.900000 57.118862  -24.900000 57.037800  -24.900000 57.562991 
-24.800000 57.501524  -24.800000 57.654835  -24.800000 57.317460  -24.800000 57.735557 
-24.700000 57.012350  -24.700000 57.360580  -24.700000 57.277139  -24.700000 57.697726 
-24.600000 57.348011  -24.600000 57.457751  -24.600000 57.357345  -24.600000 57.838386 
-24.500000 57.511832  -24.500000 57.626664  -24.500000 57.530527  -24.500000 57.819333 
-24.400000 57.186120  -24.400000 57.426940  -24.400000 57.262218  -24.400000 57.670965 
-24.300000 57.554907  -24.300000 57.561576  -24.300000 57.624852  -24.300000 58.083908 
-24.200000 57.451607  -24.200000 57.712801  -24.200000 57.557921  -24.200000 57.972085 
-24.100000 57.648955  -24.100000 58.166750  -24.100000 57.968786  -24.100000 58.473041 
-24.000000 57.756248  -24.000000 58.070090  -24.000000 57.853768  -24.000000 58.210485 
-23.900000 57.084622  -23.900000 57.438121  -23.900000 57.632280  -23.900000 58.130649 
-23.800000 57.548629  -23.800000 58.081597  -23.800000 57.891019  -23.800000 58.429700 
-23.700000 57.730754  -23.700000 58.511006  -23.700000 58.202201  -23.700000 58.688574 
-23.600000 57.658616  -23.600000 58.399239  -23.600000 58.218805  -23.600000 58.639827 
-23.500000 58.600072  -23.500000 58.605073  -23.500000 58.551913  -23.500000 58.956975 
-23.400000 58.104404  -23.400000 58.282600  -23.400000 58.336077  -23.400000 58.923253 
-23.300000 58.315093  -23.300000 58.537504  -23.300000 58.538556  -23.300000 58.853385 
-23.200000 58.184275  -23.200000 58.578344  -23.200000 58.505593  -23.200000 58.969886 
-23.100000 58.454096  -23.100000 59.056442  -23.100000 58.783548  -23.100000 59.260409 
-23.000000 58.785287  -23.000000 59.018883  -23.000000 58.965638  -23.000000 59.447468 
-22.900000 59.088409  -22.900000 58.902563  -22.900000 58.877354  -22.900000 59.229385 
-22.800000 59.242942  -22.800000 59.145765  -22.800000 59.068439  -22.800000 59.485042 
-22.700000 59.014325  -22.700000 59.274658  -22.700000 59.252605  -22.700000 59.652416 
-22.600000 59.046546  -22.600000 59.745138  -22.600000 59.363575  -22.600000 59.992842 
-22.500000 59.390391  -22.500000 59.305900  -22.500000 59.226137  -22.500000 59.656250 
-22.400000 59.382441  -22.400000 59.521507  -22.400000 59.559816  -22.400000 59.930578 
-22.300000 58.752002  -22.300000 59.293082  -22.300000 59.157013  -22.300000 59.592341 
-22.200000 60.011931  -22.200000 59.916460  -22.200000 59.878248  -22.200000 60.386645 
-22.100000 59.633872  -22.100000 59.786874  -22.100000 59.524693  -22.100000 59.983733 
-22.000000 59.405139  -22.000000 59.756426  -22.000000 59.629537  -22.000000 60.100195 
-21.900000 60.186269  -21.900000 60.165925  -21.900000 60.158332  -21.900000 60.362925 
-21.800000 60.199781  -21.800000 60.123857  -21.800000 59.966873  -21.800000 60.384983 
-21.700000 59.857095  -21.700000 60.406584  -21.700000 60.223759  -21.700000 60.659195 
-21.600000 60.626397  -21.600000 60.801747  -21.600000 60.551054  -21.600000 61.023506 
-21.500000 60.222940  -21.500000 60.400604  -21.500000 60.171101  -21.500000 60.623029 
-21.400000 59.879811  -21.400000 60.332160  -21.400000 60.287868  -21.400000 60.610663 
-21.300000 59.967732  -21.300000 60.228101  -21.300000 60.084047  -21.300000 60.636459 
-21.200000 61.279931  -21.200000 61.052784  -21.200000 60.883713  -21.200000 61.374880 
-21.100000 60.907828  -21.100000 60.920827  -21.100000 60.872762  -21.100000 61.266750 
-21.000000 61.008847  -21.000000 61.177489  -21.000000 61.073953  -21.000000 61.576358 
-20.900000 60.453202  -20.900000 60.918617  -20.900000 60.757469  -20.900000 61.168125 
-20.800000 61.375133  -20.800000 61.412647  -20.800000 61.043289  -20.800000 61.549516 
-20.700000 61.430469  -20.700000 61.463260  -20.700000 61.216453  -20.700000 61.658227 
-20.600000 61.410293  -20.600000 61.407518  -20.600000 61.184167  -20.600000 61.645928 
-20.500000 60.928534  -20.500000 61.573642  -20.500000 61.268301  -20.500000 61.708792 
-20.400000 61.756046  -20.400000 61.767074  -20.400000 61.576782  -20.400000 62.049707 
-20.300000 61.731913  -20.300000 61.708099  -20.300000 61.561173  -20.300000 61.938701 
-20.200000 61.738624  -20.200000 61.878969  -20.200000 61.672153  -20.200000 62.080616 
-20.100000 61.426799  -20.100000 62.030951  -20.100000 61.723366  -20.100000 62.155027 
-20.000000 61.379393  -20.000000 61.611730  -20.000000 61.346104  -20.000000 61.756693 
-19.900000 61.532739  -19.900000 62.060957  -19.900000 61.929476  -19.900000 62.466123 
-19.800000 61.598713  -19.800000 61.996050  -19.800000 62.085980  -19.800000 62.449129 
-19.700000 62.043069  -19.700000 62.313275  -19.700000 62.041531  -19.700000 62.476562 
-19.600000 62.139076  -19.600000 62.653702  -19.600000 62.132246  -19.600000 62.720340 
-19.500000 62.137426  -19.500000 62.448559  -19.500000 62.394767  -19.500000 62.767320 
-19.400000 62.679275  -19.400000 62.780377  -19.400000 62.667410  -19.400000 63.125968 
-19.300000 62.584903  -19.300000 62.572404  -19.300000 62.307147  -19.300000 62.899603 
-19.200000 62.508146  -19.200000 62.779926  -19.200000 62.752458  -19.200000 63.202786 
-19.100000 62.380870  -19.100000 62.756389  -19.100000 62.701437  -19.100000 63.185334 
-19.000000 63.274695  -19.000000 63.091332  -19.000000 62.881820  -19.000000 63.309825 
-18.900000 62.587635  -18.900000 63.393259  -18.900000 63.050114  -18.900000 63.565402 
-18.800000 63.311459  -18.800000 63.278371  -18.800000 63.215503  -18.800000 63.642996 
-18.700000 62.927182  -18.700000 63.626089  -18.700000 63.370689  -18.700000 63.738712 
-18.600000 63.101427  -18.600000 63.263476  -18.600000 63.247383  -18.600000 63.681197 
-18.500000 63.472745  -18.500000 63.244181  -18.500000 63.104459  -18.500000 63.583286 
-18.400000 63.263067  -18.400000 63.835294  -18.400000 63.549337  -18.400000 63.990504 
-18.300000 63.327902  -18.300000 63.693721  -18.300000 63.333149  -18.300000 63.922493 
-18.200000 64.136349  -18.200000 64.009079  -18.200000 63.823299  -18.200000 64.184842 
-18.100000 63.463034  -18.100000 63.847608  -18.100000 63.860435  -18.100000 64.236083 
-18.000000 63.419166  -18.000000 63.830386  -18.000000 63.673354  -18.000000 63.949935 
-17.900000 64.147084  -17.900000 64.182822  -17.900000 64.064758  -17.900000 64.433518 
-17.800000 63.478834  -17.800000 63.957212  -17.800000 63.919535  -17.800000 64.244422 
-17.700000 63.792545  -17.700000 64.205521  -17.700000 64.089133  -17.700000 64.490803 
-17.600000 64.319653  -17.600000 64.394517  -17.600000 64.169691  -17.600000 64.653210 
-17.500000 64.234876  -17.500000 64.519100  -17.500000 64.370081  -17.500000 64.753106 
-17.400000 64.493704  -17.400000 64.984891  -17.400000 64.527796  -17.400000 64.884156 
-17.300000 64.732952  -17.300000 64.683261  -17.300000 64.492022  -17.300000 64.893400 
-17.200000 64.141965  -17.200000 64.272177  -17.200000 64.214100  -17.200000 64.561445 
-17.100000 64.071348  -17.100000 64.362979  -17.100000 64.426663  -17.100000 64.774164 
-17.000000 64.953795  -17.000000 65.010600  -17.000000 64.675152  -17.000000 65.081211 
-16.900000 64.397808  -16.900000 65.077015  -16.900000 64.721003  -16.900000 65.160098 
-16.800000 64.713493  -16.800000 64.882900  -16.800000 64.783117  -16.800000 65.169592 
-16.700000 64.864213  -16.700000 65.092879  -16.700000 64.750693  -16.700000 65.244063 
-16.600000 65.410403  -16.600000 65.801741  -16.600000 65.560496  -16.600000 65.946516 
-16.500000 65.255274  -16.500000 65.600194  -16.500000 65.515960  -16.500000 65.818454 
-16.400000 65.175218  -16.400000 65.613136  -16.400000 65.507894  -16.400000 65.861169 
-16.300000 64.947513  -16.300000 65.131354  -16.300000 65.022671  -16.300000 65.439806 
-16.200000 65.507828  -16.200000 65.692567  -16.200000 65.549693  -16.200000 65.946711 
-16.100000 65.639183  -16.100000 66.012441  -16.100000 65.696066  -16.100000 66.007840 
-16.000000 65.829416  -16.000000 65.989211  -16.000000 65.703918  -16.000000 66.006648 
-15.900000 65.331267  -15.900000 66.005894  -15.900000 65.801108  -15.900000 66.191368 
-15.800000 66.302361  -15.800000 66.485964  -15.800000 66.181401  -15.800000 66.516197 
-15.700000 66.604655  -15.700000 66.365561  -15.700000 66.121044  -15.700000 66.500948 
-15.600000 65.700124  -15.600000 66.183886  -15.600000 66.088396  -15.600000 66.428502 
-15.500000 65.900919  -15.500000 66.139440  -15.500000 65.858580  -15.500000 66.202453 
-15.400000 66.001993  -15.400000 66.477133  -15.400000 66.151352  -15.400000 66.471608 
-15.300000 66.509080  -15.300000 66.621924  -15.300000 66.209956  -15.300000 66.600091 
-15.200000 66.018759  -15.200000 66.170311  -15.200000 66.225738  -15.200000 66.527687 
-15.100000 66.762175  -15.100000 66.967427  -15.100000 66.899929  -15.100000 67.253274 
-15.000000 66.532081  -15.000000 66.801974  -15.000000 66.720614  -15.000000 67.004715 
-14.900000 66.217621  -14.900000 66.482078  -14.900000 66.261181  -14.900000 66.683295 
-14.800000 66.972122  -14.800000 66.649885  -14.800000 66.667438  -14.800000 67.016992 
-14.700000 66.818776  -14.700000 67.127769  -14.700000 66.669681  -14.700000 67.000142 
-14.600000 66.589535  -14.600000 67.090200  -14.600000 66.818258  -14.600000 67.095866 
-14.500000 66.893327  -14.500000 67.047543  -14.500000 67.047009  -14.500000 67.378511 
-14.400000 67.056065  -14.400000 67.213640  -14.400000 67.256816  -14.400000 67.587220 
-14.300000 67.970837  -14.300000 67.932707  -14.300000 67.698203  -14.300000 68.063571 
-14.200000 67.219717  -14.200000 67.660599  -14.200000 67.323983  -14.200000 67.724662 
-14.100000 68.207222  -14.100000 67.949535  -14.100000 67.737250  -14.100000 68.088507 
-14.000000 67.455039  -14.000000 67.914995  -14.000000 67.682295  -14.000000 68.128390 
-13.900000 67.446588  -13.900000 68.104098  -13.900000 67.792499  -13.900000 68.177114 
-13.800000 67.651679  -13.800000 68.039638  -13.800000 67.937716  -13.800000 68.295090 
-13.700000 68.377683  -13.700000 68.179864  -13.700000 68.038805  -13.700000 68.388433 
-13.600000 67.364193  -13.600000 68.070667  -13.600000 67.823433  -13.600000 68.173438 
-13.500000 68.510159  -13.500000 68.286790  -13.500000 68.220309  -13.500000 68.513567 
-13.400000 68.425662  -13.400000 68.655645  -13.400000 68.600640  -13.400000 68.841803 
-13.300000 68.006997  -13.300000 68.109619  -13.300000 67.844328  -13.300000 68.047138 
-13.200000 68.172338  -13.200000 68.233622  -13.200000 67.987614  -13.200000 68.232013 
-13.100000 68.812440  -13.100000 68.933107  -13.100000 68.558218  -13.100000 68.870633 
-13.000000 68.435904  -13.000000 68.473415  -13.000000 68.471397  -13.000000 68.698784 
-12.900000 68.733505  -12.900000 69.149158  -12.900000 68.741131  -12.900000 69.183880 
-12.800000 69.515881  -12.800000 69.067068  -12.800000 68.850544  -12.800000 69.129058 
-12.700000 68.904261  -12.700000 68.882670  -12.700000 68.819185  -12.700000 68.960959 
-12.600000 69.205151  -12.600000 69.338732  -12.600000 69.065753  -12.600000 69.331729 
-12.500000 69.312060  -12.500000 69.189228  -12.500000 69.001207  -12.500000 69.366363 
-12.400000 69.778914  -12.400000 69.870614  -12.400000 69.607349  -12.400000 70.077902 
-12.300000 69.571383  -12.300000 69.416106  -12.300000 69.186778  -12.300000 69.515002 
-12.200000 69.806226  -12.200000 69.936433  -12.200000 69.605982  -12.200000 69.942343 
-12.100000 69.026289  -12.100000 69.608432  -12.100000 69.433819  -12.100000 69.793909 
-12.000000 68.759517  -12.000000 69.407622  -12.000000 69.041860  -12.000000 69.206840 
-11.900000 69.434652  -11.900000 69.630507  -11.900000 69.291817  -11.900000 69.459395 
-11.800000 69.789761  -11.800000 70.042871  -11.800000 69.865667  -11.800000 70.226812 
-11.700000 70.123265  -11.700000 70.103225  -11.700000 69.787423  -11.700000 70.062467 
-11.600000 70.133952  -11.600000 70.071126  -11.600000 69.699441  -11.600000 70.034468 
-11.500000 69.801986  -11.500000 70.082120  -11.500000 69.779112  -11.500000 70.090003 
-11.400000 69.831171  -11.400000 70.655251  -11.400000 70.328128  -11.400000 70.635431 
-11.300000 69.934494  -11.300000 70.484294  -11.300000 70.010002  -11.300000 70.410098 
-11.200000 69.851322  -11.200000 70.323648  -11.200000 69.916088  -11.200000 70.276813 
-11.100000 70.556521  -11.100000 70.526752  -11.100000 70.643854  -11.100000 70.786064 
-11.000000 70.538510  -11.000000 70.327557  -11.000000 70.059528  -11.000000 70.372526 
-10.900000 70.857096  -10.900000 71.014983  -10.900000 70.616540  -10.900000 70.944213 
-10.800000 71.219972  -10.800000 71.216917  -10.800000 70.766323  -10.800000 71.063600 
-10.700000 71.253062  -10.700000 71.249521  -10.700000 70.968473  -10.700000 71.221958 
-10.600000 70.898366  -10.600000 70.945554  -10.600000 70.495223  -10.600000 70.844001 
-10.500000 71.419329  -10.500000 71.352912  -10.500000 71.189456  -10.500000 71.438567 
-10.400000 71.031890  -10.400000 71.294978  -10.400000 70.992285  -10.400000 71.363808 
-10.300000 71.588545  -10.300000 71.415831  -10.300000 71.043858  -10.300000 71.336080 
-10.200000 71.903878  -10.200000 71.891981  -10.200000 71.574679  -10.200000 71.771219 
-10.100000 71.776155  -10.100000 71.763102  -10.100000 71.482952  -10.100000 71.711116 
-10.000000 71.875538  -10.000000 71.747603  -10.000000 71.471284  -10.000000 71.839907 
-9.900000 71.648654  -9.900000 71.776199  -9.900000 71.526008  -9.900000 71.724888 
-9.800000 72.150410  -9.800000 71.935405  -9.800000 71.614780  -9.800000 71.996168 
-9.700000 71.323228  -9.700000 71.903501  -9.700000 71.352683  -9.700000 71.643791 
-9.600000 71.719433  -9.600000 71.844768  -9.600000 71.457554  -9.600000 71.668863 
-9.500000 72.058267  -9.500000 72.379847  -9.500000 71.996027  -9.500000 72.061463 
-9.400000 72.096805  -9.400000 72.465915  -9.400000 72.132229  -9.400000 72.440801 
-9.300000 72.423107  -9.300000 72.741010  -9.300000 72.364056  -9.300000 72.490451 
-9.200000 72.082173  -9.200000 72.316442  -9.200000 71.935494  -9.200000 72.102845 
-9.100000 72.410713  -9.100000 72.474077  -9.100000 72.123646  -9.100000 72.387707 
-9.000000 72.032635  -9.000000 72.365353  -9.000000 71.957134  -9.000000 72.128669 
-8.900000 72.685451  -8.900000 72.820694  -8.900000 72.186762  -8.900000 72.492362 
-8.800000 72.632819  -8.800000 72.717699  -8.800000 72.411366  -8.800000 72.618118 
-8.700000 73.474741  -8.700000 73.363151  -8.700000 72.822561  -8.700000 72.981508 
-8.600000 72.573967  -8.600000 73.072589  -8.600000 72.576613  -8.600000 72.756995 
-8.500000 72.396925  -8.500000 73.028166  -8.500000 72.400153  -8.500000 72.568755 
-8.400000 72.822422  -8.400000 73.672901  -8.400000 73.064216  -8.400000 73.338176 
-8.300000 73.149834  -8.300000 73.699971  -8.300000 73.133134  -8.300000 73.306704 
-8.200000 73.547996  -8.200000 73.944609  -8.200000 73.601571  -8.200000 73.781781 
-8.100000 72.914292  -8.100000 73.059366  -8.100000 72.623778  -8.100000 72.764000 
-8.000000 73.435905  -8.000000 73.496702  -8.000000 73.065364  -8.000000 73.149215 
-7.900000 73.394471  -7.900000 73.322116  -7.900000 72.991366  -7.900000 73.175215 
-7.800000 73.454657  -7.800000 73.771581  -7.800000 73.351937  -7.800000 73.459388 
-7.700000 73.723102  -7.700000 74.232054  -7.700000 73.776156  -7.700000 73.946593 
-7.600000 73.686266  -7.600000 74.332389  -7.600000 73.911344  -7.600000 73.964691 
-7.500000 74.300738  -7.500000 74.306642  -7.500000 73.897259  -7.500000 74.087227 
-7.400000 74.669000  -7.400000 74.631045  -7.400000 73.965610  -7.400000 74.125194 
-7.300000 74.790284  -7.300000 74.525850  -7.300000 74.086385  -7.300000 74.212837 
-7.200000 73.618808  -7.200000 74.118750  -7.200000 73.535356  -7.200000 73.576401 
-7.100000 74.847290  -7.100000 74.742485  -7.100000 74.530793  -7.100000 74.671236 
-7.000000 74.542343  -7.000000 74.513697  -7.000000 73.947909  -7.000000 74.129458 
-6.900000 74.053646  -6.900000 74.358380  -6.900000 73.895660  -6.900000 74.006453 
-6.800000 74.707375  -6.800000 74.419106  -6.800000 74.103527  -6.800000 74.210638 
-6.700000 75.026567  -6.700000 75.077755  -6.700000 74.558609  -6.700000 74.690030 
-6.600000 74.913414  -6.600000 75.044756  -6.600000 74.440590  -6.600000 74.634065 
-6.500000 74.990436  -6.500000 75.339456  -6.500000 74.816228  -6.500000 74.889702 
-6.400000 74.530723  -6.400000 75.036618  -6.400000 74.539969  -6.400000 74.570987 
-6.300000 75.891219  -6.300000 75.430883  -6.300000 75.036510  -6.300000 75.143110 
-6.200000 75.545334  -6.200000 75.588150  -6.200000 74.933176  -6.200000 75.082132 
-6.100000 75.492774  -6.100000 75.206984  -6.100000 74.785551  -6.100000 74.934904 
-6.000000 74.955670  -6.000000 75.558626  -6.000000 74.987454  -6.000000 74.938260 
-5.900000 74.672357  -5.900000 75.186875  -5.900000 74.650059  -5.900000 74.630097 
-5.800000 75.356139  -5.800000 75.451128  -5.800000 74.959371  -5.800000 74.983758 
-5.700000 75.665094  -5.700000 75.423511  -5.700000 75.153213  -5.700000 75.190852 
-5.600000 76.274881  -5.600000 75.857292  -5.600000 75.382149  -5.600000 75.423841 
-5.500000 75.609057  -5.500000 75.680315  -5.500000 75.217050  -5.500000 75.304658 
-5.400000 75.920666  -5.400000 75.934438  -5.400000 75.816670  -5.400000 75.850400 
-5.300000 75.708568  -5.300000 76.227931  -5.300000 75.815770  -5.300000 75.747204 
-5.200000 75.782805  -5.200000 75.768562  -5.200000 75.435301  -5.200000 75.389852 
-5.100000 76.595311  -5.100000 76.276611  -5.100000 75.919062  -5.100000 75.860365 
-5.000000 76.349511  -5.000000 75.886602  -5.000000 75.441736  -5.000000 75.410271 
-4.900000 76.087741  -4.900000 75.948597  -4.900000 75.558064  -4.900000 75.456493 
-4.800000 76.437879  -4.800000 76.174147  -4.800000 75.898056  -4.800000 75.702884 
-4.700000 76.187085  -4.700000 76.724400  -4.700000 75.954328  -4.700000 75.909826 
-4.600000 76.944350  -4.600000 76.859630  -4.600000 76.301507  -4.600000 76.208938 
-4.500000 76.809610  -4.500000 76.700326  -4.500000 76.354844  -4.500000 76.290760 
-4.400000 76.658104  -4.400000 76.982170  -4.400000 76.347270  -4.400000 76.280488 
-4.300000 77.294093  -4.300000 76.958615  -4.300000 76.677474  -4.300000 76.530906 
-4.200000 77.016139  -4.200000 76.718928  -4.200000 76.136186  -4.200000 76.074488 
-4.100000 77.218228  -4.100000 77.035478  -4.100000 76.525876  -4.100000 76.356501 
-4.000000 77.754107  -4.000000 77.492183  -4.000000 77.063692  -4.000000 77.053244 
-3.900000 77.533086  -3.900000 77.091843  -3.900000 76.719580  -3.900000 76.615526 
-3.800000 77.610491  -3.800000 77.607409  -3.800000 77.078664  -3.800000 76.987554 
-3.700000 77.399340  -3.700000 77.234648  -3.700000 76.826609  -3.700000 76.552591 
-3.600000 77.750164  -3.600000 77.888654  -3.600000 77.263668  -3.600000 77.129015 
-3.500000 77.209123  -3.500000 77.221667  -3.500000 76.657701  -3.500000 76.536647 
-3.400000 77.683931  -3.400000 77.371607  -3.400000 76.848323  -3.400000 76.738792 
-3.300000 77.829715  -3.300000 78.049298  -3.300000 77.466714  -3.300000 77.312489 
-3.200000 78.314259  -3.200000 78.067026  -3.200000 77.432879  -3.200000 77.278710 
-3.100000 78.085325  -3.100000 77.943810  -3.100000 77.320162  -3.100000 77.124575 
-3.000000 77.707672  -3.000000 77.958194  -3.000000 77.227770  -3.000000 77.116584 
-2.900000 78.247282  -2.900000 77.821776  -2.900000 77.036574  -2.900000 76.800399 
-2.800000 78.345090  -2.800000 78.351533  -2.800000 77.591082  -2.800000 77.412108 
-2.700000 78.521229  -2.700000 78.376675  -2.700000 77.638414  -2.700000 77.462712 
-2.600000 78.474918  -2.600000 78.325594  -2.600000 77.674679  -2.600000 77.467205 
-2.500000 78.966831  -2.500000 78.631187  -2.500000 78.011658  -2.500000 77.911607 
-2.400000 78.850546  -2.400000 78.484636  -2.400000 77.942193  -2.400000 77.659741 
-2.300000 78.764954  -2.300000 78.566239  -2.300000 77.771882  -2.300000 77.538882 
-2.200000 78.803671  -2.200000 78.686841  -2.200000 78.039643  -2.200000 77.829724 
-2.100000 79.111705  -2.100000 79.330602  -2.100000 78.584359  -2.100000 78.320326 
-2.000000 78.693253  -2.000000 78.578468  -2.000000 77.717141  -2.000000 77.479483 
-1.900000 79.463227  -1.900000 78.935761  -1.900000 78.347046  -1.900000 78.127996 
-1.800000 79.272265  -1.800000 78.940435  -1.800000 78.466636  -1.800000 78.180090 
-1.700000 79.976229  -1.700000 79.391364  -1.700000 78.667684  -1.700000 78.455294 
-1.600000 79.663333  -1.600000 79.354453  -1.600000 78.570042  -1.600000 78.257753 
-1.500000 79.350101  -1.500000 79.018989  -1.500000 78.443007  -1.500000 78.163003 
-1.400000 79.621798  -1.400000 79.496670  -1.400000 78.735509  -1.400000 78.432462 
-1.300000 79.778379  -1.300000 79.943036  -1.300000 79.312919  -1.300000 79.036075 
-1.200000 79.732706  -1.200000 79.325364  -1.200000 78.420619  -1.200000 78.052043 
-1.100000 80.238779  -1.100000 80.066993  -1.100000 79.377216  -1.100000 78.991146 
-1.000000 80.143239  -1.000000 79.903688  -1.000000 79.145691  -1.000000 78.718013 
-0.900000 80.098865  -0.900000 80.064326  -0.900000 79.305375  -0.900000 78.886924 
-0.800000 80.308082  -0.800000 79.626384  -0.800000 78.959583  -0.800000 78.542487 
-0.700000 80.486381  -0.700000 79.679813  -0.700000 78.832397  -0.700000 78.409761 
-0.600000 80.619647  -0.600000 80.113504  -0.600000 79.206535  -0.600000 78.865469 
-0.500000 80.663870  -0.500000 80.358817  -0.500000 79.472378  -0.500000 78.969559 
-0.400000 80.485704  -0.400000 80.367400  -0.400000 79.585365  -0.400000 79.064254 
-0.300000 80.241081  -0.300000 80.120975  -0.300000 79.300869  -0.300000 78.806289 
-0.200000 80.727246  -0.200000 80.165961  -0.200000 79.589424  -0.200000 79.118868 
-0.100000 80.880370  -0.100000 80.702680  -0.100000 79.714741  -0.100000 79.270257 
