-40.000000 40.650643  -40.000000 41.203155  -40.000000 41.113189  -40.000000 41.202702 
-39.900000 41.478228  -39.900000 41.234376  -39.900000 41.802560  -39.900000 41.662930 
-39.800000 42.946389  -39.800000 42.531054  -39.800000 42.805029  -39.800000 42.877620 
-39.700000 41.512144  -39.700000 42.125928  -39.700000 41.986667  -39.700000 41.867062 
-39.600000 42.873171  -39.600000 42.498750  -39.600000 42.018832  -39.600000 42.248632 
-39.500000 42.539643  -39.500000 42.753605  -39.500000 42.300782  -39.500000 42.385382 
-39.400000 43.326331  -39.400000 42.988087  -39.400000 43.120124  -39.400000 43.379957 
-39.300000 41.968110  -39.300000 41.887299  -39.300000 42.009167  -39.300000 41.995225 
-39.200000 42.553260  -39.200000 42.085185  -39.200000 42.107780  -39.200000 41.927985 
-39.100000 42.244066  -39.100000 42.044619  -39.100000 41.696069  -39.100000 41.856518 
-39.000000 41.960819  -39.000000 42.391650  -39.000000 42.511807  -39.000000 42.625584 
-38.900000 41.541085  -38.900000 42.217571  -38.900000 42.383493  -38.900000 42.325981 
-38.800000 41.467203  -38.800000 41.924157  -38.800000 41.976028  -38.800000 41.823613 
-38.700000 44.329000  -38.700000 43.925843  -38.700000 43.904968  -38.700000 43.894625 
-38.600000 43.327698  -38.600000 43.468478  -38.600000 43.310772  -38.600000 43.301720 
-38.500000 43.347774  -38.500000 43.767044  -38.500000 43.474218  -38.500000 43.712206 
-38.400000 44.381501  -38.400000 42.929566  -38.400000 42.995311  -38.400000 42.986281 
-38.300000 45.230532  -38.300000 44.492218  -38.300000 44.461245  -38.300000 44.462026 
-38.200000 43.605937  -38.200000 43.979737  -38.200000 43.597512  -38.200000 43.788650 
-38.100000 41.823201  -38.100000 42.787066  -38.100000 42.725047  -38.100000 42.755993 
-38.000000 43.877151  -38.000000 43.708640  -38.000000 43.899065  -38.000000 44.194568 
-37.900000 43.795721  -37.900000 43.051660  -37.900000 42.895330  -37.900000 42.993355 
-37.800000 44.712006  -37.800000 44.055036  -37.800000 44.094765  -37.800000 44.126845 
-37.700000 45.393435  -37.700000 44.942212  -37.700000 44.754075  -37.700000 44.989188 
-37.600000 44.438402  -37.600000 43.700813  -37.600000 43.626101  -37.600000 43.653563 
-37.500000 45.120113  -37.500000 44.636548  -37.500000 44.603740  -37.500000 44.482908 
-37.400000 44.608872  -37.400000 44.203122  -37.400000 44.191579  -37.400000 44.436185 
-37.300000 44.994532  -37.300000 44.794612  -37.300000 44.805040  -37.300000 45.009637 
-37.200000 46.212825  -37.200000 45.469093  -37.200000 45.310429  -37.200000 45.591522 
-37.100000 44.949310  -37.100000 45.114747  -37.100000 44.913846  -37.100000 45.070332 
-37.000000 46.037079  -37.000000 45.311111  -37.000000 45.591486  -37.000000 45.618857 
-36.900000 45.369397  -36.900000 45.357038  -36.900000 45.687877  -36.900000 45.766184 
-36.800000 45.124457  -36.800000 44.833688  -36.800000 45.011046  -36.800000 44.961315 
-36.700000 45.285389  -36.700000 44.653624  -36.700000 45.087692  -36.700000 45.122360 
-36.600000 44.765529  -36.600000 44.923446  -36.600000 45.071824  -36.600000 44.967567 
-36.500000 47.185341  -36.500000 45.770169  -36.500000 46.096665  -36.500000 46.150069 
-36.400000 44.671848  -36.400000 44.988882  -36.400000 45.255875  -36.400000 45.183691 
-36.300000 44.720513  -36.300000 44.657402  -36.300000 44.593685  -36.300000 44.720874 
-36.200000 46.206010  -36.200000 45.308823  -36.200000 45.687279  -36.200000 45.712624 
-36.100000 46.674041  -36.100000 46.435575  -36.100000 46.545386  -36.100000 46.490056 
-36.000000 45.897282  -36.000000 45.771167  -36.000000 45.612766  -36.000000 45.821372 
-35.900000 47.080083  -35.900000 46.312704  -35.900000 46.114792  -35.900000 46.416058 
-35.800000 47.698032  -35.800000 46.640562  -35.800000 46.779595  -35.800000 46.821592 
-35.700000 45.208548  -35.700000 44.540728  -35.700000 44.769171  -35.700000 44.831934 
-35.600000 45.274799  -35.600000 45.241303  -35.600000 45.246463  -35.600000 45.341802 
-35.500000 45.681848  -35.500000 44.977842  -35.500000 45.378031  -35.500000 45.331570 
-35.400000 46.017856  -35.400000 45.095335  -35.400000 45.319247  -35.400000 45.269930 
-35.300000 47.632103  -35.300000 47.575033  -35.300000 47.459533  -35.300000 47.467757 
-35.200000 47.463479  -35.200000 47.074373  -35.200000 47.135713  -35.200000 47.320433 
-35.100000 47.516881  -35.100000 46.948060  -35.100000 47.138038  -35.100000 46.962640 
-35.000000 46.095864  -35.000000 46.408733  -35.000000 46.703125  -35.000000 46.501908 
-34.900000 47.640285  -34.900000 47.111984  -34.900000 47.383423  -34.900000 47.462697 
-34.800000 45.908489  -34.800000 46.963469  -34.800000 46.565343  -34.800000 46.690818 
-34.700000 47.071526  -34.700000 47.160760  -34.700000 47.096249  -34.700000 47.205609 
-34.600000 45.790226  -34.600000 46.530722  -34.600000 46.181823  -34.600000 46.284547 
-34.500000 47.935946  -34.500000 47.767046  -34.500000 47.391529  -34.500000 47.439472 
-34.400000 46.963434  -34.400000 47.791082  -34.400000 47.948100  -34.400000 47.695302 
-34.300000 48.184782  -34.300000 47.834463  -34.300000 47.490030  -34.300000 47.733963 
-34.200000 48.650456  -34.200000 48.215698  -34.200000 48.547938  -34.200000 48.556537 
-34.100000 48.547988  -34.100000 48.174518  -34.100000 48.323087  -34.100000 48.327783 
-34.000000 47.595217  -34.000000 47.450364  -34.000000 47.773280  -34.000000 47.957470 
-33.900000 47.170326  -33.900000 48.129648  -33.900000 48.133150  -33.900000 48.293058 
-33.800000 48.025859  -33.800000 47.391259  -33.800000 47.758073  -33.800000 47.698145 
-33.700000 49.321165  -33.700000 49.035144  -33.700000 48.984329  -33.700000 49.020563 
-33.600000 49.011306  -33.600000 48.502596  -33.600000 48.290013  -33.600000 48.307067 
-33.500000 46.809276  -33.500000 46.706613  -33.500000 47.053470  -33.500000 46.993104 
-33.400000 49.281006  -33.400000 48.177347  -33.400000 48.036117  -33.400000 48.159668 
-33.300000 48.820481  -33.300000 49.060525  -33.300000 48.879033  -33.300000 49.050882 
-33.200000 48.899671  -33.200000 48.990145  -33.200000 48.834595  -33.200000 48.906742 
-33.100000 47.801416  -33.100000 48.431939  -33.100000 48.207580  -33.100000 48.052733 
-33.000000 47.016519  -33.000000 47.560835  -33.000000 47.809577  -33.000000 47.705315 
-32.900000 48.072140  -32.900000 48.280600  -32.900000 47.873813  -32.900000 48.074554 
-32.800000 49.682960  -32.800000 49.467505  -32.800000 49.586897  -32.800000 49.633748 
-32.700000 49.726443  -32.700000 49.670081  -32.700000 49.508013  -32.700000 49.526717 
-32.600000 48.278881  -32.600000 48.223375  -32.600000 48.296161  -32.600000 48.487812 
-32.500000 48.983820  -32.500000 49.307211  -32.500000 49.443038  -32.500000 49.512137 
-32.400000 48.591311  -32.400000 49.023647  -32.400000 48.854436  -32.400000 49.078886 
-32.300000 50.199789  -32.300000 49.711581  -32.300000 49.915027  -32.300000 49.766578 
-32.200000 50.367564  -32.200000 49.963207  -32.200000 50.371516  -32.200000 50.273151 
-32.100000 49.282778  -32.100000 49.452156  -32.100000 49.076531  -32.100000 49.217684 
-32.000000 49.206829  -32.000000 49.378902  -32.000000 49.317189  -32.000000 49.419863 
-31.900000 49.920676  -31.900000 49.397756  -31.900000 49.373919  -31.900000 49.473296 
-31.800000 51.235793  -31.800000 50.826250  -31.800000 50.468982  -31.800000 50.791279 
-31.700000 50.813273  -31.700000 50.147158  -31.700000 50.538958  -31.700000 50.563664 
-31.600000 50.361729  -31.600000 49.567599  -31.600000 49.964743  -31.600000 50.014510 
-31.500000 50.416616  -31.500000 50.172934  -31.500000 50.661801  -31.500000 50.618002 
-31.400000 49.904754  -31.400000 49.694511  -31.400000 49.646800  -31.400000 49.777159 
-31.300000 51.554853  -31.300000 50.871855  -31.300000 51.105739  -31.300000 51.015883 
-31.200000 51.101432  -31.200000 50.793955  -31.200000 51.094614  -31.200000 51.229842 
-31.100000 51.283519  -31.100000 51.023430  -31.100000 50.856830  -31.100000 51.082116 
-31.000000 50.482744  -31.000000 51.526860  -31.000000 51.609871  -31.000000 51.641714 
-30.900000 51.777981  -30.900000 51.189021  -30.900000 51.410936  -30.900000 51.232031 
-30.800000 50.843363  -30.800000 50.570543  -30.800000 50.572165  -30.800000 50.575719 
-30.700000 49.961846  -30.700000 50.571964  -30.700000 50.515936  -30.700000 50.533072 
-30.600000 52.248001  -30.600000 51.067201  -30.600000 51.040975  -30.600000 51.007207 
-30.500000 52.528711  -30.500000 51.998096  -30.500000 51.760611  -30.500000 52.015213 
-30.400000 51.058831  -30.400000 50.388277  -30.400000 50.610746  -30.400000 50.560342 
-30.300000 51.131185  -30.300000 51.385317  -30.300000 50.994510  -30.300000 51.263136 
-30.200000 51.917443  -30.200000 51.858525  -30.200000 51.485385  -30.200000 51.522173 
-30.100000 51.278329  -30.100000 50.527573  -30.100000 50.767894  -30.100000 50.886649 
-30.000000 51.910862  -30.000000 52.036855  -30.000000 52.252981  -30.000000 52.201018 
-29.900000 52.616806  -29.900000 51.516725  -29.900000 51.864760  -29.900000 52.025083 
-29.800000 51.831469  -29.800000 51.318025  -29.800000 51.431172  -29.800000 51.454063 
-29.700000 52.542304  -29.700000 52.181863  -29.700000 52.225076  -29.700000 52.269395 
-29.600000 52.714028  -29.600000 52.690333  -29.600000 52.850535  -29.600000 52.741043 
-29.500000 52.449017  -29.500000 53.043756  -29.500000 53.074404  -29.500000 52.925182 
-29.400000 53.031203  -29.400000 53.014781  -29.400000 53.113099  -29.400000 52.970197 
-29.300000 53.186150  -29.300000 52.460719  -29.300000 52.573579  -29.300000 52.789168 
-29.200000 52.196489  -29.200000 52.218159  -29.200000 52.164023  -29.200000 52.167792 
-29.100000 53.744208  -29.100000 52.881668  -29.100000 53.074810  -29.100000 53.057061 
-29.000000 52.063702  -29.000000 52.507326  -29.000000 51.702129  -29.000000 51.874329 
-28.900000 52.469950  -28.900000 52.414409  -28.900000 52.015718  -28.900000 52.050146 
-28.800000 52.503862  -28.800000 52.684802  -28.800000 53.060192  -28.800000 52.951241 
-28.700000 53.174280  -28.700000 52.861793  -28.700000 52.504280  -28.700000 52.701873 
-28.600000 51.816526  -28.600000 51.761115  -28.600000 52.006444  -28.600000 51.953511 
-28.500000 54.504943  -28.500000 53.128172  -28.500000 53.425578  -28.500000 53.669717 
-28.400000 53.108258  -28.400000 52.645054  -28.400000 52.379967  -28.400000 52.315106 
-28.300000 52.880430  -28.300000 53.369099  -28.300000 53.604873  -28.300000 53.418633 
-28.200000 54.660807  -28.200000 54.154649  -28.200000 53.993520  -28.200000 54.042537 
-28.100000 53.326745  -28.100000 53.258485  -28.100000 53.667388  -28.100000 53.540274 
-28.000000 54.269950  -28.000000 53.550027  -28.000000 53.498202  -28.000000 53.603752 
-27.900000 53.374827  -27.900000 53.593401  -27.900000 53.348751  -27.900000 53.480750 
-27.800000 55.359602  -27.800000 54.498896  -27.800000 54.276803  -27.800000 54.447052 
-27.700000 54.561181  -27.700000 55.178347  -27.700000 55.205009  -27.700000 54.956132 
-27.600000 54.128080  -27.600000 53.319719  -27.600000 53.104333  -27.600000 53.188920 
-27.500000 53.944364  -27.500000 53.161324  -27.500000 53.090885  -27.500000 53.329196 
-27.400000 55.944454  -27.400000 55.234326  -27.400000 55.105253  -27.400000 55.338198 
-27.300000 55.001800  -27.300000 55.092873  -27.300000 54.904799  -27.300000 54.904894 
-27.200000 54.169938  -27.200000 53.987021  -27.200000 53.936290  -27.200000 54.015137 
-27.100000 53.823738  -27.100000 54.019200  -27.100000 54.480296  -27.100000 54.439704 
-27.000000 54.863091  -27.000000 53.928751  -27.000000 54.242865  -27.000000 54.263554 
-26.900000 54.531242  -26.900000 55.008349  -26.900000 54.666640  -26.900000 54.904227 
-26.800000 54.111487  -26.800000 53.951351  -26.800000 54.214242  -26.800000 54.190666 
-26.700000 56.460044  -26.700000 55.422132  -26.700000 55.520590  -26.700000 55.517568 
-26.600000 55.390103  -26.600000 54.118370  -26.600000 54.333578  -26.600000 54.173791 
-26.500000 54.925690  -26.500000 55.189488  -26.500000 54.794595  -26.500000 54.905408 
-26.400000 53.498752  -26.400000 54.107422  -26.400000 54.312148  -26.400000 54.420698 
-26.300000 55.604148  -26.300000 55.789385  -26.300000 55.761549  -26.300000 55.753744 
-26.200000 55.783378  -26.200000 55.555637  -26.200000 55.265427  -26.200000 55.529767 
-26.100000 56.643374  -26.100000 56.360471  -26.100000 56.176354  -26.100000 56.187823 
-26.000000 54.636378  -26.000000 55.079115  -26.000000 55.090457  -26.000000 55.121108 
-25.900000 57.196733  -25.900000 56.893262  -25.900000 56.560776  -25.900000 56.661941 
-25.800000 56.215761  -25.800000 56.334224  -25.800000 56.187036  -25.800000 56.347239 
-25.700000 54.898826  -25.700000 55.473514  -25.700000 55.489622  -25.700000 55.620818 
-25.600000 55.606522  -25.600000 55.669124  -25.600000 55.904848  -25.600000 56.048304 
-25.500000 56.942873  -25.500000 56.902573  -25.500000 56.842518  -25.500000 56.963276 
-25.400000 56.487872  -25.400000 56.842447  -25.400000 56.415171  -25.400000 56.567656 
-25.300000 56.051999  -25.300000 55.555619  -25.300000 55.644651  -25.300000 55.664755 
-25.200000 57.363124  -25.200000 56.783781  -25.200000 56.931138  -25.200000 57.004148 
-25.100000 57.690151  -25.100000 57.218707  -25.100000 57.348472  -25.100000 57.639870 
-25.000000 57.367327  -25.000000 57.628934  -25.000000 57.133586  -25.000000 57.060111 
-24.900000 57.016962  -24.900000 57.244447  -24.900000 57.043250  -24.900000 57.188924 
-24.800000 57.291869  -24.800000 56.689504  -24.800000 56.513757  -24.800000 56.704540 
-24.700000 57.119012  -24.700000 56.855303  -24.700000 57.030952  -24.700000 57.382374 
-24.600000 57.534438  -24.600000 57.283848  -24.600000 57.499105  -24.600000 57.575512 
-24.500000 58.013707  -24.500000 57.559041  -24.500000 57.095513  -24.500000 57.125989 
-24.400000 57.073677  -24.400000 57.776027  -24.400000 57.936397  -24.400000 58.002981 
-24.300000 57.645634  -24.300000 57.226239  -24.300000 56.904509  -24.300000 56.980237 
-24.200000 56.687238  -24.200000 57.026820  -24.200000 56.714378  -24.200000 56.757157 
-24.100000 56.935957  -24.100000 56.960401  -24.100000 57.119533  -24.100000 57.036955 
-24.000000 57.302699  -24.000000 58.159965  -24.000000 57.728092  -24.000000 57.680954 
-23.900000 58.163891  -23.900000 58.935864  -23.900000 58.571074  -23.900000 58.530544 
-23.800000 58.699144  -23.800000 58.657536  -23.800000 58.584471  -23.800000 58.793286 
-23.700000 58.461339  -23.700000 58.123071  -23.700000 58.032577  -23.700000 57.926778 
-23.600000 57.989276  -23.600000 57.388402  -23.600000 57.583387  -23.600000 57.638357 
-23.500000 57.730976  -23.500000 57.952033  -23.500000 57.961511  -23.500000 58.075168 
-23.400000 58.164187  -23.400000 58.582600  -23.400000 57.934744  -23.400000 58.081962 
-23.300000 58.017802  -23.300000 57.857716  -23.300000 57.329442  -23.300000 57.509475 
-23.200000 57.311378  -23.200000 58.237396  -23.200000 57.821333  -23.200000 58.019440 
-23.100000 58.809121  -23.100000 59.412541  -23.100000 58.827252  -23.100000 58.708879 
-23.000000 58.247571  -23.000000 58.724595  -23.000000 58.421862  -23.000000 58.381715 
-22.900000 59.818356  -22.900000 59.779952  -22.900000 59.578284  -22.900000 59.630052 
-22.800000 57.511500  -22.800000 58.386992  -22.800000 58.085045  -22.800000 58.061641 
-22.700000 60.895497  -22.700000 59.733921  -22.700000 59.846118  -22.700000 59.761317 
-22.600000 59.194707  -22.600000 59.381401  -22.600000 59.407647  -22.600000 59.506680 
-22.500000 59.474402  -22.500000 60.354426  -22.500000 60.002674  -22.500000 60.069581 
-22.400000 60.145102  -22.400000 60.189205  -22.400000 60.145070  -22.400000 60.189803 
-22.300000 60.383080  -22.300000 59.745248  -22.300000 59.690314  -22.300000 59.942205 
-22.200000 60.289762  -22.200000 59.991497  -22.200000 60.299222  -22.200000 60.259823 
-22.100000 58.791072  -22.100000 58.761299  -22.100000 58.633281  -22.100000 58.743484 
-22.000000 60.605741  -22.000000 60.159677  -22.000000 60.573083  -22.000000 60.475978 
-21.900000 59.539567  -21.900000 59.067071  -21.900000 59.054548  -21.900000 59.163674 
-21.800000 59.017193  -21.800000 59.573921  -21.800000 59.747683  -21.800000 59.655923 
-21.700000 59.429485  -21.700000 58.709194  -21.700000 58.813227  -21.700000 58.597738 
-21.600000 59.913643  -21.600000 59.413854  -21.600000 59.564275  -21.600000 59.528990 
-21.500000 59.547703  -21.500000 59.981746  -21.500000 59.911883  -21.500000 59.869838 
-21.400000 59.312378  -21.400000 59.205245  -21.400000 59.324982  -21.400000 59.315143 
-21.300000 60.281058  -21.300000 60.759901  -21.300000 60.742665  -21.300000 60.677157 
-21.200000 60.377315  -21.200000 60.473087  -21.200000 60.646586  -21.200000 60.607468 
-21.100000 59.598327  -21.100000 59.765628  -21.100000 59.497322  -21.100000 59.685264 
-21.000000 60.503439  -21.000000 60.120921  -21.000000 60.513420  -21.000000 60.559643 
-20.900000 61.075758  -20.900000 61.129390  -20.900000 60.792367  -20.900000 60.806861 
-20.800000 61.525705  -20.800000 61.907265  -20.800000 61.879429  -20.800000 61.858757 
-20.700000 59.867235  -20.700000 60.687304  -20.700000 59.851424  -20.700000 59.963335 
-20.600000 62.766335  -20.600000 61.526675  -20.600000 62.060287  -20.600000 61.895522 
-20.500000 60.410281  -20.500000 61.095901  -20.500000 61.227083  -20.500000 60.960312 
-20.400000 61.688930  -20.400000 60.911578  -20.400000 60.973314  -20.400000 60.966379 
-20.300000 62.005120  -20.300000 62.614352  -20.300000 62.157921  -20.300000 62.348874 
-20.200000 60.383977  -20.200000 60.933287  -20.200000 60.891731  -20.200000 60.807240 
-20.100000 61.888914  -20.100000 60.703204  -20.100000 60.934261  -20.100000 60.908228 
-20.000000 61.530656  -20.000000 61.826527  -20.000000 61.776635  -20.000000 61.823393 
-19.900000 61.964612  -19.900000 61.855606  -19.900000 61.798104  -19.900000 61.965700 
-19.800000 61.552248  -19.800000 61.319698  -19.800000 61.087522  -19.800000 61.238271 
-19.700000 61.620479  -19.700000 61.223437  -19.700000 61.288101  -19.700000 61.369088 
-19.600000 62.139834  -19.600000 62.937456  -19.600000 62.798271  -19.600000 62.995448 
-19.500000 62.579831  -19.500000 61.783689  -19.500000 61.781739  -19.500000 61.694600 
-19.400000 61.609578  -19.400000 62.014129  -19.400000 61.893417  -19.400000 61.777149 
-19.300000 62.729048  -19.300000 62.596319  -19.300000 62.792566  -19.300000 62.763897 
-19.200000 63.211421  -19.200000 62.619714  -19.200000 62.935731  -19.200000 62.681248 
-19.100000 61.855582  -19.100000 61.963866  -19.100000 61.843394  -19.100000 61.961347 
-19.000000 62.140397  -19.000000 62.122111  -19.000000 61.940061  -19.000000 61.859975 
-18.900000 63.379223  -18.900000 63.674055  -18.900000 63.408603  -18.900000 63.423404 
-18.800000 63.421958  -18.800000 63.154535  -18.800000 63.111648  -18.800000 63.169986 
-18.700000 63.594193  -18.700000 63.201216  -18.700000 63.225494  -18.700000 62.976258 
-18.600000 63.564652  -18.600000 63.636446  -18.600000 63.531894  -18.600000 63.573193 
-18.500000 63.631828  -18.500000 63.367323  -18.500000 63.200142  -18.500000 62.988467 
-18.400000 63.379890  -18.400000 63.339916  -18.400000 63.140188  -18.400000 63.143254 
-18.300000 63.337248  -18.300000 63.143750  -18.300000 63.408431  -18.300000 63.425000 
-18.200000 63.185823  -18.200000 63.434341  -18.200000 63.217375  -18.200000 63.270591 
-18.100000 62.576627  -18.100000 63.182366  -18.100000 63.288807  -18.100000 63.186277 
-18.000000 64.738442  -18.000000 63.890458  -18.000000 63.816577  -18.000000 63.764191 
-17.900000 63.006626  -17.900000 63.053920  -17.900000 63.090823  -17.900000 63.275012 
-17.800000 63.645309  -17.800000 62.874257  -17.800000 63.396261  -17.800000 63.291019 
-17.700000 62.900711  -17.700000 63.476259  -17.700000 63.293509  -17.700000 63.199032 
-17.600000 62.614630  -17.600000 63.343695  -17.600000 62.914841  -17.600000 62.917612 
-17.500000 64.498771  -17.500000 63.554685  -17.500000 63.957003  -17.500000 64.064084 
-17.400000 64.843910  -17.400000 64.160841  -17.400000 64.099664  -17.400000 64.067103 
-17.300000 62.357585  -17.300000 63.632162  -17.300000 63.240878  -17.300000 63.205954 
-17.200000 63.788448  -17.200000 63.974822  -17.200000 63.696509  -17.200000 63.641412 
-17.100000 64.815464  -17.100000 63.772705  -17.100000 63.692565  -17.100000 63.783762 
-17.000000 64.394729  -17.000000 63.932927  -17.000000 63.560084  -17.000000 63.646392 
-16.900000 63.847792  -16.900000 64.046185  -16.900000 64.175761  -16.900000 64.087592 
-16.800000 64.657103  -16.800000 64.763669  -16.800000 65.002933  -16.800000 64.850632 
-16.700000 65.360673  -16.700000 65.847616  -16.700000 65.416903  -16.700000 65.484271 
-16.600000 64.213412  -16.600000 64.279375  -16.600000 64.260318  -16.600000 64.133295 
-16.500000 65.911216  -16.500000 65.791748  -16.500000 65.640412  -16.500000 65.684183 
-16.400000 64.774252  -16.400000 64.642133  -16.400000 64.338114  -16.400000 64.369651 
-16.300000 65.280509  -16.300000 65.498270  -16.300000 65.421439  -16.300000 65.268102 
-16.200000 64.662046  -16.200000 65.001653  -16.200000 65.031801  -16.200000 64.854918 
-16.100000 65.417273  -16.100000 65.573933  -16.100000 65.694137  -16.100000 65.788120 
-16.000000 65.126433  -16.000000 65.219854  -16.000000 65.180152  -16.000000 65.328573 
-15.900000 66.571449  -15.900000 65.623618  -15.900000 65.388481  -15.900000 65.257376 
-15.800000 66.249825  -15.800000 65.647586  -15.800000 65.843785  -15.800000 65.779994 
-15.700000 65.605508  -15.700000 64.828383  -15.700000 65.127438  -15.700000 64.735079 
-15.600000 65.316514  -15.600000 64.880407  -15.600000 64.991678  -15.600000 65.023594 
-15.500000 65.949249  -15.500000 65.754139  -15.500000 65.789549  -15.500000 65.749587 
-15.400000 66.827239  -15.400000 66.464368  -15.400000 66.539129  -15.400000 66.467742 
-15.300000 67.290114  -15.300000 66.536598  -15.300000 66.918199  -15.300000 66.847659 
-15.200000 67.890883  -15.200000 66.820402  -15.200000 66.732532  -15.200000 66.719387 
-15.100000 66.687577  -15.100000 66.103989  -15.100000 66.284372  -15.100000 66.185324 
-15.000000 66.774101  -15.000000 66.242285  -15.000000 65.733106  -15.000000 65.669457 
-14.900000 64.932842  -14.900000 65.230387  -14.900000 65.585455  -14.900000 65.505713 
-14.800000 66.282611  -14.800000 66.532743  -14.800000 66.511750  -14.800000 66.274567 
-14.700000 67.172538  -14.700000 67.508660  -14.700000 67.471108  -14.700000 67.340070 
-14.600000 67.939521  -14.600000 66.960749  -14.600000 66.932388  -14.600000 67.093700 
-14.500000 67.341358  -14.500000 66.891585  -14.500000 66.704289  -14.500000 66.757560 
-14.400000 67.626935  -14.400000 67.630955  -14.400000 67.523493  -14.400000 67.347222 
-14.300000 66.927405  -14.300000 66.872214  -14.300000 66.930703  -14.300000 66.682010 
-14.200000 69.112125  -14.200000 67.643096  -14.200000 67.700926  -14.200000 67.880727 
-14.100000 67.646712  -14.100000 67.390087  -14.100000 67.320809  -14.100000 67.137666 
-14.000000 68.889549  -14.000000 67.755817  -14.000000 67.612142  -14.000000 67.584501 
-13.900000 68.659762  -13.900000 68.164941  -13.900000 68.069464  -13.900000 68.054247 
-13.800000 67.667548  -13.800000 66.663049  -13.800000 67.019720  -13.800000 66.844057 
-13.700000 68.188944  -13.700000 68.643776  -13.700000 68.378043  -13.700000 68.261399 
-13.600000 67.491119  -13.600000 67.595438  -13.600000 67.098043  -13.600000 67.009290 
-13.500000 66.447777  -13.500000 66.885634  -13.500000 66.816007  -13.500000 66.688776 
-13.400000 67.829368  -13.400000 67.758805  -13.400000 67.269039  -13.400000 67.255672 
-13.300000 68.046702  -13.300000 67.335137  -13.300000 67.085545  -13.300000 66.844820 
-13.200000 67.666611  -13.200000 67.897613  -13.200000 67.461677  -13.200000 67.258060 
-13.100000 68.435417  -13.100000 68.590003  -13.100000 68.515700  -13.100000 68.456430 
-13.000000 68.560883  -13.000000 68.661388  -13.000000 68.445565  -13.000000 68.625190 
-12.900000 67.870780  -12.900000 68.008153  -12.900000 67.900873  -12.900000 67.827429 
-12.800000 69.649272  -12.800000 68.774060  -12.800000 68.703450  -12.800000 68.563286 
-12.700000 68.746024  -12.700000 68.333260  -12.700000 68.437671  -12.700000 68.442038 
-12.600000 69.422195  -12.600000 69.927999  -12.600000 69.799704  -12.600000 69.458462 
-12.500000 69.348418  -12.500000 68.973282  -12.500000 69.018788  -12.500000 68.991603 
-12.400000 68.169083  -12.400000 68.343267  -12.400000 68.156886  -12.400000 67.995444 
-12.300000 69.584749  -12.300000 70.025764  -12.300000 69.641807  -12.300000 69.421584 
-12.200000 68.901974  -12.200000 68.884947  -12.200000 69.085453  -12.200000 68.971754 
-12.100000 68.758098  -12.100000 68.259836  -12.100000 67.931146  -12.100000 67.959684 
-12.000000 69.703339  -12.000000 69.381755  -12.000000 69.198055  -12.000000 69.224506 
-11.900000 69.347350  -11.900000 69.447727  -11.900000 68.579379  -11.900000 68.519356 
-11.800000 69.819511  -11.800000 69.557726  -11.800000 69.998731  -11.800000 69.893603 
-11.700000 69.518375  -11.700000 69.417485  -11.700000 69.275565  -11.700000 69.244616 
-11.600000 70.477797  -11.600000 70.248920  -11.600000 69.966534  -11.600000 70.028276 
-11.500000 68.553267  -11.500000 68.094950  -11.500000 68.600130  -11.500000 68.328718 
-11.400000 69.668871  -11.400000 69.556163  -11.400000 68.993043  -11.400000 68.796393 
-11.300000 70.331781  -11.300000 70.494965  -11.300000 69.732993  -11.300000 69.709980 
-11.200000 69.857630  -11.200000 69.633686  -11.200000 69.435954  -11.200000 69.341802 
-11.100000 68.675773  -11.100000 69.534793  -11.100000 69.350811  -11.100000 69.155573 
-11.000000 71.144400  -11.000000 71.094115  -11.000000 71.128288  -11.000000 70.943317 
-10.900000 70.955705  -10.900000 70.573511  -10.900000 70.648904  -10.900000 70.314325 
-10.800000 72.042593  -10.800000 71.300504  -10.800000 71.199247  -10.800000 70.870484 
-10.700000 69.713893  -10.700000 69.502494  -10.700000 69.294801  -10.700000 69.139326 
-10.600000 69.460733  -10.600000 69.617862  -10.600000 69.307217  -10.600000 69.222998 
-10.500000 71.702981  -10.500000 71.605785  -10.500000 71.244705  -10.500000 71.119114 
-10.400000 71.056366  -10.400000 70.736356  -10.400000 70.712169  -10.400000 70.580507 
-10.300000 70.996800  -10.300000 71.408192  -10.300000 71.053694  -10.300000 71.019347 
-10.200000 72.425641  -10.200000 71.533036  -10.200000 71.558274  -10.200000 71.360002 
-10.100000 71.998303  -10.100000 71.093673  -10.100000 71.213319  -10.100000 70.937409 
-10.000000 72.591818  -10.000000 71.340821  -10.000000 71.503301  -10.000000 71.429394 
-9.900000 71.102301  -9.900000 70.460855  -9.900000 70.433812  -9.900000 70.249807 
-9.800000 72.641264  -9.800000 72.523697  -9.800000 72.451612  -9.800000 72.298649 
-9.700000 71.669632  -9.700000 71.238718  -9.700000 71.017956  -9.700000 70.864024 
-9.600000 73.591585  -9.600000 72.180277  -9.600000 71.954808  -9.600000 71.911820 
-9.500000 71.852355  -9.500000 71.134520  -9.500000 71.238126  -9.500000 71.124844 
-9.400000 72.137556  -9.400000 72.604727  -9.400000 72.533372  -9.400000 72.466181 
-9.300000 72.720102  -9.300000 71.943201  -9.300000 72.110294  -9.300000 72.032378 
-9.200000 72.496273  -9.200000 71.368353  -9.200000 71.586436  -9.200000 71.401886 
-9.100000 72.050395  -9.100000 72.435785  -9.100000 72.410038  -9.100000 72.304004 
-9.000000 72.917944  -9.000000 72.270445  -9.000000 71.906677  -9.000000 71.723916 
-8.900000 73.201772  -8.900000 72.986798  -8.900000 72.870296  -8.900000 72.580009 
-8.800000 73.101948  -8.800000 72.722733  -8.800000 72.681193  -8.800000 72.518369 
-8.700000 72.666355  -8.700000 72.714243  -8.700000 72.803936  -8.700000 72.437742 
-8.600000 72.761283  -8.600000 72.834748  -8.600000 72.324912  -8.600000 72.059603 
-8.500000 73.574347  -8.500000 73.584960  -8.500000 73.384942  -8.500000 73.119934 
-8.400000 73.741548  -8.400000 73.081344  -8.400000 72.859281  -8.400000 72.641183 
-8.300000 74.222240  -8.300000 73.665609  -8.300000 73.563742  -8.300000 73.249316 
-8.200000 73.087257  -8.200000 73.111790  -8.200000 72.652702  -8.200000 72.472660 
-8.100000 72.367889  -8.100000 72.156924  -8.100000 72.198661  -8.100000 71.922422 
-8.000000 73.740337  -8.000000 73.580397  -8.000000 73.456235  -8.000000 73.298365 
-7.900000 73.098409  -7.900000 72.740058  -7.900000 72.334954  -7.900000 72.262794 
-7.800000 73.831633  -7.800000 73.314940  -7.800000 73.279187  -7.800000 73.028068 
-7.700000 74.288837  -7.700000 74.466937  -7.700000 74.241830  -7.700000 73.685126 
-7.600000 73.265457  -7.600000 73.382699  -7.600000 73.198997  -7.600000 72.932122 
-7.500000 74.042843  -7.500000 73.568224  -7.500000 73.215684  -7.500000 72.951251 
-7.400000 73.833680  -7.400000 73.863545  -7.400000 74.124163  -7.400000 73.694768 
-7.300000 73.493063  -7.300000 73.233903  -7.300000 72.763030  -7.300000 72.596454 
-7.200000 75.638660  -7.200000 74.246474  -7.200000 74.276153  -7.200000 74.041217 
-7.100000 74.112294  -7.100000 74.030667  -7.100000 73.823360  -7.100000 73.609467 
-7.000000 74.822095  -7.000000 74.636538  -7.000000 73.996193  -7.000000 73.879917 
-6.900000 75.257825  -6.900000 75.272302  -6.900000 75.005670  -6.900000 74.539793 
-6.800000 74.437763  -6.800000 74.023774  -6.800000 73.734626  -6.800000 73.378340 
-6.700000 75.524577  -6.700000 74.457331  -6.700000 74.689065  -6.700000 74.324974 
-6.600000 74.172783  -6.600000 74.271102  -6.600000 73.531387  -6.600000 73.350499 
-6.500000 75.194309  -6.500000 74.548718  -6.500000 74.535521  -6.500000 74.401415 
-6.400000 74.596255  -6.400000 74.572512  -6.400000 74.358285  -6.400000 74.190282 
-6.300000 74.690589  -6.300000 73.755893  -6.300000 73.706318  -6.300000 73.387067 
-6.200000 76.014979  -6.200000 75.994402  -6.200000 75.617693  -6.200000 75.454781 
-6.100000 74.106167  -6.100000 75.312931  -6.100000 74.717332  -6.100000 74.353144 
-6.000000 75.505978  -6.000000 75.086976  -6.000000 74.564727  -6.000000 74.356591 
-5.900000 76.471585  -5.900000 75.971148  -5.900000 75.517761  -5.900000 75.464421 
-5.800000 75.564286  -5.800000 75.370560  -5.800000 75.093226  -5.800000 74.759303 
-5.700000 76.989485  -5.700000 75.272358  -5.700000 75.437018  -5.700000 75.068780 
-5.600000 74.348481  -5.600000 74.361858  -5.600000 73.974489  -5.600000 73.699893 
-5.500000 74.812930  -5.500000 74.931518  -5.500000 74.384102  -5.500000 73.868814 
-5.400000 75.917605  -5.400000 74.977777  -5.400000 74.618344  -5.400000 74.092753 
-5.300000 76.961080  -5.300000 76.485225  -5.300000 75.928539  -5.300000 75.828259 
-5.200000 75.764233  -5.200000 75.214222  -5.200000 75.043425  -5.200000 74.799693 
-5.100000 76.296611  -5.100000 76.108747  -5.100000 75.535365  -5.100000 75.199361 
-5.000000 75.738533  -5.000000 74.991066  -5.000000 74.888225  -5.000000 74.664721 
-4.900000 77.221376  -4.900000 76.970176  -4.900000 76.693868  -4.900000 76.243945 
-4.800000 76.685903  -4.800000 75.486188  -4.800000 75.122196  -4.800000 74.701606 
-4.700000 75.074857  -4.700000 75.446497  -4.700000 74.918106  -4.700000 74.511850 
-4.600000 77.142524  -4.600000 76.073960  -4.600000 75.920323  -4.600000 75.463904 
-4.500000 77.918184  -4.500000 76.673222  -4.500000 76.269345  -4.500000 75.969471 
-4.400000 76.465410  -4.400000 75.781740  -4.400000 75.399795  -4.400000 74.969022 
-4.300000 76.565541  -4.300000 75.463702  -4.300000 75.461505  -4.300000 74.915336 
-4.200000 78.287191  -4.200000 77.432494  -4.200000 77.035217  -4.200000 76.798966 
-4.100000 77.652329  -4.100000 77.612750  -4.100000 77.357833  -4.100000 77.056617 
-4.000000 76.128438  -4.000000 75.849424  -4.000000 75.735554  -4.000000 75.501207 
-3.900000 76.954084  -3.900000 76.210986  -3.900000 75.946561  -3.900000 75.559636 
-3.800000 77.430866  -3.800000 77.572839  -3.800000 76.924666  -3.800000 76.373283 
-3.700000 76.651172  -3.700000 76.158057  -3.700000 75.761282  -3.700000 75.438573 
-3.600000 76.143528  -3.600000 75.897055  -3.600000 75.436243  -3.600000 75.164951 
-3.500000 77.159926  -3.500000 77.068698  -3.500000 76.464924  -3.500000 76.009045 
-3.400000 78.506265  -3.400000 77.226293  -3.400000 77.267312  -3.400000 76.675373 
-3.300000 77.305246  -3.300000 76.966284  -3.300000 76.594879  -3.300000 76.058217 
-3.200000 77.435407  -3.200000 76.702817  -3.200000 76.288141  -3.200000 75.777139 
-3.100000 77.121654  -3.100000 76.751049  -3.100000 76.437144  -3.100000 75.794832 
-3.000000 77.565516  -3.000000 77.223015  -3.000000 76.588536  -3.000000 76.027943 
-2.900000 77.896330  -2.900000 77.241086  -2.900000 76.995961  -2.900000 76.463096 
-2.800000 78.556986  -2.800000 77.992967  -2.800000 77.329382  -2.800000 76.995783 
-2.700000 78.297468  -2.700000 78.342807  -2.700000 78.078855  -2.700000 77.520728 
-2.600000 79.140869  -2.600000 78.893823  -2.600000 78.383027  -2.600000 77.986771 
-2.500000 77.272312  -2.500000 77.621100  -2.500000 77.314189  -2.500000 76.694774 
-2.400000 78.398406  -2.400000 77.816883  -2.400000 77.441940  -2.400000 76.863716 
-2.300000 78.703591  -2.300000 77.766822  -2.300000 77.519541  -2.300000 76.887380 
-2.200000 79.794823  -2.200000 79.316898  -2.200000 78.746623  -2.200000 78.307356 
-2.100000 79.366232  -2.100000 78.386098  -2.100000 77.925489  -2.100000 77.510650 
-2.000000 80.311464  -2.000000 79.338075  -2.000000 78.402189  -2.000000 77.897705 
-1.900000 80.402336  -1.900000 79.544139  -1.900000 79.177271  -1.900000 78.711215 
-1.800000 79.657035  -1.800000 79.349799  -1.800000 78.625382  -1.800000 78.054906 
-1.700000 77.725634  -1.700000 77.777154  -1.700000 77.255183  -1.700000 76.791125 
-1.600000 78.451161  -1.600000 78.294202  -1.600000 77.808240  -1.600000 77.147539 
-1.500000 80.291070  -1.500000 79.813728  -1.500000 78.948044  -1.500000 78.495612 
-1.400000 79.604032  -1.400000 80.056710  -1.400000 79.396478  -1.400000 78.711762 
-1.300000 79.576311  -1.300000 79.341917  -1.300000 78.772406  -1.300000 78.093893 
-1.200000 79.534635  -1.200000 79.367377  -1.200000 78.632880  -1.200000 78.149679 
-1.100000 79.333225  -1.100000 78.741612  -1.100000 78.242081  -1.100000 77.694855 
-1.000000 78.812049  -1.000000 77.791698  -1.000000 77.453550  -1.000000 76.921235 
-0.900000 79.234107  -0.900000 78.288175  -0.900000 77.979766  -0.900000 77.377311 
-0.800000 80.601230  -0.800000 80.107374  -0.800000 79.504367  -0.800000 78.887622 
-0.700000 80.088792  -0.700000 79.320567  -0.700000 78.816750  -0.700000 78.155000 
-0.600000 80.043580  -0.600000 79.351022  -0.600000 78.871823  -0.600000 78.349487 
-0.500000 80.588619  -0.500000 79.660356  -0.500000 79.224367  -0.500000 78.517446 
-0.400000 80.080016  -0.400000 80.065670  -0.400000 79.258738  -0.400000 78.664786 
-0.300000 82.123019  -0.300000 80.774168  -0.300000 80.190751  -0.300000 79.501098 
-0.200000 80.071095  -0.200000 78.801677  -0.200000 78.172727  -0.200000 77.628746 
-0.100000 80.857816  -0.100000 80.045181  -0.100000 79.388633  -0.100000 78.637080 
