-40.000000 41.568871  -40.000000 41.234196  -40.000000 41.168223  -40.000000 41.161865 
-39.900000 41.752712  -39.900000 41.653202  -39.900000 41.534181  -39.900000 41.711282 
-39.800000 42.424215  -39.800000 42.736092  -39.800000 42.456348  -39.800000 42.693824 
-39.700000 41.866724  -39.700000 41.525847  -39.700000 41.735604  -39.700000 41.889831 
-39.600000 42.742666  -39.600000 42.509420  -39.600000 42.033508  -39.600000 42.234151 
-39.500000 42.049163  -39.500000 42.147616  -39.500000 42.082685  -39.500000 42.298597 
-39.400000 43.282787  -39.400000 42.793716  -39.400000 43.372944  -39.400000 43.257495 
-39.300000 41.540769  -39.300000 41.231876  -39.300000 42.021180  -39.300000 41.820324 
-39.200000 42.950106  -39.200000 42.244285  -39.200000 41.772303  -39.200000 41.949145 
-39.100000 42.116759  -39.100000 41.715718  -39.100000 41.823178  -39.100000 41.746081 
-39.000000 42.130357  -39.000000 42.293590  -39.000000 42.410147  -39.000000 42.596225 
-38.900000 41.529469  -38.900000 42.188888  -38.900000 42.200538  -38.900000 42.195380 
-38.800000 42.472240  -38.800000 41.736061  -38.800000 41.753778  -38.800000 41.772713 
-38.700000 43.518562  -38.700000 43.807367  -38.700000 43.654100  -38.700000 43.731990 
-38.600000 43.141257  -38.600000 43.663411  -38.600000 43.344505  -38.600000 43.317593 
-38.500000 44.504671  -38.500000 43.844899  -38.500000 43.684154  -38.500000 43.527271 
-38.400000 43.156244  -38.400000 42.939959  -38.400000 42.852119  -38.400000 43.048975 
-38.300000 44.265224  -38.300000 43.958508  -38.300000 44.416838  -38.300000 44.361800 
-38.200000 43.383208  -38.200000 43.878582  -38.200000 43.960420  -38.200000 43.672394 
-38.100000 42.637823  -38.100000 42.646687  -38.100000 42.586239  -38.100000 42.639138 
-38.000000 43.502040  -38.000000 43.702863  -38.000000 44.116383  -38.000000 43.900444 
-37.900000 42.522314  -37.900000 42.524482  -37.900000 42.715434  -37.900000 42.718372 
-37.800000 43.572948  -37.800000 44.071070  -37.800000 43.901891  -37.800000 43.936311 
-37.700000 45.055654  -37.700000 44.915133  -37.700000 44.662047  -37.700000 44.875247 
-37.600000 43.746261  -37.600000 43.863003  -37.600000 43.476045  -37.600000 43.628561 
-37.500000 44.293144  -37.500000 44.256157  -37.500000 44.351624  -37.500000 44.365760 
-37.400000 44.064518  -37.400000 44.296522  -37.400000 44.229894  -37.400000 44.309434 
-37.300000 45.261940  -37.300000 45.024506  -37.300000 45.116371  -37.300000 44.913238 
-37.200000 46.191684  -37.200000 45.381986  -37.200000 45.290879  -37.200000 45.386319 
-37.100000 44.750114  -37.100000 45.169172  -37.100000 44.746378  -37.100000 44.867636 
-37.000000 45.425096  -37.000000 45.215583  -37.000000 45.357916  -37.000000 45.335446 
-36.900000 45.006242  -36.900000 45.661948  -36.900000 45.519448  -36.900000 45.589293 
-36.800000 45.140681  -36.800000 44.740000  -36.800000 44.886013  -36.800000 44.847386 
-36.700000 44.491353  -36.700000 44.926827  -36.700000 45.146949  -36.700000 44.907766 
-36.600000 45.497417  -36.600000 45.039660  -36.600000 44.837587  -36.600000 44.905192 
-36.500000 45.670397  -36.500000 46.149743  -36.500000 45.908065  -36.500000 45.981957 
-36.400000 44.611277  -36.400000 44.913176  -36.400000 44.844442  -36.400000 44.949147 
-36.300000 44.666640  -36.300000 44.813416  -36.300000 44.558271  -36.300000 44.729563 
-36.200000 45.486228  -36.200000 45.508297  -36.200000 45.420190  -36.200000 45.547412 
-36.100000 47.163526  -36.100000 46.531016  -36.100000 46.423921  -36.100000 46.363530 
-36.000000 45.431481  -36.000000 45.438974  -36.000000 45.726920  -36.000000 45.578134 
-35.900000 47.416232  -35.900000 46.033745  -35.900000 46.131122  -35.900000 46.227359 
-35.800000 46.482276  -35.800000 46.517470  -35.800000 46.740949  -35.800000 46.717024 
-35.700000 45.381407  -35.700000 44.682569  -35.700000 44.677632  -35.700000 44.866516 
-35.600000 44.774582  -35.600000 44.852252  -35.600000 45.133457  -35.600000 45.044994 
-35.500000 45.208342  -35.500000 45.292861  -35.500000 45.197134  -35.500000 45.221523 
-35.400000 45.964660  -35.400000 45.037609  -35.400000 45.221198  -35.400000 45.261507 
-35.300000 47.590873  -35.300000 47.463996  -35.300000 47.379289  -35.300000 47.410996 
-35.200000 47.303588  -35.200000 46.977075  -35.200000 47.200623  -35.200000 47.206189 
-35.100000 47.921212  -35.100000 46.647302  -35.100000 47.093820  -35.100000 46.908495 
-35.000000 46.303111  -35.000000 46.228697  -35.000000 46.332840  -35.000000 46.356861 
-34.900000 48.082866  -34.900000 47.066860  -34.900000 47.373239  -34.900000 47.266753 
-34.800000 47.123634  -34.800000 46.996979  -34.800000 46.502906  -34.800000 46.540510 
-34.700000 47.019253  -34.700000 47.288890  -34.700000 47.200846  -34.700000 47.215396 
-34.600000 45.766077  -34.600000 46.012297  -34.600000 46.176581  -34.600000 46.199108 
-34.500000 47.544017  -34.500000 47.574848  -34.500000 47.463339  -34.500000 47.339271 
-34.400000 46.819899  -34.400000 47.339913  -34.400000 47.620534  -34.400000 47.608633 
-34.300000 47.652914  -34.300000 47.527089  -34.300000 47.650631  -34.300000 47.559999 
-34.200000 48.632248  -34.200000 48.243613  -34.200000 48.341108  -34.200000 48.276333 
-34.100000 48.837097  -34.100000 48.477334  -34.100000 47.997633  -34.100000 48.202685 
-34.000000 47.986270  -34.000000 47.560074  -34.000000 47.908332  -34.000000 47.758029 
-33.900000 48.635671  -33.900000 47.964420  -33.900000 48.203615  -33.900000 48.093148 
-33.800000 48.326073  -33.800000 47.143321  -33.800000 47.503036  -33.800000 47.529062 
-33.700000 49.798435  -33.700000 48.974503  -33.700000 49.078017  -33.700000 48.850203 
-33.600000 47.811879  -33.600000 48.238635  -33.600000 48.227796  -33.600000 48.200869 
-33.500000 46.619716  -33.500000 46.962236  -33.500000 47.017089  -33.500000 46.891224 
-33.400000 48.167880  -33.400000 48.266093  -33.400000 47.697591  -33.400000 47.973678 
-33.300000 49.075956  -33.300000 48.960318  -33.300000 49.015973  -33.300000 48.876847 
-33.200000 48.744813  -33.200000 48.639237  -33.200000 48.889166  -33.200000 48.843942 
-33.100000 49.106679  -33.100000 48.142203  -33.100000 47.892962  -33.100000 48.047537 
-33.000000 47.228471  -33.000000 47.294936  -33.000000 47.590003  -33.000000 47.420791 
-32.900000 48.607868  -32.900000 47.970732  -32.900000 47.929213  -32.900000 47.581752 
-32.800000 49.973016  -32.800000 49.591725  -32.800000 49.100880  -32.800000 49.162764 
-32.700000 49.352138  -32.700000 49.679736  -32.700000 49.476507  -32.700000 49.259697 
-32.600000 48.964499  -32.600000 48.280506  -32.600000 48.656410  -32.600000 48.118775 
-32.500000 49.425852  -32.500000 49.287888  -32.500000 49.557450  -32.500000 49.310005 
-32.400000 48.540857  -32.400000 48.820432  -32.400000 48.646637  -32.400000 48.749721 
-32.300000 48.259690  -32.300000 50.033190  -32.300000 49.587148  -32.300000 49.453159 
-32.200000 50.470935  -32.200000 50.424552  -32.200000 49.958930  -32.200000 49.997451 
-32.100000 49.495199  -32.100000 48.574515  -32.100000 48.924129  -32.100000 48.794233 
-32.000000 49.017156  -32.000000 49.290673  -32.000000 49.200313  -32.000000 48.922380 
-31.900000 49.380948  -31.900000 49.215021  -31.900000 49.449106  -31.900000 48.984363 
-31.800000 50.881331  -31.800000 50.663218  -31.800000 50.574112  -31.800000 50.354269 
-31.700000 50.243267  -31.700000 50.238659  -31.700000 50.098015  -31.700000 49.940799 
-31.600000 49.868838  -31.600000 49.608110  -31.600000 49.744902  -31.600000 49.608791 
-31.500000 49.876887  -31.500000 50.829519  -31.500000 50.269849  -31.500000 50.160494 
-31.400000 50.068823  -31.400000 49.670181  -31.400000 49.277119  -31.400000 49.205586 
-31.300000 51.256846  -31.300000 50.499100  -31.300000 50.544299  -31.300000 50.552165 
-31.200000 51.447332  -31.200000 50.613991  -31.200000 50.928833  -31.200000 50.572131 
-31.100000 51.325249  -31.100000 51.026756  -31.100000 50.933997  -31.100000 50.577429 
-31.000000 51.209644  -31.000000 51.677325  -31.000000 51.499299  -31.000000 51.154171 
-30.900000 51.515585  -30.900000 51.479092  -30.900000 50.946055  -30.900000 50.816219 
-30.800000 50.443359  -30.800000 50.949362  -30.800000 50.243386  -30.800000 50.142817 
-30.700000 51.421299  -30.700000 50.800599  -30.700000 50.416794  -30.700000 50.134699 
-30.600000 51.514360  -30.600000 50.834684  -30.600000 50.869021  -30.600000 50.558652 
-30.500000 51.405546  -30.500000 51.794651  -30.500000 51.681019  -30.500000 51.689827 
-30.400000 51.479649  -30.400000 50.585345  -30.400000 50.470464  -30.400000 50.147600 
-30.300000 51.262814  -30.300000 51.131177  -30.300000 50.976621  -30.300000 50.808400 
-30.200000 51.540471  -30.200000 51.336500  -30.200000 51.208380  -30.200000 51.081178 
-30.100000 50.950372  -30.100000 50.332049  -30.100000 50.557407  -30.100000 50.464468 
-30.000000 52.867685  -30.000000 52.239710  -30.000000 51.835867  -30.000000 51.781853 
-29.900000 51.938087  -29.900000 51.817108  -29.900000 51.732705  -29.900000 51.707019 
-29.800000 50.998630  -29.800000 51.503669  -29.800000 51.309931  -29.800000 51.064187 
-29.700000 52.270399  -29.700000 52.102049  -29.700000 52.120777  -29.700000 51.888334 
-29.600000 51.678304  -29.600000 52.525476  -29.600000 52.269087  -29.600000 52.206059 
-29.500000 52.931445  -29.500000 52.610223  -29.500000 52.582304  -29.500000 52.537250 
-29.400000 52.836258  -29.400000 52.560182  -29.400000 52.671458  -29.400000 52.560483 
-29.300000 52.725794  -29.300000 52.585225  -29.300000 52.301022  -29.300000 52.091669 
-29.200000 52.235253  -29.200000 51.952574  -29.200000 51.639752  -29.200000 51.651144 
-29.100000 53.295854  -29.100000 52.650639  -29.100000 52.607043  -29.100000 52.542957 
-29.000000 52.884602  -29.000000 52.105170  -29.000000 51.529473  -29.000000 51.479547 
-28.900000 52.576125  -28.900000 51.727144  -28.900000 51.706262  -28.900000 51.685039 
-28.800000 52.773966  -28.800000 52.221285  -28.800000 52.676064  -28.800000 52.536981 
-28.700000 53.510140  -28.700000 52.591335  -28.700000 52.574196  -28.700000 52.244004 
-28.600000 52.636083  -28.600000 51.789468  -28.600000 51.768251  -28.600000 51.624206 
-28.500000 53.355092  -28.500000 53.055920  -28.500000 53.442368  -28.500000 53.141066 
-28.400000 52.084219  -28.400000 52.553804  -28.400000 52.062747  -28.400000 52.030891 
-28.300000 53.151400  -28.300000 52.941901  -28.300000 53.050508  -28.300000 52.898665 
-28.200000 53.413593  -28.200000 53.768936  -28.200000 53.621448  -28.200000 53.274235 
-28.100000 53.468447  -28.100000 53.400192  -28.100000 53.353203  -28.100000 53.065870 
-28.000000 52.854376  -28.000000 53.200423  -28.000000 53.545295  -28.000000 53.274394 
-27.900000 52.923239  -27.900000 53.527898  -27.900000 52.942739  -27.900000 53.059970 
-27.800000 54.276092  -27.800000 54.657566  -27.800000 54.025594  -27.800000 53.501701 
-27.700000 55.517990  -27.700000 55.076305  -27.700000 54.676184  -27.700000 54.593417 
-27.600000 52.804422  -27.600000 53.245373  -27.600000 52.852994  -27.600000 52.702358 
-27.500000 52.789239  -27.500000 53.405998  -27.500000 52.889430  -27.500000 52.782271 
-27.400000 54.933094  -27.400000 55.217743  -27.400000 54.770824  -27.400000 54.522161 
-27.300000 55.088918  -27.300000 54.693602  -27.300000 54.559102  -27.300000 54.089364 
-27.200000 53.686055  -27.200000 53.597712  -27.200000 53.408790  -27.200000 53.587714 
-27.100000 54.160495  -27.100000 54.297660  -27.100000 54.143850  -27.100000 53.661406 
-27.000000 54.650155  -27.000000 54.220304  -27.000000 53.954416  -27.000000 53.686703 
-26.900000 55.387022  -26.900000 54.822980  -26.900000 54.529884  -26.900000 54.015370 
-26.800000 54.521172  -26.800000 53.770707  -26.800000 53.843620  -26.800000 53.366320 
-26.700000 55.929089  -26.700000 55.560207  -26.700000 54.888171  -26.700000 54.426367 
-26.600000 54.468931  -26.600000 54.252524  -26.600000 53.973730  -26.600000 53.377183 
-26.500000 55.289753  -26.500000 55.316203  -26.500000 54.231935  -26.500000 54.154951 
-26.400000 55.544782  -26.400000 54.236191  -26.400000 54.038608  -26.400000 53.395323 
-26.300000 55.830124  -26.300000 55.922292  -26.300000 55.046136  -26.300000 54.406588 
-26.200000 55.771458  -26.200000 55.195678  -26.200000 54.794892  -26.200000 54.195745 
-26.100000 56.593890  -26.100000 56.008829  -26.100000 55.552626  -26.100000 55.027135 
-26.000000 55.049353  -26.000000 54.900994  -26.000000 54.654762  -26.000000 53.857246 
-25.900000 57.303732  -25.900000 56.640828  -25.900000 55.899407  -25.900000 55.237950 
-25.800000 56.963054  -25.800000 55.874191  -25.800000 55.500402  -25.800000 55.071414 
-25.700000 55.614019  -25.700000 55.334406  -25.700000 55.184650  -25.700000 54.500985 
-25.600000 55.932281  -25.600000 56.106236  -25.600000 55.577996  -25.600000 54.718522 
-25.500000 57.040388  -25.500000 56.633709  -25.500000 56.087371  -25.500000 55.432252 
-25.400000 56.546682  -25.400000 55.632175  -25.400000 55.571905  -25.400000 55.276715 
-25.300000 56.090094  -25.300000 55.663977  -25.300000 55.042381  -25.300000 54.393515 
-25.200000 55.874961  -25.200000 56.194411  -25.200000 55.842124  -25.200000 55.691348 
-25.100000 57.016034  -25.100000 57.131296  -25.100000 56.529629  -25.100000 56.161263 
-25.000000 56.865311  -25.000000 56.837681  -25.000000 56.094827  -25.000000 55.720991 
-24.900000 57.479669  -24.900000 56.254890  -24.900000 56.324178  -24.900000 55.835362 
-24.800000 56.799313  -24.800000 56.321567  -24.800000 55.760709  -24.800000 55.424402 
-24.700000 56.549331  -24.700000 56.500890  -24.700000 56.359473  -24.700000 55.887008 
-24.600000 57.981251  -24.600000 56.866811  -24.600000 56.467532  -24.600000 56.065666 
-24.500000 57.728642  -24.500000 56.517021  -24.500000 56.165221  -24.500000 55.962660 
-24.400000 58.009979  -24.400000 58.073748  -24.400000 56.809795  -24.400000 56.602193 
-24.300000 56.378933  -24.300000 56.555624  -24.300000 55.957019  -24.300000 55.571284 
-24.200000 56.533647  -24.200000 56.325997  -24.200000 55.655023  -24.200000 55.642026 
-24.100000 57.110633  -24.100000 56.538887  -24.100000 56.031438  -24.100000 55.808239 
-24.000000 58.527446  -24.000000 56.976563  -24.000000 56.831250  -24.000000 56.266701 
-23.900000 58.946801  -23.900000 58.018073  -23.900000 57.421059  -23.900000 57.007124 
-23.800000 58.661087  -23.800000 58.265673  -23.800000 57.872882  -23.800000 57.394018 
-23.700000 58.575135  -23.700000 57.658579  -23.700000 57.200252  -23.700000 56.781166 
-23.600000 57.989736  -23.600000 57.027180  -23.600000 56.514713  -23.600000 56.245969 
-23.500000 58.582152  -23.500000 57.722739  -23.500000 57.287072  -23.500000 56.777044 
-23.400000 58.060845  -23.400000 57.755511  -23.400000 57.014555  -23.400000 56.728068 
-23.300000 58.073203  -23.300000 56.795122  -23.300000 56.580084  -23.300000 56.209357 
-23.200000 57.917157  -23.200000 57.982669  -23.200000 57.225716  -23.200000 56.559125 
-23.100000 59.103808  -23.100000 58.340538  -23.100000 57.799430  -23.100000 57.381230 
-23.000000 58.519957  -23.000000 57.865917  -23.000000 57.431175  -23.000000 57.107378 
-22.900000 59.691678  -22.900000 59.259153  -22.900000 58.611745  -22.900000 58.094099 
-22.800000 58.396295  -22.800000 57.390911  -22.800000 57.289031  -22.800000 56.887957 
-22.700000 59.845800  -22.700000 59.175895  -22.700000 58.537359  -22.700000 58.282890 
-22.600000 58.930036  -22.600000 58.363845  -22.600000 58.542324  -22.600000 58.047866 
-22.500000 60.347001  -22.500000 59.255118  -22.500000 59.073123  -22.500000 58.658504 
-22.400000 59.908328  -22.400000 60.019249  -22.400000 59.190770  -22.400000 58.738756 
-22.300000 59.237813  -22.300000 59.354211  -22.300000 58.708067  -22.300000 57.891522 
-22.200000 60.300093  -22.200000 60.036013  -22.200000 59.261169  -22.200000 58.737811 
-22.100000 59.074255  -22.100000 58.256300  -22.100000 57.764037  -22.100000 57.318784 
-22.000000 60.173516  -22.000000 60.111208  -22.000000 59.437534  -22.000000 58.935262 
-21.900000 59.544866  -21.900000 58.507686  -21.900000 58.071967  -21.900000 57.903482 
-21.800000 60.169332  -21.800000 58.985648  -21.800000 58.594455  -21.800000 58.272419 
-21.700000 59.189688  -21.700000 57.922526  -21.700000 57.908652  -21.700000 57.517820 
-21.600000 60.101829  -21.600000 58.507266  -21.600000 58.737969  -21.600000 58.318533 
-21.500000 59.725260  -21.500000 59.282752  -21.500000 58.803424  -21.500000 58.013659 
-21.400000 59.616212  -21.400000 59.155672  -21.400000 58.395797  -21.400000 57.704037 
-21.300000 59.914260  -21.300000 60.420775  -21.300000 59.581077  -21.300000 58.495772 
-21.200000 59.744153  -21.200000 60.032702  -21.200000 59.175279  -21.200000 58.070170 
-21.100000 59.963375  -21.100000 59.213073  -21.100000 58.877367  -21.100000 57.910695 
-21.000000 60.680166  -21.000000 59.872078  -21.000000 59.681057  -21.000000 57.846779 
-20.900000 60.475040  -20.900000 60.242896  -20.900000 59.699145  -20.900000 58.906745 
-20.800000 62.400586  -20.800000 61.224404  -20.800000 60.284922  -20.800000 58.836847 
-20.700000 60.260228  -20.700000 59.600147  -20.700000 59.224523  -20.700000 56.995700 
-20.600000 61.417316  -20.600000 61.351155  -20.600000 60.045083  -20.600000 58.847468 
-20.500000 61.507939  -20.500000 60.244699  -20.500000 59.592121  -20.500000 58.138739 
-20.400000 60.596845  -20.400000 60.916050  -20.400000 59.293932  -20.400000 58.007410 
-20.300000 62.583476  -20.300000 61.655256  -20.300000 60.505170  -20.300000 58.603973 
-20.200000 60.805878  -20.200000 60.310859  -20.200000 58.768531  -20.200000 57.745453 
-20.100000 60.952128  -20.100000 59.737520  -20.100000 59.528716  -20.100000 57.683098 
-20.000000 61.326235  -20.000000 61.044853  -20.000000 59.977263  -20.000000 58.712347 
-19.900000 61.930837  -19.900000 61.318160  -19.900000 60.288261  -19.900000 58.772112 
-19.800000 62.164644  -19.800000 59.358663  -19.800000 58.839864  -19.800000 58.412831 
-19.700000 61.057937  -19.700000 60.392911  -19.700000 59.010149  -19.700000 58.529378 
-19.600000 62.788058  -19.600000 61.898251  -19.600000 60.145351  -19.600000 59.258127 
-19.500000 61.533943  -19.500000 61.110666  -19.500000 59.485040  -19.500000 58.514631 
-19.400000 61.289801  -19.400000 61.114540  -19.400000 59.212445  -19.400000 58.460758 
-19.300000 63.695202  -19.300000 61.634367  -19.300000 59.861908  -19.300000 59.020764 
-19.200000 62.212117  -19.200000 61.793174  -19.200000 60.159385  -19.200000 59.086008 
-19.100000 61.436500  -19.100000 60.298770  -19.100000 59.184685  -19.100000 58.667991 
-19.000000 62.870055  -19.000000 60.568250  -19.000000 59.455712  -19.000000 58.922272 
-18.900000 63.906601  -18.900000 62.183407  -18.900000 60.466425  -18.900000 59.645692 
-18.800000 61.106159  -18.800000 62.082318  -18.800000 60.288772  -18.800000 59.548849 
-18.700000 63.404317  -18.700000 61.170031  -18.700000 60.362799  -18.700000 59.656221 
-18.600000 63.051290  -18.600000 61.900433  -18.600000 60.523068  -18.600000 59.935705 
-18.500000 62.139396  -18.500000 61.707902  -18.500000 60.482532  -18.500000 59.695034 
-18.400000 62.643492  -18.400000 61.674005  -18.400000 60.420672  -18.400000 59.769767 
-18.300000 62.575909  -18.300000 61.829588  -18.300000 60.506984  -18.300000 59.935407 
-18.200000 63.021714  -18.200000 61.070691  -18.200000 60.500147  -18.200000 59.832389 
-18.100000 63.423890  -18.100000 60.942206  -18.100000 60.683945  -18.100000 59.908108 
-18.000000 63.436549  -18.000000 62.044830  -18.000000 60.830919  -18.000000 60.300120 
-17.900000 62.887172  -17.900000 61.023542  -17.900000 60.461015  -17.900000 59.927005 
-17.800000 63.390433  -17.800000 61.734096  -17.800000 60.859016  -17.800000 60.040495 
-17.700000 63.577291  -17.700000 61.543545  -17.700000 60.618504  -17.700000 59.937408 
-17.600000 62.744233  -17.600000 61.613675  -17.600000 60.537619  -17.600000 59.741669 
-17.500000 64.613718  -17.500000 62.534369  -17.500000 61.349762  -17.500000 60.664915 
-17.400000 62.996623  -17.400000 61.684801  -17.400000 61.547145  -17.400000 60.707031 
-17.300000 62.056231  -17.300000 61.508146  -17.300000 60.753892  -17.300000 60.146281 
-17.200000 64.082339  -17.200000 62.264718  -17.200000 61.234312  -17.200000 60.391212 
-17.100000 63.095738  -17.100000 62.743602  -17.100000 61.265281  -17.100000 60.505752 
-17.000000 62.734543  -17.000000 62.355722  -17.000000 61.140970  -17.000000 60.533014 
-16.900000 63.338327  -16.900000 61.873691  -16.900000 61.702606  -16.900000 60.736512 
-16.800000 64.127830  -16.800000 62.881625  -16.800000 62.237088  -16.800000 61.272650 
-16.700000 64.796142  -16.700000 63.808706  -16.700000 62.487270  -16.700000 61.802156 
-16.600000 63.538353  -16.600000 62.019291  -16.600000 61.868751  -16.600000 60.893268 
-16.500000 65.626005  -16.500000 64.411118  -16.500000 62.951149  -16.500000 62.085481 
-16.400000 64.425802  -16.400000 62.696605  -16.400000 61.631025  -16.400000 61.247432 
-16.300000 64.114873  -16.300000 63.732188  -16.300000 62.576980  -16.300000 61.820807 
-16.200000 63.926130  -16.200000 63.100711  -16.200000 62.148381  -16.200000 61.344292 
-16.100000 64.783027  -16.100000 63.984822  -16.100000 62.646532  -16.100000 62.209604 
-16.000000 64.725747  -16.000000 63.178955  -16.000000 62.494261  -16.000000 61.805047 
-15.900000 65.124600  -15.900000 63.007011  -15.900000 62.578747  -15.900000 61.158996 
-15.800000 64.184124  -15.800000 63.935904  -15.800000 62.549497  -15.800000 62.181769 
-15.700000 63.818628  -15.700000 62.036911  -15.700000 62.111504  -15.700000 61.646583 
-15.600000 63.785621  -15.600000 63.376878  -15.600000 62.512132  -15.600000 61.841289 
-15.500000 65.078962  -15.500000 63.776107  -15.500000 63.083897  -15.500000 62.370072 
-15.400000 65.990452  -15.400000 64.551679  -15.400000 62.676465  -15.400000 61.773156 
-15.300000 65.912605  -15.300000 64.868449  -15.300000 64.042646  -15.300000 62.002005 
-15.200000 66.237278  -15.200000 64.531748  -15.200000 63.816181  -15.200000 63.059192 
-15.100000 64.889725  -15.100000 64.172043  -15.100000 63.302145  -15.100000 61.681213 
-15.000000 65.755334  -15.000000 64.091573  -15.000000 62.484984  -15.000000 61.028663 
-14.900000 64.608381  -14.900000 63.521808  -14.900000 62.754669  -14.900000 60.831388 
-14.800000 64.965466  -14.800000 64.809776  -14.800000 63.682052  -14.800000 61.533631 
-14.700000 66.385231  -14.700000 65.530371  -14.700000 63.776512  -14.700000 61.878597 
-14.600000 66.924901  -14.600000 64.858354  -14.600000 64.390972  -14.600000 62.376225 
-14.500000 66.345599  -14.500000 65.139191  -14.500000 64.013617  -14.500000 60.787480 
-14.400000 66.657161  -14.400000 65.714730  -14.400000 64.483127  -14.400000 61.341180 
-14.300000 66.327339  -14.300000 63.869264  -14.300000 63.158412  -14.300000 60.212118 
-14.200000 66.751376  -14.200000 65.742142  -14.200000 63.759723  -14.200000 61.798488 
-14.100000 67.108071  -14.100000 64.000261  -14.100000 63.488863  -14.100000 60.452812 
-14.000000 66.924410  -14.000000 65.945326  -14.000000 63.151280  -14.000000 60.729666 
-13.900000 67.646423  -13.900000 66.400638  -13.900000 63.153555  -13.900000 60.813728 
-13.800000 65.970880  -13.800000 65.176190  -13.800000 61.950006  -13.800000 60.604216 
-13.700000 68.418646  -13.700000 65.797324  -13.700000 62.916490  -13.700000 60.982840 
-13.600000 66.581585  -13.600000 64.997212  -13.600000 62.682559  -13.600000 60.572122 
-13.500000 65.420712  -13.500000 64.052170  -13.500000 61.647477  -13.500000 60.066244 
-13.400000 67.232710  -13.400000 65.193816  -13.400000 61.856492  -13.400000 60.236949 
-13.300000 66.463654  -13.300000 65.073885  -13.300000 61.722276  -13.300000 60.774872 
-13.200000 67.098275  -13.200000 65.330432  -13.200000 62.037382  -13.200000 61.021138 
-13.100000 67.970602  -13.100000 65.114620  -13.100000 62.340112  -13.100000 61.597986 
-13.000000 65.714492  -13.000000 64.941867  -13.000000 62.853157  -13.000000 61.023461 
-12.900000 67.701060  -12.900000 64.122788  -12.900000 62.565113  -12.900000 61.031974 
-12.800000 66.775744  -12.800000 65.162920  -12.800000 62.906290  -12.800000 61.121851 
-12.700000 66.888399  -12.700000 64.554318  -12.700000 62.218288  -12.700000 61.200394 
-12.600000 68.654108  -12.600000 65.333151  -12.600000 62.562315  -12.600000 61.524880 
-12.500000 67.160147  -12.500000 64.377886  -12.500000 62.314337  -12.500000 61.324959 
-12.400000 66.916536  -12.400000 64.616128  -12.400000 62.347073  -12.400000 61.456041 
-12.300000 69.104950  -12.300000 64.831335  -12.300000 63.067474  -12.300000 61.849730 
-12.200000 68.252084  -12.200000 64.191641  -12.200000 62.718118  -12.200000 61.722596 
-12.100000 67.245694  -12.100000 64.385237  -12.100000 63.069693  -12.100000 61.859464 
-12.000000 67.741423  -12.000000 64.983141  -12.000000 63.736854  -12.000000 62.377459 
-11.900000 66.779175  -11.900000 64.589528  -11.900000 63.516127  -11.900000 62.215331 
-11.800000 69.354755  -11.800000 64.656406  -11.800000 63.715814  -11.800000 62.592432 
-11.700000 68.494098  -11.700000 65.290738  -11.700000 63.638524  -11.700000 62.508841 
-11.600000 68.732181  -11.600000 65.691780  -11.600000 63.659124  -11.600000 62.547679 
-11.500000 65.675607  -11.500000 64.425789  -11.500000 63.518055  -11.500000 62.355293 
-11.400000 67.562463  -11.400000 64.844181  -11.400000 63.695840  -11.400000 62.634889 
-11.300000 68.277673  -11.300000 64.752705  -11.300000 63.244337  -11.300000 62.486558 
-11.200000 67.405541  -11.200000 64.503484  -11.200000 63.423134  -11.200000 62.423119 
-11.100000 67.770155  -11.100000 66.217355  -11.100000 63.955921  -11.100000 62.854493 
-11.000000 69.490389  -11.000000 65.779944  -11.000000 64.232892  -11.000000 63.221522 
-10.900000 68.547952  -10.900000 65.552022  -10.900000 64.328276  -10.900000 63.292049 
-10.800000 67.226605  -10.800000 65.730734  -10.800000 64.314120  -10.800000 63.488500 
-10.700000 67.131076  -10.700000 65.501046  -10.700000 64.122704  -10.700000 63.100011 
-10.600000 67.580517  -10.600000 65.209925  -10.600000 63.613888  -10.600000 62.793510 
-10.500000 67.209482  -10.500000 65.799539  -10.500000 64.719323  -10.500000 63.553153 
-10.400000 69.026347  -10.400000 65.769430  -10.400000 64.462865  -10.400000 61.979717 
-10.300000 68.052341  -10.300000 66.717437  -10.300000 64.921384  -10.300000 63.744453 
-10.200000 68.807442  -10.200000 66.927229  -10.200000 65.339078  -10.200000 64.149305 
-10.100000 67.552918  -10.100000 65.369033  -10.100000 64.670816  -10.100000 63.549344 
-10.000000 69.367163  -10.000000 67.320682  -10.000000 65.722847  -10.000000 64.562218 
-9.900000 68.318250  -9.900000 65.979308  -9.900000 64.686595  -9.900000 63.698988 
-9.800000 68.557259  -9.800000 66.585368  -9.800000 65.253404  -9.800000 64.207432 
-9.700000 67.711910  -9.700000 65.787974  -9.700000 64.754971  -9.700000 62.529416 
-9.600000 67.791132  -9.600000 66.777079  -9.600000 65.104295  -9.600000 64.111728 
-9.500000 69.402742  -9.500000 67.128327  -9.500000 65.574480  -9.500000 63.516157 
-9.400000 68.709545  -9.400000 66.693579  -9.400000 63.763105  -9.400000 63.208419 
-9.300000 68.291202  -9.300000 66.704614  -9.300000 63.822052  -9.300000 62.936197 
-9.200000 69.202184  -9.200000 67.763825  -9.200000 65.936757  -9.200000 63.954475 
-9.100000 68.666592  -9.100000 65.005908  -9.100000 65.743275  -9.100000 62.310166 
-9.000000 69.655688  -9.000000 67.057287  -9.000000 65.891620  -9.000000 63.324603 
-8.900000 69.687941  -8.900000 67.034201  -8.900000 66.150402  -8.900000 62.371539 
-8.800000 70.389088  -8.800000 68.041590  -8.800000 65.140843  -8.800000 62.616518 
-8.700000 69.226029  -8.700000 66.410268  -8.700000 66.009570  -8.700000 63.362861 
-8.600000 68.945285  -8.600000 66.233651  -8.600000 64.519866  -8.600000 63.263008 
-8.500000 70.558368  -8.500000 65.862895  -8.500000 65.139117  -8.500000 61.953178 
-8.400000 69.595088  -8.400000 68.186074  -8.400000 66.450870  -8.400000 59.489558 
-8.300000 69.997132  -8.300000 67.599564  -8.300000 62.240495  -8.300000 60.499208 
-8.200000 70.275728  -8.200000 67.396909  -8.200000 63.754421  -8.200000 58.660637 
-8.100000 68.723677  -8.100000 65.757205  -8.100000 62.922266  -8.100000 58.566948 
-8.000000 69.490318  -8.000000 67.881230  -8.000000 65.078206  -8.000000 54.968381 
-7.900000 71.283805  -7.900000 67.018568  -7.900000 63.122811  -7.900000 58.112564 
-7.800000 69.087574  -7.800000 67.950234  -7.800000 63.604411  -7.800000 58.093072 
-7.700000 70.989211  -7.700000 66.598872  -7.700000 61.609014  -7.700000 54.720740 
-7.600000 70.304599  -7.600000 66.201065  -7.600000 63.300132  -7.600000 57.331694 
-7.500000 70.362058  -7.500000 67.459804  -7.500000 60.075779  -7.500000 51.770609 
-7.400000 71.807670  -7.400000 67.413562  -7.400000 59.703177  -7.400000 53.734706 
-7.300000 68.361125  -7.300000 68.075018  -7.300000 57.360629  -7.300000 48.933466 
-7.200000 70.332424  -7.200000 66.863925  -7.200000 62.899584  -7.200000 49.752223 
-7.100000 68.607712  -7.100000 65.836001  -7.100000 63.826326  -7.100000 46.431335 
-7.000000 71.199552  -7.000000 65.473651  -7.000000 59.984122  -7.000000 44.353780 
-6.900000 70.029483  -6.900000 62.524458  -6.900000 55.675904  -6.900000 45.778394 
-6.800000 71.256306  -6.800000 65.604210  -6.800000 43.422751  -6.800000 41.781565 
-6.700000 71.280706  -6.700000 65.412337  -6.700000 51.537105  -6.700000 43.659610 
-6.600000 70.800641  -6.600000 64.307001  -6.600000 44.749193  -6.600000 41.754184 
-6.500000 69.334657  -6.500000 66.796394  -6.500000 58.317363  -6.500000 39.153215 
-6.400000 69.526786  -6.400000 62.582286  -6.400000 48.902600  -6.400000 37.083940 
-6.300000 68.838892  -6.300000 64.993910  -6.300000 38.193599  -6.300000 37.357003 
-6.200000 69.223838  -6.200000 63.846631  -6.200000 40.809566  -6.200000 35.524090 
-6.100000 68.627454  -6.100000 58.146873  -6.100000 40.703797  -6.100000 34.894766 
-6.000000 69.003822  -6.000000 52.357588  -6.000000 38.235008  -6.000000 34.692099 
-5.900000 67.805397  -5.900000 60.614899  -5.900000 38.722232  -5.900000 33.663200 
-5.800000 69.531032  -5.800000 45.368476  -5.800000 42.277987  -5.800000 32.416256 
-5.700000 66.002165  -5.700000 36.874816  -5.700000 35.581054  -5.700000 31.557188 
-5.600000 49.789447  -5.600000 34.225383  -5.600000 31.653191  -5.600000 32.359289 
-5.500000 68.733878  -5.500000 32.857990  -5.500000 37.294715  -5.500000 31.460451 
-5.400000 69.747215  -5.400000 37.217854  -5.400000 31.996831  -5.400000 30.441975 
-5.300000 37.325548  -5.300000 32.264521  -5.300000 31.442011  -5.300000 30.084407 
-5.200000 34.093415  -5.200000 33.513861  -5.200000 32.596699  -5.200000 29.717182 
-5.100000 69.732026  -5.100000 29.763778  -5.100000 30.045070  -5.100000 28.795922 
-5.000000 42.260050  -5.000000 30.401219  -5.000000 30.380126  -5.000000 27.589966 
-4.900000 36.844047  -4.900000 30.207066  -4.900000 27.991840  -4.900000 28.143555 
-4.800000 31.054592  -4.800000 34.834888  -4.800000 28.323397  -4.800000 28.020073 
-4.700000 63.817467  -4.700000 33.330506  -4.700000 28.561784  -4.700000 26.919690 
-4.600000 35.453724  -4.600000 30.524901  -4.600000 27.526350  -4.600000 26.665091 
-4.500000 58.242789  -4.500000 28.100210  -4.500000 27.711790  -4.500000 25.776716 
-4.400000 42.958818  -4.400000 28.233864  -4.400000 27.165975  -4.400000 25.488245 
-4.300000 36.883832  -4.300000 26.818912  -4.300000 26.399338  -4.300000 25.008395 
-4.200000 38.617365  -4.200000 28.442229  -4.200000 25.579772  -4.200000 24.860674 
-4.100000 27.731299  -4.100000 24.120157  -4.100000 24.775997  -4.100000 24.815744 
-4.000000 23.381928  -4.000000 26.594591  -4.000000 25.168483  -4.000000 23.682070 
-3.900000 28.192818  -3.900000 28.028703  -3.900000 25.262444  -3.900000 23.080474 
-3.800000 29.678537  -3.800000 28.795379  -3.800000 23.960973  -3.800000 23.019645 
-3.700000 24.884778  -3.700000 23.942312  -3.700000 23.822697  -3.700000 22.328831 
-3.600000 27.374977  -3.600000 22.637605  -3.600000 23.179706  -3.600000 22.191181 
-3.500000 29.156403  -3.500000 22.729818  -3.500000 22.720022  -3.500000 21.851926 
-3.400000 27.672157  -3.400000 24.097913  -3.400000 22.887844  -3.400000 21.538680 
-3.300000 19.320864  -3.300000 22.068678  -3.300000 22.049998  -3.300000 21.249728 
-3.200000 25.532463  -3.200000 25.404673  -3.200000 21.445747  -3.200000 20.935830 
-3.100000 25.653621  -3.100000 21.831796  -3.100000 21.179760  -3.100000 20.570550 
-3.000000 21.359280  -3.000000 20.329731  -3.000000 20.433485  -3.000000 20.327492 
-2.900000 32.764428  -2.900000 23.631348  -2.900000 20.734889  -2.900000 19.627310 
-2.800000 21.401147  -2.800000 22.070316  -2.800000 20.161168  -2.800000 19.409720 
-2.700000 21.092086  -2.700000 20.094341  -2.700000 19.566094  -2.700000 18.842537 
-2.600000 19.245586  -2.600000 18.437363  -2.600000 18.797250  -2.600000 18.717848 
-2.500000 21.167839  -2.500000 18.926643  -2.500000 18.136072  -2.500000 18.339665 
-2.400000 17.937480  -2.400000 18.484406  -2.400000 18.615179  -2.400000 17.963816 
-2.300000 20.139905  -2.300000 18.676522  -2.300000 18.759504  -2.300000 18.004451 
-2.200000 16.214134  -2.200000 19.073752  -2.200000 17.805545  -2.200000 17.691940 
-2.100000 17.311137  -2.100000 17.609158  -2.100000 17.992717  -2.100000 17.506965 
-2.000000 20.924775  -2.000000 16.297645  -2.000000 17.395919  -2.000000 16.885153 
-1.900000 19.412140  -1.900000 16.727494  -1.900000 17.452604  -1.900000 16.777840 
-1.800000 20.558208  -1.800000 16.835879  -1.800000 16.904938  -1.800000 16.313135 
-1.700000 15.012087  -1.700000 16.380627  -1.700000 16.910041  -1.700000 16.365276 
-1.600000 17.366223  -1.600000 18.445232  -1.600000 16.799896  -1.600000 15.723146 
-1.500000 19.404468  -1.500000 15.230722  -1.500000 16.132210  -1.500000 15.555078 
-1.400000 19.692727  -1.400000 15.318997  -1.400000 15.697840  -1.400000 15.491231 
-1.300000 17.544216  -1.300000 16.142285  -1.300000 15.482005  -1.300000 15.223448 
-1.200000 13.776917  -1.200000 14.672241  -1.200000 15.597747  -1.200000 14.710774 
-1.100000 15.981370  -1.100000 15.489108  -1.100000 14.661523  -1.100000 14.690157 
-1.000000 15.137393  -1.000000 15.729470  -1.000000 14.796596  -1.000000 14.723793 
-0.900000 14.091925  -0.900000 14.240342  -0.900000 14.842550  -0.900000 14.186525 
-0.800000 16.531338  -0.800000 14.039042  -0.800000 14.689066  -0.800000 13.865118 
-0.700000 14.437732  -0.700000 14.983249  -0.700000 13.979546  -0.700000 13.365020 
-0.600000 15.415754  -0.600000 13.832039  -0.600000 13.570566  -0.600000 13.273753 
-0.500000 13.544525  -0.500000 14.547885  -0.500000 13.391462  -0.500000 12.964706 
-0.400000 12.301934  -0.400000 15.097559  -0.400000 13.244249  -0.400000 12.903239 
-0.300000 13.359294  -0.300000 12.583761  -0.300000 12.859492  -0.300000 12.351254 
-0.200000 12.855466  -0.200000 12.940913  -0.200000 13.229791  -0.200000 12.315378 
-0.100000 14.034429  -0.100000 12.812895  -0.100000 12.943533  -0.100000 12.001093 
