-40.000000 41.487930  -40.000000 41.393262  -40.000000 41.177021  -40.000000 41.363659 
-39.900000 42.197979  -39.900000 42.052448  -39.900000 42.231856  -39.900000 42.186022 
-39.800000 43.478937  -39.800000 42.805050  -39.800000 43.084053  -39.800000 42.956622 
-39.700000 41.538486  -39.700000 41.032005  -39.700000 41.062547  -39.700000 41.234339 
-39.600000 41.703911  -39.600000 41.788450  -39.600000 41.997731  -39.600000 41.988458 
-39.500000 41.969289  -39.500000 42.347879  -39.500000 42.498764  -39.500000 42.566734 
-39.400000 42.374571  -39.400000 42.733388  -39.400000 42.975622  -39.400000 42.904793 
-39.300000 43.169407  -39.300000 43.259582  -39.300000 43.362259  -39.300000 43.328129 
-39.200000 44.162924  -39.200000 43.880934  -39.200000 43.734706  -39.200000 43.535075 
-39.100000 41.158814  -39.100000 41.439165  -39.100000 41.279617  -39.100000 41.419171 
-39.000000 42.586160  -39.000000 41.304226  -39.000000 41.464827  -39.000000 41.697098 
-38.900000 41.980051  -38.900000 41.991048  -38.900000 41.611199  -38.900000 41.689477 
-38.800000 43.706047  -38.800000 43.741959  -38.800000 43.880141  -38.800000 44.038826 
-38.700000 43.444700  -38.700000 43.965652  -38.700000 44.079701  -38.700000 44.111456 
-38.600000 44.062015  -38.600000 43.724809  -38.600000 43.737459  -38.600000 43.988619 
-38.500000 44.184998  -38.500000 43.555991  -38.500000 43.562997  -38.500000 43.677978 
-38.400000 43.806142  -38.400000 43.175326  -38.400000 43.136457  -38.400000 43.297733 
-38.300000 43.950683  -38.300000 42.517576  -38.300000 42.780885  -38.300000 42.787879 
-38.200000 44.924639  -38.200000 44.503434  -38.200000 44.359646  -38.200000 44.620602 
-38.100000 44.551571  -38.100000 43.957544  -38.100000 43.815906  -38.100000 44.132273 
-38.000000 43.670873  -38.000000 43.544955  -38.000000 43.397512  -38.000000 43.402625 
-37.900000 44.748045  -37.900000 44.892924  -37.900000 44.874776  -37.900000 44.907414 
-37.800000 43.869863  -37.800000 43.828720  -37.800000 44.012540  -37.800000 44.134056 
-37.700000 42.524155  -37.700000 42.966316  -37.700000 42.843453  -37.700000 42.967083 
-37.600000 44.655632  -37.600000 44.214716  -37.600000 44.422940  -37.600000 44.405713 
-37.500000 43.067326  -37.500000 43.024759  -37.500000 43.172907  -37.500000 43.122846 
-37.400000 44.026163  -37.400000 44.287211  -37.400000 44.280905  -37.400000 44.295542 
-37.300000 45.355589  -37.300000 44.967125  -37.300000 45.139456  -37.300000 45.267635 
-37.200000 44.306670  -37.200000 43.746602  -37.200000 43.656223  -37.200000 43.761494 
-37.100000 45.644143  -37.100000 44.490878  -37.100000 44.659028  -37.100000 44.711531 
-37.000000 45.031445  -37.000000 45.185612  -37.000000 45.199331  -37.000000 45.448709 
-36.900000 45.861918  -36.900000 45.811675  -36.900000 45.910521  -36.900000 45.898411 
-36.800000 43.861429  -36.800000 43.689797  -36.800000 44.001196  -36.800000 43.999979 
-36.700000 44.283297  -36.700000 43.966355  -36.700000 44.349700  -36.700000 44.389729 
-36.600000 44.506468  -36.600000 44.502757  -36.600000 44.632091  -36.600000 44.733193 
-36.500000 44.565805  -36.500000 44.992113  -36.500000 44.814525  -36.500000 44.878107 
-36.400000 44.991963  -36.400000 44.922603  -36.400000 44.976407  -36.400000 44.920217 
-36.300000 45.210446  -36.300000 45.040772  -36.300000 44.798537  -36.300000 44.795466 
-36.200000 44.494225  -36.200000 44.728090  -36.200000 44.877669  -36.200000 44.667976 
-36.100000 46.224240  -36.100000 46.911476  -36.100000 46.770701  -36.100000 46.780150 
-36.000000 46.050368  -36.000000 46.745374  -36.000000 46.456113  -36.000000 46.463002 
-35.900000 45.337574  -35.900000 45.692118  -35.900000 45.883031  -35.900000 46.016875 
-35.800000 44.535432  -35.800000 45.565414  -35.800000 45.303825  -35.800000 45.350220 
-35.700000 47.166356  -35.700000 47.342659  -35.700000 46.821751  -35.700000 47.102717 
-35.600000 46.188524  -35.600000 46.062885  -35.600000 46.202714  -35.600000 46.205411 
-35.500000 45.556922  -35.500000 44.822087  -35.500000 45.145548  -35.500000 45.065277 
-35.400000 46.797572  -35.400000 46.605654  -35.400000 46.510038  -35.400000 46.422754 
-35.300000 47.907296  -35.300000 47.506572  -35.300000 47.609177  -35.300000 47.579239 
-35.200000 45.995643  -35.200000 46.181105  -35.200000 46.196783  -35.200000 46.163484 
-35.100000 47.217732  -35.100000 47.028211  -35.100000 47.216285  -35.100000 47.217861 
-35.000000 47.759862  -35.000000 47.791767  -35.000000 47.857156  -35.000000 47.810085 
-34.900000 45.671301  -34.900000 45.949908  -34.900000 46.040013  -34.900000 46.176942 
-34.800000 46.625464  -34.800000 46.804410  -34.800000 46.593908  -34.800000 46.694051 
-34.700000 47.449903  -34.700000 46.841359  -34.700000 47.142921  -34.700000 47.105319 
-34.600000 47.648664  -34.600000 47.110923  -34.600000 47.185211  -34.600000 47.391446 
-34.500000 46.830082  -34.500000 47.343331  -34.500000 47.300405  -34.500000 47.514522 
-34.400000 47.938839  -34.400000 47.331159  -34.400000 47.479148  -34.400000 47.535240 
-34.300000 48.287646  -34.300000 47.332454  -34.300000 47.225266  -34.300000 47.189761 
-34.200000 47.117545  -34.200000 47.037994  -34.200000 46.808080  -34.200000 47.002470 
-34.100000 48.896572  -34.100000 48.385245  -34.100000 48.794498  -34.100000 48.768753 
-34.000000 49.271272  -34.000000 47.885623  -34.000000 48.239446  -34.000000 48.274027 
-33.900000 47.879983  -33.900000 47.480120  -33.900000 47.669965  -33.900000 47.596747 
-33.800000 48.902988  -33.800000 48.553053  -33.800000 48.911253  -33.800000 49.111738 
-33.700000 48.145855  -33.700000 47.823259  -33.700000 47.968324  -33.700000 48.009960 
-33.600000 48.972150  -33.600000 48.666970  -33.600000 49.009546  -33.600000 49.225191 
-33.500000 47.545447  -33.500000 47.642253  -33.500000 47.868289  -33.500000 47.897772 
-33.400000 49.259667  -33.400000 48.684984  -33.400000 48.795576  -33.400000 48.625693 
-33.300000 50.400803  -33.300000 49.276403  -33.300000 49.405473  -33.300000 49.388209 
-33.200000 47.818106  -33.200000 47.502900  -33.200000 47.484575  -33.200000 47.586133 
-33.100000 48.139827  -33.100000 47.647282  -33.100000 47.823150  -33.100000 48.031553 
-33.000000 48.829307  -33.000000 48.321683  -33.000000 48.271034  -33.000000 48.267178 
-32.900000 48.305019  -32.900000 48.648167  -32.900000 48.388364  -32.900000 48.324899 
-32.800000 48.235927  -32.800000 48.178348  -32.800000 48.349415  -32.800000 48.339660 
-32.700000 47.879734  -32.700000 48.049944  -32.700000 47.965291  -32.700000 47.931920 
-32.600000 50.642287  -32.600000 50.012760  -32.600000 49.891821  -32.600000 49.977441 
-32.500000 49.681880  -32.500000 49.364055  -32.500000 49.573147  -32.500000 49.487603 
-32.400000 48.630615  -32.400000 48.265092  -32.400000 48.667507  -32.400000 48.664788 
-32.300000 49.917736  -32.300000 49.810165  -32.300000 49.890256  -32.300000 50.114953 
-32.200000 49.502804  -32.200000 48.982468  -32.200000 48.944091  -32.200000 48.980844 
-32.100000 50.187500  -32.100000 49.706821  -32.100000 50.084292  -32.100000 50.157853 
-32.000000 48.070162  -32.000000 48.511689  -32.000000 48.591466  -32.000000 48.413601 
-31.900000 48.848705  -31.900000 49.388066  -31.900000 49.393707  -31.900000 49.280889 
-31.800000 49.285173  -31.800000 50.248348  -31.800000 49.847496  -31.800000 49.844006 
-31.700000 50.634007  -31.700000 50.140635  -31.700000 50.103111  -31.700000 50.158725 
-31.600000 50.434592  -31.600000 50.329288  -31.600000 50.311460  -31.600000 50.343830 
-31.500000 51.129574  -31.500000 49.976571  -31.500000 50.282624  -31.500000 50.353283 
-31.400000 50.427127  -31.400000 49.976547  -31.400000 49.866424  -31.400000 50.113132 
-31.300000 49.458713  -31.300000 49.821789  -31.300000 49.677268  -31.300000 49.575948 
-31.200000 51.565341  -31.200000 51.646747  -31.200000 51.300587  -31.200000 51.396219 
-31.100000 50.206560  -31.100000 50.938381  -31.100000 50.733473  -31.100000 50.598705 
-31.000000 52.082417  -31.000000 51.223285  -31.000000 51.851630  -31.000000 51.849007 
-30.900000 50.512687  -30.900000 50.777094  -30.900000 50.865827  -30.900000 50.741991 
-30.800000 51.636560  -30.800000 51.589351  -30.800000 51.512993  -30.800000 51.659638 
-30.700000 49.516690  -30.700000 50.121190  -30.700000 49.729489  -30.700000 49.865316 
-30.600000 50.275987  -30.600000 50.825759  -30.600000 50.316197  -30.600000 50.375112 
-30.500000 51.184511  -30.500000 50.739506  -30.500000 50.770562  -30.500000 50.767447 
-30.400000 50.349905  -30.400000 50.522499  -30.400000 50.835473  -30.400000 50.814713 
-30.300000 51.387469  -30.300000 50.708438  -30.300000 50.635355  -30.300000 50.625406 
-30.200000 52.778549  -30.200000 52.676997  -30.200000 52.497244  -30.200000 52.711919 
-30.100000 52.398247  -30.100000 51.894072  -30.100000 52.065122  -30.100000 52.143516 
-30.000000 51.713785  -30.000000 50.968115  -30.000000 51.211303  -30.000000 51.322815 
-29.900000 52.641645  -29.900000 52.669951  -29.900000 52.606303  -29.900000 52.672893 
-29.800000 51.786204  -29.800000 51.057632  -29.800000 51.552613  -29.800000 51.409789 
-29.700000 52.414199  -29.700000 51.872196  -29.700000 52.329853  -29.700000 52.217663 
-29.600000 53.530354  -29.600000 53.237555  -29.600000 52.800523  -29.600000 52.843714 
-29.500000 53.592729  -29.500000 53.048773  -29.500000 53.144458  -29.500000 53.142556 
-29.400000 53.369517  -29.400000 53.208471  -29.400000 53.278855  -29.400000 53.404639 
-29.300000 53.622053  -29.300000 53.316499  -29.300000 53.093643  -29.300000 53.234658 
-29.200000 53.406436  -29.200000 53.116337  -29.200000 52.816313  -29.200000 52.899556 
-29.100000 52.712581  -29.100000 52.703659  -29.100000 52.264084  -29.100000 52.216512 
-29.000000 54.075852  -29.000000 53.380892  -29.000000 53.733150  -29.000000 53.681646 
-28.900000 52.930698  -28.900000 52.568066  -28.900000 52.738373  -28.900000 52.592567 
-28.800000 53.737837  -28.800000 53.229829  -28.800000 53.493374  -28.800000 53.486157 
-28.700000 52.191399  -28.700000 51.737386  -28.700000 51.624503  -28.700000 51.788794 
-28.600000 52.524434  -28.600000 52.160528  -28.600000 52.230641  -28.600000 52.236959 
-28.500000 52.328194  -28.500000 52.729314  -28.500000 52.438928  -28.500000 52.442889 
-28.400000 51.583494  -28.400000 52.159999  -28.400000 52.279800  -28.400000 52.350013 
-28.300000 54.912284  -28.300000 54.350640  -28.300000 54.247244  -28.300000 54.464845 
-28.200000 53.892561  -28.200000 53.501268  -28.200000 53.879016  -28.200000 53.816502 
-28.100000 52.709086  -28.100000 52.517628  -28.100000 52.772085  -28.100000 52.707092 
-28.000000 54.636426  -28.000000 54.115435  -28.000000 54.090756  -28.000000 53.996854 
-27.900000 55.107876  -27.900000 54.460975  -27.900000 54.825312  -27.900000 54.806137 
-27.800000 53.221509  -27.800000 52.507324  -27.800000 52.756795  -27.800000 52.953542 
-27.700000 54.354980  -27.700000 53.154940  -27.700000 53.068629  -27.700000 53.322494 
-27.600000 53.421488  -27.600000 53.343120  -27.600000 52.942621  -27.600000 53.186863 
-27.500000 56.323075  -27.500000 55.232781  -27.500000 55.248105  -27.500000 55.215940 
-27.400000 54.902274  -27.400000 54.659817  -27.400000 54.710490  -27.400000 54.726770 
-27.300000 54.323158  -27.300000 53.587078  -27.300000 53.637435  -27.300000 53.566184 
-27.200000 55.104521  -27.200000 55.013322  -27.200000 54.737170  -27.200000 54.809300 
-27.100000 56.278672  -27.100000 55.569189  -27.100000 55.341718  -27.100000 55.595415 
-27.000000 54.070839  -27.000000 53.685242  -27.000000 53.680096  -27.000000 53.581153 
-26.900000 54.223726  -26.900000 54.017149  -26.900000 53.773747  -26.900000 53.684780 
-26.800000 56.485352  -26.800000 55.913162  -26.800000 55.827092  -26.800000 56.038310 
-26.700000 55.106317  -26.700000 55.410152  -26.700000 55.410718  -26.700000 55.541366 
-26.600000 54.579431  -26.600000 54.294993  -26.600000 54.610797  -26.600000 54.521620 
-26.500000 55.756022  -26.500000 55.760923  -26.500000 55.587959  -26.500000 55.701188 
-26.400000 54.302542  -26.400000 54.262137  -26.400000 53.957675  -26.400000 54.148512 
-26.300000 55.389259  -26.300000 54.831571  -26.300000 54.578258  -26.300000 54.597902 
-26.200000 55.185028  -26.200000 54.798471  -26.200000 54.770869  -26.200000 54.722088 
-26.100000 54.572349  -26.100000 54.597892  -26.100000 54.399184  -26.100000 54.584336 
-26.000000 56.452628  -26.000000 56.560930  -26.000000 56.178391  -26.000000 56.375051 
-25.900000 55.915672  -25.900000 55.449144  -25.900000 55.461503  -25.900000 55.350028 
-25.800000 56.082067  -25.800000 56.220095  -25.800000 56.462509  -25.800000 56.571222 
-25.700000 56.571347  -25.700000 57.142443  -25.700000 56.998662  -25.700000 57.073349 
-25.600000 55.970439  -25.600000 54.760879  -25.600000 54.765404  -25.600000 54.939451 
-25.500000 57.805424  -25.500000 57.367898  -25.500000 57.162526  -25.500000 57.288829 
-25.400000 57.392325  -25.400000 56.649728  -25.400000 56.863243  -25.400000 56.943214 
-25.300000 56.036868  -25.300000 55.429531  -25.300000 56.033625  -25.300000 55.895751 
-25.200000 57.035105  -25.200000 56.979958  -25.200000 57.130377  -25.200000 57.146611 
-25.100000 57.536130  -25.100000 57.421520  -25.100000 57.602704  -25.100000 57.628610 
-25.000000 56.006206  -25.000000 55.281059  -25.000000 55.474421  -25.000000 55.557466 
-24.900000 58.138287  -24.900000 57.706386  -24.900000 57.891275  -24.900000 57.988732 
-24.800000 57.438538  -24.800000 57.647945  -24.800000 57.368051  -24.800000 57.458908 
-24.700000 56.623574  -24.700000 56.449632  -24.700000 56.644467  -24.700000 56.454262 
-24.600000 58.408479  -24.600000 57.230023  -24.600000 57.547373  -24.600000 57.577051 
-24.500000 58.759567  -24.500000 58.379577  -24.500000 58.030767  -24.500000 58.053538 
-24.400000 58.128982  -24.400000 57.874918  -24.400000 58.081892  -24.400000 58.200458 
-24.300000 58.129675  -24.300000 58.087024  -24.300000 57.864144  -24.300000 57.975122 
-24.200000 57.172783  -24.200000 57.083058  -24.200000 56.923293  -24.200000 57.096237 
-24.100000 59.024424  -24.100000 57.940761  -24.100000 58.185842  -24.100000 58.337084 
-24.000000 56.964789  -24.000000 56.348409  -24.000000 56.549780  -24.000000 56.534250 
-23.900000 56.968993  -23.900000 56.584072  -23.900000 56.963699  -23.900000 56.901432 
-23.800000 57.526811  -23.800000 56.549852  -23.800000 56.584480  -23.800000 56.617055 
-23.700000 58.565245  -23.700000 58.872477  -23.700000 58.585988  -23.700000 58.531289 
-23.600000 56.949526  -23.600000 57.293465  -23.600000 57.227393  -23.600000 57.243407 
-23.500000 58.068783  -23.500000 58.267887  -23.500000 58.013460  -23.500000 58.091050 
-23.400000 58.317296  -23.400000 58.556725  -23.400000 58.436163  -23.400000 58.414402 
-23.300000 58.916973  -23.300000 57.906522  -23.300000 58.334411  -23.300000 58.179510 
-23.200000 58.113912  -23.200000 57.211648  -23.200000 57.336184  -23.200000 57.285133 
-23.100000 58.822531  -23.100000 58.319820  -23.100000 58.616283  -23.100000 58.560521 
-23.000000 59.562257  -23.000000 59.208616  -23.000000 59.064461  -23.000000 59.110844 
-22.900000 59.828938  -22.900000 58.986402  -22.900000 59.269764  -22.900000 59.351836 
-22.800000 58.603984  -22.800000 58.976424  -22.800000 58.778212  -22.800000 58.987950 
-22.700000 57.299217  -22.700000 58.070110  -22.700000 57.851317  -22.700000 57.776535 
-22.600000 58.733610  -22.600000 58.763465  -22.600000 58.591627  -22.600000 58.953652 
-22.500000 59.610277  -22.500000 59.426243  -22.500000 59.079033  -22.500000 59.276100 
-22.400000 59.143179  -22.400000 59.208644  -22.400000 58.899502  -22.400000 59.026596 
-22.300000 58.733560  -22.300000 58.421128  -22.300000 58.106671  -22.300000 58.213127 
-22.200000 59.661675  -22.200000 59.687615  -22.200000 59.459830  -22.200000 59.321885 
-22.100000 60.939664  -22.100000 60.128058  -22.100000 59.995833  -22.100000 59.926286 
-22.000000 59.796396  -22.000000 59.747969  -22.000000 59.824404  -22.000000 59.774165 
-21.900000 58.941902  -21.900000 59.206596  -21.900000 59.138989  -21.900000 59.184820 
-21.800000 61.048828  -21.800000 60.613266  -21.800000 60.359670  -21.800000 60.365572 
-21.700000 61.333099  -21.700000 60.435822  -21.700000 60.854578  -21.700000 60.860379 
-21.600000 61.405503  -21.600000 60.710545  -21.600000 60.784585  -21.600000 60.877945 
-21.500000 61.435581  -21.500000 60.464795  -21.500000 60.320156  -21.500000 60.263748 
-21.400000 61.054463  -21.400000 61.069050  -21.400000 61.238398  -21.400000 61.272903 
-21.300000 59.374436  -21.300000 59.262751  -21.300000 59.187736  -21.300000 59.250973 
-21.200000 61.417437  -21.200000 61.736981  -21.200000 61.528302  -21.200000 61.538508 
-21.100000 60.309993  -21.100000 60.829023  -21.100000 60.780394  -21.100000 60.830000 
-21.000000 61.706095  -21.000000 62.096602  -21.000000 61.827075  -21.000000 61.746234 
-20.900000 59.594123  -20.900000 59.765997  -20.900000 59.766200  -20.900000 59.659252 
-20.800000 61.948483  -20.800000 61.310044  -20.800000 61.751319  -20.800000 61.727388 
-20.700000 61.193322  -20.700000 60.755788  -20.700000 60.744257  -20.700000 60.717669 
-20.600000 61.343524  -20.600000 61.711258  -20.600000 61.581676  -20.600000 61.390122 
-20.500000 61.208240  -20.500000 61.948929  -20.500000 61.361785  -20.500000 61.552816 
-20.400000 60.445202  -20.400000 60.490076  -20.400000 60.660204  -20.400000 60.777331 
-20.300000 61.907667  -20.300000 61.782991  -20.300000 61.644539  -20.300000 61.784207 
-20.200000 62.047660  -20.200000 61.752526  -20.200000 61.952361  -20.200000 62.067848 
-20.100000 61.487514  -20.100000 61.513814  -20.100000 61.516216  -20.100000 61.650481 
-20.000000 60.466513  -20.000000 60.564265  -20.000000 60.505072  -20.000000 60.380502 
-19.900000 61.298081  -19.900000 61.325240  -19.900000 60.891317  -19.900000 60.792025 
-19.800000 60.802711  -19.800000 60.524685  -19.800000 60.615267  -19.800000 60.588358 
-19.700000 63.813668  -19.700000 62.405896  -19.700000 62.077573  -19.700000 62.123311 
-19.600000 63.246521  -19.600000 62.945840  -19.600000 62.663506  -19.600000 62.777540 
-19.500000 62.835126  -19.500000 62.965458  -19.500000 62.705750  -19.500000 62.648631 
-19.400000 62.218903  -19.400000 61.972640  -19.400000 61.693044  -19.400000 61.641930 
-19.300000 63.002911  -19.300000 62.209232  -19.300000 62.350032  -19.300000 62.561467 
-19.200000 62.574919  -19.200000 62.653941  -19.200000 62.432929  -19.200000 62.320170 
-19.100000 61.388940  -19.100000 61.248507  -19.100000 61.434073  -19.100000 61.352582 
-19.000000 62.388577  -19.000000 62.306259  -19.000000 62.041707  -19.000000 62.095134 
-18.900000 62.612904  -18.900000 61.837794  -18.900000 61.983318  -18.900000 61.931783 
-18.800000 63.066321  -18.800000 63.663573  -18.800000 63.521007  -18.800000 63.404430 
-18.700000 64.022241  -18.700000 63.797568  -18.700000 64.058778  -18.700000 63.968749 
-18.600000 63.966058  -18.600000 63.251165  -18.600000 63.678894  -18.600000 63.703567 
-18.500000 63.147166  -18.500000 62.723448  -18.500000 62.632379  -18.500000 62.420487 
-18.400000 62.821724  -18.400000 62.710635  -18.400000 62.770088  -18.400000 62.861318 
-18.300000 62.038454  -18.300000 62.291966  -18.300000 62.248729  -18.300000 62.266105 
-18.200000 63.772167  -18.200000 63.579048  -18.200000 63.343649  -18.200000 63.269057 
-18.100000 63.798613  -18.100000 63.741022  -18.100000 63.648797  -18.100000 63.407850 
-18.000000 62.476684  -18.000000 63.096358  -18.000000 62.470423  -18.000000 62.531547 
-17.900000 62.777572  -17.900000 63.083699  -17.900000 63.028319  -17.900000 63.160292 
-17.800000 63.251142  -17.800000 62.703250  -17.800000 62.861815  -17.800000 62.830745 
-17.700000 65.338808  -17.700000 64.415961  -17.700000 64.252393  -17.700000 64.051744 
-17.600000 65.063048  -17.600000 64.235560  -17.600000 64.077323  -17.600000 64.261440 
-17.500000 63.843181  -17.500000 63.524304  -17.500000 63.287718  -17.500000 63.416159 
-17.400000 64.878897  -17.400000 64.334198  -17.400000 63.973609  -17.400000 64.081900 
-17.300000 64.540792  -17.300000 63.538162  -17.300000 63.654446  -17.300000 63.622875 
-17.200000 66.075243  -17.200000 64.658689  -17.200000 65.002751  -17.200000 64.804791 
-17.100000 65.810313  -17.100000 64.998994  -17.100000 64.905942  -17.100000 64.738428 
-17.000000 64.094862  -17.000000 63.549879  -17.000000 63.653225  -17.000000 63.647163 
-16.900000 64.492135  -16.900000 63.954643  -16.900000 64.088098  -16.900000 64.074741 
-16.800000 65.575838  -16.800000 65.372491  -16.800000 65.949672  -16.800000 65.772433 
-16.700000 64.207440  -16.700000 64.055490  -16.700000 63.902089  -16.700000 63.951962 
-16.600000 66.167342  -16.600000 65.876647  -16.600000 65.812233  -16.600000 65.901834 
-16.500000 64.260037  -16.500000 64.720596  -16.500000 64.432738  -16.500000 64.341447 
-16.400000 64.164432  -16.400000 64.463546  -16.400000 63.983658  -16.400000 64.061629 
-16.300000 65.556887  -16.300000 65.235220  -16.300000 65.334445  -16.300000 65.192571 
-16.200000 65.617450  -16.200000 65.184271  -16.200000 65.226340  -16.200000 65.012889 
-16.100000 66.310262  -16.100000 66.215414  -16.100000 66.404441  -16.100000 66.291517 
-16.000000 66.028555  -16.000000 66.400478  -16.000000 66.249116  -16.000000 66.359360 
-15.900000 65.544191  -15.900000 65.570889  -15.900000 65.113904  -15.900000 65.074692 
-15.800000 64.940555  -15.800000 65.349130  -15.800000 65.222162  -15.800000 65.098666 
-15.700000 66.463722  -15.700000 66.905760  -15.700000 66.488069  -15.700000 66.523963 
-15.600000 66.686561  -15.600000 66.252434  -15.600000 66.598279  -15.600000 66.558507 
-15.500000 66.095006  -15.500000 65.749860  -15.500000 65.379491  -15.500000 65.291751 
-15.400000 65.291186  -15.400000 65.327259  -15.400000 65.399551  -15.400000 65.281529 
-15.300000 66.527325  -15.300000 66.576044  -15.300000 66.463576  -15.300000 66.446467 
-15.200000 66.225090  -15.200000 66.203332  -15.200000 66.435505  -15.200000 66.429036 
-15.100000 67.980004  -15.100000 67.735261  -15.100000 67.242475  -15.100000 67.414242 
-15.000000 67.109676  -15.000000 67.138677  -15.000000 67.262766  -15.000000 67.041022 
-14.900000 65.371411  -14.900000 65.321385  -14.900000 65.414751  -14.900000 65.292639 
-14.800000 67.514420  -14.800000 67.407207  -14.800000 67.382639  -14.800000 67.293638 
-14.700000 68.166131  -14.700000 67.782595  -14.700000 67.763423  -14.700000 67.815249 
-14.600000 67.112553  -14.600000 67.102609  -14.600000 66.990201  -14.600000 67.014883 
-14.500000 67.379591  -14.500000 67.195777  -14.500000 67.158382  -14.500000 67.312356 
-14.400000 66.392288  -14.400000 66.151884  -14.400000 65.944973  -14.400000 65.868836 
-14.300000 68.345239  -14.300000 68.237139  -14.300000 68.262100  -14.300000 68.167173 
-14.200000 66.999745  -14.200000 66.582000  -14.200000 66.663738  -14.200000 66.481095 
-14.100000 69.352887  -14.100000 68.378243  -14.100000 68.224410  -14.100000 68.336331 
-14.000000 66.942343  -14.000000 66.350639  -14.000000 66.229640  -14.000000 66.082127 
-13.900000 67.386776  -13.900000 67.067470  -13.900000 67.422548  -13.900000 67.408200 
-13.800000 67.599881  -13.800000 67.136270  -13.800000 67.239294  -13.800000 67.112063 
-13.700000 67.999531  -13.700000 67.832080  -13.700000 68.078883  -13.700000 67.795057 
-13.600000 66.705921  -13.600000 67.352832  -13.600000 66.841693  -13.600000 66.731199 
-13.500000 67.161762  -13.500000 66.889094  -13.500000 66.842079  -13.500000 66.639011 
-13.400000 68.068719  -13.400000 67.656699  -13.400000 67.820819  -13.400000 67.568796 
-13.300000 66.692040  -13.300000 67.319719  -13.300000 66.801560  -13.300000 66.688153 
-13.200000 67.127953  -13.200000 67.039347  -13.200000 66.918677  -13.200000 66.751828 
-13.100000 67.779077  -13.100000 68.114995  -13.100000 67.676527  -13.100000 67.650999 
-13.000000 69.891884  -13.000000 69.836137  -13.000000 69.378920  -13.000000 69.307143 
-12.900000 69.255932  -12.900000 69.361434  -12.900000 69.597829  -12.900000 69.334488 
-12.800000 68.010412  -12.800000 67.629531  -12.800000 67.562644  -12.800000 67.460031 
-12.700000 68.952368  -12.700000 69.025440  -12.700000 68.918082  -12.700000 68.907777 
-12.600000 69.402850  -12.600000 68.764824  -12.600000 68.716293  -12.600000 68.570148 
-12.500000 69.727757  -12.500000 69.160995  -12.500000 68.957550  -12.500000 69.013482 
-12.400000 71.019168  -12.400000 70.252045  -12.400000 70.124292  -12.400000 69.933633 
-12.300000 69.953497  -12.300000 69.110523  -12.300000 69.262326  -12.300000 69.174957 
-12.200000 69.474267  -12.200000 69.874492  -12.200000 68.851268  -12.200000 69.008616 
-12.100000 69.991098  -12.100000 69.588688  -12.100000 69.654532  -12.100000 69.418525 
-12.000000 68.223261  -12.000000 68.482691  -12.000000 68.181991  -12.000000 67.879742 
-11.900000 70.331305  -11.900000 69.434004  -11.900000 69.838555  -11.900000 69.494712 
-11.800000 70.359718  -11.800000 69.818003  -11.800000 69.450594  -11.800000 69.288877 
-11.700000 69.879313  -11.700000 69.650385  -11.700000 69.673345  -11.700000 69.425183 
-11.600000 70.922337  -11.600000 70.336481  -11.600000 70.244046  -11.600000 70.094562 
-11.500000 69.236756  -11.500000 68.823386  -11.500000 68.978315  -11.500000 68.739831 
-11.400000 71.341802  -11.400000 71.038842  -11.400000 70.369037  -11.400000 70.578143 
-11.300000 70.540751  -11.300000 70.085301  -11.300000 70.241892  -11.300000 70.036148 
-11.200000 70.990700  -11.200000 70.035543  -11.200000 70.065134  -11.200000 69.910955 
-11.100000 71.650977  -11.100000 70.668587  -11.100000 70.431889  -11.100000 70.301700 
-11.000000 71.787887  -11.000000 71.373323  -11.000000 71.250446  -11.000000 71.087110 
-10.900000 70.218007  -10.900000 69.902046  -10.900000 69.585402  -10.900000 69.501361 
-10.800000 71.258228  -10.800000 71.383226  -10.800000 71.223573  -10.800000 70.977943 
-10.700000 70.973104  -10.700000 70.348047  -10.700000 70.206657  -10.700000 70.170219 
-10.600000 70.489229  -10.600000 69.716139  -10.600000 69.501572  -10.600000 69.370600 
-10.500000 72.602329  -10.500000 71.879233  -10.500000 71.874323  -10.500000 71.554454 
-10.400000 71.923083  -10.400000 71.824199  -10.400000 71.901579  -10.400000 71.514412 
-10.300000 72.259550  -10.300000 71.980818  -10.300000 71.713355  -10.300000 71.562743 
-10.200000 72.397109  -10.200000 72.316465  -10.200000 71.916608  -10.200000 71.743791 
-10.100000 72.844090  -10.100000 72.636673  -10.100000 72.016140  -10.100000 72.002138 
-10.000000 70.561869  -10.000000 70.435057  -10.000000 69.939616  -10.000000 69.936860 
-9.900000 71.248431  -9.900000 70.767155  -9.900000 70.726874  -9.900000 70.402729 
-9.800000 72.103059  -9.800000 71.620189  -9.800000 71.245592  -9.800000 70.953894 
-9.700000 71.998199  -9.700000 71.921506  -9.700000 71.603072  -9.700000 71.546443 
-9.600000 71.920102  -9.600000 72.006286  -9.600000 72.201493  -9.600000 72.088156 
-9.500000 73.404093  -9.500000 73.092772  -9.500000 72.750001  -9.500000 72.588893 
-9.400000 71.597134  -9.400000 70.582516  -9.400000 70.553309  -9.400000 70.314563 
-9.300000 71.006911  -9.300000 71.069234  -9.300000 70.737446  -9.300000 70.586987 
-9.200000 71.611494  -9.200000 71.272202  -9.200000 70.966866  -9.200000 70.795277 
-9.100000 71.789076  -9.100000 71.213381  -9.100000 71.091573  -9.100000 70.840975 
-9.000000 71.291871  -9.000000 71.310177  -9.000000 70.905704  -9.000000 70.680052 
-8.900000 74.711514  -8.900000 73.232150  -8.900000 73.117253  -8.900000 72.913194 
-8.800000 72.810987  -8.800000 72.661082  -8.800000 72.438305  -8.800000 72.213521 
-8.700000 71.721474  -8.700000 71.799928  -8.700000 71.513683  -8.700000 71.194575 
-8.600000 73.278838  -8.600000 72.945783  -8.600000 72.745012  -8.600000 72.458778 
-8.500000 73.657862  -8.500000 73.794233  -8.500000 73.637796  -8.500000 73.440240 
-8.400000 71.819644  -8.400000 71.819958  -8.400000 71.345055  -8.400000 71.337211 
-8.300000 72.464918  -8.300000 71.829700  -8.300000 71.726323  -8.300000 71.347391 
-8.200000 74.279613  -8.200000 73.794965  -8.200000 73.794344  -8.200000 73.653715 
-8.100000 73.456464  -8.100000 73.282946  -8.100000 72.984496  -8.100000 72.728759 
-8.000000 74.490121  -8.000000 74.034349  -8.000000 74.054880  -8.000000 73.925105 
-7.900000 73.555177  -7.900000 72.345032  -7.900000 71.943738  -7.900000 71.848509 
-7.800000 72.904311  -7.800000 72.378896  -7.800000 72.149447  -7.800000 71.800021 
-7.700000 74.656071  -7.700000 74.191743  -7.700000 73.977174  -7.700000 73.784793 
-7.600000 73.083720  -7.600000 73.087362  -7.600000 72.500358  -7.600000 72.342760 
-7.500000 73.243794  -7.500000 73.423289  -7.500000 73.150905  -7.500000 72.834637 
-7.400000 74.550811  -7.400000 73.005496  -7.400000 72.894736  -7.400000 72.562395 
-7.300000 75.298436  -7.300000 74.467847  -7.300000 74.264106  -7.300000 74.201814 
-7.200000 73.431261  -7.200000 72.531217  -7.200000 72.403044  -7.200000 72.037385 
-7.100000 75.859096  -7.100000 74.894597  -7.100000 74.934697  -7.100000 74.534299 
-7.000000 74.447723  -7.000000 73.990176  -7.000000 73.810948  -7.000000 73.365180 
-6.900000 74.234477  -6.900000 74.696722  -6.900000 74.103437  -6.900000 73.913826 
-6.800000 74.831007  -6.800000 73.845115  -6.800000 73.641797  -6.800000 73.358891 
-6.700000 75.625352  -6.700000 74.971044  -6.700000 74.802438  -6.700000 74.452145 
-6.600000 76.175829  -6.600000 75.269546  -6.600000 74.888433  -6.600000 74.445586 
-6.500000 73.570448  -6.500000 74.068949  -6.500000 73.491718  -6.500000 73.191955 
-6.400000 74.968683  -6.400000 73.927105  -6.400000 73.613371  -6.400000 73.378794 
-6.300000 76.914196  -6.300000 75.638473  -6.300000 75.372269  -6.300000 75.086479 
-6.200000 76.259627  -6.200000 75.641180  -6.200000 75.763149  -6.200000 75.406750 
-6.100000 76.534445  -6.100000 74.746332  -6.100000 74.575174  -6.100000 74.406971 
-6.000000 75.447912  -6.000000 75.037401  -6.000000 74.850681  -6.000000 74.682575 
-5.900000 74.578030  -5.900000 73.690199  -5.900000 73.756344  -5.900000 73.536821 
-5.800000 74.892199  -5.800000 73.837399  -5.800000 73.912738  -5.800000 73.531621 
-5.700000 75.527723  -5.700000 75.150539  -5.700000 75.013088  -5.700000 74.731263 
-5.600000 74.493615  -5.600000 74.935790  -5.600000 74.523835  -5.600000 74.266182 
-5.500000 76.267786  -5.500000 75.743398  -5.500000 75.259604  -5.500000 74.827542 
-5.400000 74.429474  -5.400000 74.227453  -5.400000 74.062339  -5.400000 73.732495 
-5.300000 74.714559  -5.300000 74.493157  -5.300000 74.029251  -5.300000 73.644716 
-5.200000 75.614906  -5.200000 75.178981  -5.200000 74.919212  -5.200000 74.502671 
-5.100000 77.199076  -5.100000 76.754503  -5.100000 76.237623  -5.100000 76.024500 
-5.000000 77.321480  -5.000000 76.271399  -5.000000 76.104686  -5.000000 75.727894 
-4.900000 76.917004  -4.900000 76.916937  -4.900000 76.448478  -4.900000 76.182408 
-4.800000 76.723623  -4.800000 75.177299  -4.800000 74.993141  -4.800000 74.461994 
-4.700000 77.595946  -4.700000 76.997077  -4.700000 76.618346  -4.700000 76.208633 
-4.600000 76.618784  -4.600000 76.628571  -4.600000 76.087918  -4.600000 75.904665 
-4.500000 76.825279  -4.500000 76.571480  -4.500000 76.463871  -4.500000 76.075703 
-4.400000 77.171076  -4.400000 77.347000  -4.400000 76.918805  -4.400000 76.552408 
-4.300000 75.934035  -4.300000 75.801494  -4.300000 75.242679  -4.300000 74.801887 
-4.200000 77.700825  -4.200000 77.256069  -4.200000 76.738550  -4.200000 76.106681 
-4.100000 76.810016  -4.100000 75.913806  -4.100000 75.534249  -4.100000 75.175523 
-4.000000 78.470578  -4.000000 78.011857  -4.000000 77.289279  -4.000000 76.992114 
-3.900000 77.555878  -3.900000 76.885453  -3.900000 76.654937  -3.900000 76.215683 
-3.800000 77.907425  -3.800000 76.529191  -3.800000 76.062887  -3.800000 75.762168 
-3.700000 76.504809  -3.700000 75.909907  -3.700000 75.541260  -3.700000 75.239825 
-3.600000 78.818926  -3.600000 78.281073  -3.600000 77.757787  -3.600000 77.352274 
-3.500000 78.531622  -3.500000 77.928830  -3.500000 77.067956  -3.500000 76.620612 
-3.400000 76.444175  -3.400000 76.582433  -3.400000 76.289500  -3.400000 75.921306 
-3.300000 79.292539  -3.300000 78.551671  -3.300000 78.131280  -3.300000 77.653112 
-3.200000 77.676553  -3.200000 77.830759  -3.200000 76.763428  -3.200000 76.339222 
-3.100000 79.216418  -3.100000 78.135450  -3.100000 78.095256  -3.100000 77.476380 
-3.000000 76.921941  -3.000000 76.482285  -3.000000 76.035169  -3.000000 75.566049 
-2.900000 77.461049  -2.900000 76.516289  -2.900000 76.353340  -2.900000 75.780418 
-2.800000 80.133463  -2.800000 79.335926  -2.800000 78.600323  -2.800000 78.190236 
-2.700000 78.702238  -2.700000 78.135140  -2.700000 77.594352  -2.700000 77.305597 
-2.600000 77.282191  -2.600000 76.704776  -2.600000 76.132395  -2.600000 75.692483 
-2.500000 77.822914  -2.500000 77.355777  -2.500000 76.746850  -2.500000 76.048228 
-2.400000 79.805794  -2.400000 79.162379  -2.400000 78.827196  -2.400000 78.341016 
-2.300000 78.965169  -2.300000 78.125014  -2.300000 77.445028  -2.300000 76.967557 
-2.200000 79.285008  -2.200000 78.172071  -2.200000 77.945645  -2.200000 77.457332 
-2.100000 78.498361  -2.100000 77.718874  -2.100000 77.299132  -2.100000 76.716343 
-2.000000 79.089687  -2.000000 78.633355  -2.000000 78.230086  -2.000000 77.731365 
-1.900000 79.007939  -1.900000 78.590921  -1.900000 77.853870  -1.900000 77.460626 
-1.800000 80.546028  -1.800000 79.743312  -1.800000 79.250273  -1.800000 78.634766 
-1.700000 80.074112  -1.700000 79.521037  -1.700000 79.120777  -1.700000 78.542356 
-1.600000 78.567155  -1.600000 78.402012  -1.600000 77.489380  -1.600000 77.052576 
-1.500000 78.261116  -1.500000 77.690587  -1.500000 77.180684  -1.500000 76.566396 
-1.400000 79.380007  -1.400000 78.576933  -1.400000 78.009624  -1.400000 77.342884 
-1.300000 80.820800  -1.300000 80.154758  -1.300000 79.679815  -1.300000 79.146427 
-1.200000 81.339769  -1.200000 80.254042  -1.200000 79.769289  -1.200000 79.315353 
-1.100000 79.080977  -1.100000 78.806966  -1.100000 78.100088  -1.100000 77.513590 
-1.000000 82.208265  -1.000000 80.298585  -1.000000 79.819786  -1.000000 79.294526 
-0.900000 80.958704  -0.900000 80.524554  -0.900000 79.705954  -0.900000 78.986393 
-0.800000 81.266986  -0.800000 80.241067  -0.800000 80.013130  -0.800000 79.398482 
-0.700000 78.874589  -0.700000 78.812679  -0.700000 78.188666  -0.700000 77.594977 
-0.600000 81.233295  -0.600000 79.874105  -0.600000 79.559683  -0.600000 78.982533 
-0.500000 80.088600  -0.500000 79.071347  -0.500000 78.434571  -0.500000 77.913692 
-0.400000 79.446563  -0.400000 78.571226  -0.400000 77.976200  -0.400000 77.299272 
-0.300000 81.478364  -0.300000 80.947660  -0.300000 80.173154  -0.300000 79.394547 
-0.200000 81.145376  -0.200000 80.439042  -0.200000 79.765580  -0.200000 79.038930 
-0.100000 80.827935  -0.100000 79.543408  -0.100000 79.216619  -0.100000 78.556864 
