-40.000000 41.311717  -40.000000 42.011047  -40.000000 41.762702  -40.000000 41.654555 
-39.900000 41.774760  -39.900000 42.200234  -39.900000 41.971433  -39.900000 41.695546 
-39.800000 42.024783  -39.800000 42.462811  -39.800000 42.030947  -39.800000 41.890772 
-39.700000 42.233904  -39.700000 42.458299  -39.700000 42.346970  -39.700000 42.076612 
-39.600000 41.955964  -39.600000 42.439353  -39.600000 42.224427  -39.600000 41.949342 
-39.500000 42.463486  -39.500000 42.705808  -39.500000 42.468357  -39.500000 42.145586 
-39.400000 41.982445  -39.400000 42.619085  -39.400000 42.453849  -39.400000 42.236571 
-39.300000 42.447842  -39.300000 42.866424  -39.300000 42.710949  -39.300000 42.684267 
-39.200000 43.080079  -39.200000 43.345943  -39.200000 42.944399  -39.200000 42.926011 
-39.100000 42.212384  -39.100000 42.538672  -39.100000 42.357578  -39.100000 42.371149 
-39.000000 42.319569  -39.000000 42.915404  -39.000000 42.644634  -39.000000 42.668749 
-38.900000 42.511893  -38.900000 43.120788  -38.900000 42.877145  -38.900000 42.832192 
-38.800000 43.186962  -38.800000 43.264955  -38.800000 43.160871  -38.800000 43.142704 
-38.700000 42.950356  -38.700000 43.491659  -38.700000 43.100067  -38.700000 43.271687 
-38.600000 43.536447  -38.600000 43.721362  -38.600000 43.296747  -38.600000 43.244430 
-38.500000 42.485918  -38.500000 43.572617  -38.500000 43.418877  -38.500000 43.200974 
-38.400000 43.441806  -38.400000 43.972820  -38.400000 43.599029  -38.400000 43.331273 
-38.300000 43.229196  -38.300000 43.658626  -38.300000 43.390428  -38.300000 43.278871 
-38.200000 43.700716  -38.200000 44.187273  -38.200000 43.938244  -38.200000 43.715914 
-38.100000 43.683444  -38.100000 43.871228  -38.100000 43.746945  -38.100000 43.657001 
-38.000000 43.921017  -38.000000 43.904397  -38.000000 43.717532  -38.000000 43.580103 
-37.900000 44.166764  -37.900000 44.644257  -37.900000 44.190574  -37.900000 43.992748 
-37.800000 43.872782  -37.800000 44.043294  -37.800000 43.607462  -37.800000 43.696351 
-37.700000 43.927339  -37.700000 44.567215  -37.700000 43.901335  -37.700000 43.986467 
-37.600000 44.234165  -37.600000 44.244219  -37.600000 44.140886  -37.600000 44.122046 
-37.500000 43.302253  -37.500000 43.975274  -37.500000 43.852467  -37.500000 43.825029 
-37.400000 44.591717  -37.400000 44.775929  -37.400000 44.420517  -37.400000 44.371342 
-37.300000 44.800602  -37.300000 44.988898  -37.300000 44.536185  -37.300000 44.378075 
-37.200000 44.932659  -37.200000 44.735203  -37.200000 44.417775  -37.200000 44.337556 
-37.100000 45.335775  -37.100000 44.918548  -37.100000 44.631502  -37.100000 44.415653 
-37.000000 44.446395  -37.000000 45.047204  -37.000000 44.889729  -37.000000 44.648631 
-36.900000 44.841077  -36.900000 45.181354  -36.900000 44.866826  -36.900000 44.699276 
-36.800000 44.566079  -36.800000 44.866211  -36.800000 44.568265  -36.800000 44.492341 
-36.700000 45.106038  -36.700000 45.549608  -36.700000 45.324690  -36.700000 44.940326 
-36.600000 45.262335  -36.600000 45.254266  -36.600000 44.733166  -36.600000 44.115546 
-36.500000 44.899173  -36.500000 45.543327  -36.500000 44.893140  -36.500000 44.129226 
-36.400000 45.156323  -36.400000 45.855628  -36.400000 44.895561  -36.400000 44.365319 
-36.300000 44.932008  -36.300000 45.771683  -36.300000 44.951163  -36.300000 44.246093 
-36.200000 45.203933  -36.200000 45.424518  -36.200000 45.091928  -36.200000 44.315447 
-36.100000 46.064971  -36.100000 46.550685  -36.100000 45.380826  -36.100000 44.748026 
-36.000000 45.919441  -36.000000 46.130198  -36.000000 45.241708  -36.000000 44.663970 
-35.900000 46.141441  -35.900000 46.233343  -35.900000 45.469517  -35.900000 44.816083 
-35.800000 46.225118  -35.800000 46.583178  -35.800000 45.832154  -35.800000 45.051021 
-35.700000 46.023504  -35.700000 46.521279  -35.700000 45.635300  -35.700000 44.972496 
-35.600000 46.433035  -35.600000 46.770597  -35.600000 45.898149  -35.600000 45.225594 
-35.500000 46.010428  -35.500000 46.371723  -35.500000 46.030231  -35.500000 45.108826 
-35.400000 46.073740  -35.400000 46.492766  -35.400000 45.895819  -35.400000 45.194114 
-35.300000 46.352116  -35.300000 46.600564  -35.300000 46.023919  -35.300000 45.368073 
-35.200000 46.416789  -35.200000 47.014657  -35.200000 46.152873  -35.200000 45.399650 
-35.100000 46.449202  -35.100000 46.929516  -35.100000 46.260066  -35.100000 45.584911 
-35.000000 46.892201  -35.000000 47.115822  -35.000000 46.410651  -35.000000 45.683046 
-34.900000 47.034415  -34.900000 47.258028  -34.900000 46.400793  -34.900000 45.831788 
-34.800000 47.150517  -34.800000 47.381971  -34.800000 46.807213  -34.800000 46.001256 
-34.700000 47.363623  -34.700000 47.596504  -34.700000 46.897544  -34.700000 46.152403 
-34.600000 47.238278  -34.600000 47.460788  -34.600000 46.725660  -34.600000 46.088537 
-34.500000 47.189702  -34.500000 47.385285  -34.500000 46.875426  -34.500000 46.165506 
-34.400000 47.235789  -34.400000 47.487535  -34.400000 46.788144  -34.400000 46.142746 
-34.300000 47.653175  -34.300000 47.633501  -34.300000 47.226736  -34.300000 46.465203 
-34.200000 47.411784  -34.200000 47.606510  -34.200000 47.043381  -34.200000 46.364012 
-34.100000 47.577256  -34.100000 48.034934  -34.100000 47.422458  -34.100000 46.656617 
-34.000000 47.579209  -34.000000 48.146354  -34.000000 47.297891  -34.000000 46.662912 
-33.900000 47.741874  -33.900000 48.137038  -33.900000 47.585662  -33.900000 46.823387 
-33.800000 48.145389  -33.800000 48.475009  -33.800000 47.709405  -33.800000 46.942119 
-33.700000 48.011514  -33.700000 48.302526  -33.700000 47.713867  -33.700000 46.936031 
-33.600000 48.564020  -33.600000 48.928204  -33.600000 48.014039  -33.600000 47.285114 
-33.500000 48.244778  -33.500000 48.371039  -33.500000 48.022857  -33.500000 47.192313 
-33.400000 48.211157  -33.400000 48.567633  -33.400000 47.902895  -33.400000 47.260012 
-33.300000 48.312169  -33.300000 48.636033  -33.300000 48.000655  -33.300000 47.271452 
-33.200000 48.496618  -33.200000 48.776362  -33.200000 48.294112  -33.200000 47.546379 
-33.100000 47.844084  -33.100000 48.760217  -33.100000 48.007970  -33.100000 47.387573 
-33.000000 48.757411  -33.000000 49.165786  -33.000000 48.476377  -33.000000 47.708744 
-32.900000 49.291248  -32.900000 49.305191  -32.900000 48.640227  -32.900000 47.911596 
-32.800000 49.001183  -32.800000 49.134602  -32.800000 48.437871  -32.800000 47.821460 
-32.700000 48.596862  -32.700000 48.854616  -32.700000 48.293925  -32.700000 47.729562 
-32.600000 48.993702  -32.600000 49.562632  -32.600000 48.602773  -32.600000 47.883389 
-32.500000 48.971747  -32.500000 49.689472  -32.500000 48.972396  -32.500000 48.146028 
-32.400000 49.619448  -32.400000 49.644673  -32.400000 49.043525  -32.400000 48.270720 
-32.300000 49.111236  -32.300000 49.738088  -32.300000 48.884393  -32.300000 48.280573 
-32.200000 49.389514  -32.200000 50.016330  -32.200000 49.168108  -32.200000 48.471490 
-32.100000 49.320432  -32.100000 49.547085  -32.100000 49.003328  -32.100000 48.305530 
-32.000000 49.464705  -32.000000 49.643619  -32.000000 49.075784  -32.000000 48.442171 
-31.900000 49.954957  -31.900000 49.994354  -31.900000 49.313631  -31.900000 48.602304 
-31.800000 50.344122  -31.800000 50.605191  -31.800000 49.637255  -31.800000 48.873049 
-31.700000 49.660061  -31.700000 49.914619  -31.700000 49.558618  -31.700000 48.835334 
-31.600000 50.032293  -31.600000 50.350779  -31.600000 49.744332  -31.600000 49.088762 
-31.500000 50.332802  -31.500000 50.441284  -31.500000 49.813453  -31.500000 49.121209 
-31.400000 50.910198  -31.400000 50.845541  -31.400000 50.112184  -31.400000 49.389812 
-31.300000 49.791919  -31.300000 50.539499  -31.300000 49.755660  -31.300000 49.074436 
-31.200000 50.780477  -31.200000 50.924221  -31.200000 50.295583  -31.200000 49.387026 
-31.100000 50.938925  -31.100000 50.712577  -31.100000 50.138565  -31.100000 49.447510 
-31.000000 51.029606  -31.000000 51.101615  -31.000000 50.321648  -31.000000 49.619286 
-30.900000 51.059558  -30.900000 51.307778  -30.900000 50.408896  -30.900000 49.599004 
-30.800000 50.743912  -30.800000 51.128575  -30.800000 50.232216  -30.800000 49.492096 
-30.700000 50.575095  -30.700000 51.035190  -30.700000 50.033116  -30.700000 49.261655 
-30.600000 51.395370  -30.600000 51.298471  -30.600000 49.535489  -30.600000 48.239879 
-30.500000 51.340567  -30.500000 51.383493  -30.500000 49.895959  -30.500000 47.952133 
-30.400000 51.599837  -30.400000 51.673920  -30.400000 49.928397  -30.400000 48.041964 
-30.300000 51.399970  -30.300000 51.432429  -30.300000 49.906163  -30.300000 48.075654 
-30.200000 51.749432  -30.200000 51.527163  -30.200000 49.998440  -30.200000 43.900332 
-30.100000 51.410668  -30.100000 51.351531  -30.100000 49.904115  -30.100000 37.212014 
-30.000000 51.436735  -30.000000 51.602442  -30.000000 50.151784  -30.000000 33.286006 
-29.900000 51.603958  -29.900000 51.902053  -29.900000 50.455973  -29.900000 30.586195 
-29.800000 52.545667  -29.800000 52.047245  -29.800000 50.501491  -29.800000 28.539351 
-29.700000 52.026709  -29.700000 51.867305  -29.700000 50.433712  -29.700000 26.897841 
-29.600000 52.745890  -29.600000 52.209711  -29.600000 50.639903  -29.600000 25.531906 
-29.500000 52.010300  -29.500000 52.191368  -29.500000 50.665110  -29.500000 24.362576 
-29.400000 52.321867  -29.400000 52.452200  -29.400000 50.994991  -29.400000 23.343242 
-29.300000 52.478388  -29.300000 52.453404  -29.300000 51.015571  -29.300000 22.440557 
-29.200000 52.267005  -29.200000 52.141080  -29.200000 50.763310  -29.200000 21.631402 
-29.100000 52.365004  -29.100000 52.448420  -29.100000 51.007513  -29.100000 20.899627 
-29.000000 53.135357  -29.000000 53.236822  -29.000000 51.446584  -29.000000 20.232031 
-28.900000 52.983399  -28.900000 52.745399  -28.900000 51.143294  -28.900000 19.618621 
-28.800000 52.731406  -28.800000 52.577873  -28.800000 51.333449  -28.800000 19.052201 
-28.700000 52.508348  -28.700000 52.511750  -28.700000 51.070012  -28.700000 18.526160 
-28.600000 53.065782  -28.600000 52.884754  -28.600000 51.449419  -28.600000 18.035860 
-28.500000 53.326852  -28.500000 53.262044  -28.500000 51.554667  -28.500000 17.576796 
-28.400000 53.114452  -28.400000 53.248047  -28.400000 51.696324  -28.400000 17.145690 
-28.300000 53.463440  -28.300000 53.061162  -28.300000 51.773967  -28.300000 16.739484 
-28.200000 53.309465  -28.200000 53.459539  -28.200000 51.963140  -28.200000 16.355816 
-28.100000 53.315096  -28.100000 53.596424  -28.100000 51.989045  -28.100000 15.992441 
-28.000000 53.813457  -28.000000 53.694837  -28.000000 52.140764  -28.000000 15.647625 
-27.900000 53.655782  -27.900000 53.642348  -27.900000 52.286438  -27.900000 15.319656 
-27.800000 53.866025  -27.800000 53.792277  -27.800000 52.348278  -27.800000 15.007193 
-27.700000 53.944373  -27.700000 53.860628  -27.700000 52.311124  -27.700000 14.708930 
-27.600000 53.772091  -27.600000 53.732716  -27.600000 52.302025  -27.600000 14.423830 
-27.500000 54.281170  -27.500000 53.678265  -27.500000 52.391177  -27.500000 14.150898 
-27.400000 53.825224  -27.400000 54.051598  -27.400000 52.735884  -27.400000 13.889289 
-27.300000 54.261821  -27.300000 54.059435  -27.300000 52.584991  -27.300000 13.638153 
-27.200000 54.490496  -27.200000 54.327550  -27.200000 52.857480  -27.200000 13.396869 
-27.100000 54.590973  -27.100000 54.512612  -27.100000 53.200253  -27.100000 13.164744 
-27.000000 54.258848  -27.000000 54.407069  -27.000000 52.901967  -27.000000 12.941177 
-26.900000 54.539222  -26.900000 54.460443  -26.900000 53.027674  -26.900000 12.725717 
-26.800000 55.246814  -26.800000 54.840602  -26.800000 53.397052  -26.800000 12.517856 
-26.700000 55.205315  -26.700000 55.224447  -26.700000 53.438790  -26.700000 12.316934 
-26.600000 54.802244  -26.600000 54.943250  -26.600000 53.321504  -26.600000 12.119564 
-26.500000 54.798702  -26.500000 55.144935  -26.500000 53.548541  -26.500000 11.924937 
-26.400000 55.143123  -26.400000 55.283620  -26.400000 53.699376  -26.400000 11.733295 
-26.300000 55.409388  -26.300000 55.235700  -26.300000 54.002216  -26.300000 11.544857 
-26.200000 55.610217  -26.200000 55.509857  -26.200000 53.994516  -26.200000 11.359737 
-26.100000 55.013576  -26.100000 55.504785  -26.100000 53.961098  -26.100000 11.178066 
-26.000000 55.672930  -26.000000 55.367688  -26.000000 53.913697  -26.000000 10.999913 
-25.900000 55.281697  -25.900000 55.193209  -25.900000 54.073751  -25.900000 10.825323 
-25.800000 55.628471  -25.800000 55.824198  -25.800000 54.228594  -25.800000 10.654310 
-25.700000 55.882135  -25.700000 55.621907  -25.700000 54.229812  -25.700000 10.486862 
-25.600000 55.648955  -25.600000 56.008236  -25.600000 54.431623  -25.600000 10.322975 
-25.500000 56.942598  -25.500000 56.454704  -25.500000 54.826682  -25.500000 10.162610 
-25.400000 56.490460  -25.400000 56.277657  -25.400000 54.839801  -25.400000 10.005721 
-25.300000 56.273040  -25.300000 55.931822  -25.300000 54.698142  -25.300000 9.852252 
-25.200000 56.590715  -25.200000 56.410976  -25.200000 54.828779  -25.200000 9.702160 
-25.100000 57.129157  -25.100000 56.868552  -25.100000 55.295944  -25.100000 9.555382 
-25.000000 56.590576  -25.000000 56.676614  -25.000000 55.224156  -25.000000 9.411831 
-24.900000 58.082509  -24.900000 56.903731  -24.900000 55.262044  -24.900000 9.271450 
-24.800000 57.448529  -24.800000 56.946411  -24.800000 54.771126  -24.800000 9.134157 
-24.700000 57.084103  -24.700000 56.904842  -24.700000 54.861688  -24.700000 8.999901 
-24.600000 57.323375  -24.600000 57.029699  -24.600000 53.320125  -24.600000 8.868532 
-24.500000 57.383861  -24.500000 56.476239  -24.500000 53.413145  -24.500000 8.740009 
-24.400000 56.724238  -24.400000 55.974684  -24.400000 53.243335  -24.400000 8.614397 
-24.300000 57.533926  -24.300000 56.299993  -24.300000 53.549478  -24.300000 8.491526 
-24.200000 57.127639  -24.200000 56.326777  -24.200000 51.154668  -24.200000 8.371318 
-24.100000 57.812448  -24.100000 56.930055  -24.100000 39.799313  -24.100000 8.253703 
-24.000000 57.377157  -24.000000 56.812366  -24.000000 34.770895  -24.000000 8.138601 
-23.900000 56.916324  -23.900000 56.534672  -23.900000 31.619398  -23.900000 8.025965 
-23.800000 57.446037  -23.800000 56.805279  -23.800000 29.331964  -23.800000 7.915718 
-23.700000 57.739449  -23.700000 57.218880  -23.700000 27.540266  -23.700000 7.807795 
-23.600000 57.619127  -23.600000 57.128600  -23.600000 26.070448  -23.600000 7.702138 
-23.500000 58.776606  -23.500000 57.642450  -23.500000 24.826815  -23.500000 7.598686 
-23.400000 58.156915  -23.400000 57.324067  -23.400000 23.750833  -23.400000 7.497375 
-23.300000 58.364204  -23.300000 57.392028  -23.300000 22.803719  -23.300000 7.398156 
-23.200000 58.007673  -23.200000 57.308244  -23.200000 21.959024  -23.200000 7.300962 
-23.100000 58.474749  -23.100000 57.765683  -23.100000 21.197774  -23.100000 7.205748 
-23.000000 58.842486  -23.000000 58.015431  -23.000000 20.505480  -23.000000 7.112459 
-22.900000 58.894588  -22.900000 57.722556  -22.900000 19.871345  -22.900000 7.021038 
-22.800000 58.955882  -22.800000 57.857089  -22.800000 19.286918  -22.800000 6.931448 
-22.700000 58.897586  -22.700000 58.096122  -22.700000 18.745445  -22.700000 6.843631 
-22.600000 59.286077  -22.600000 58.305512  -22.600000 18.241422  -22.600000 6.757543 
-22.500000 59.214908  -22.500000 58.094306  -22.500000 17.770298  -22.500000 6.673141 
-22.400000 59.069976  -22.400000 58.361807  -22.400000 17.328417  -22.400000 6.590381 
-22.300000 58.522815  -22.300000 58.063572  -22.300000 16.912633  -22.300000 6.509219 
-22.200000 60.018931  -22.200000 58.903644  -22.200000 16.520290  -22.200000 6.429617 
-22.100000 59.360512  -22.100000 58.272950  -22.100000 16.149084  -22.100000 6.351532 
-22.000000 59.422594  -22.000000 58.473009  -22.000000 15.797105  -22.000000 6.274927 
-21.900000 60.081324  -21.900000 58.914717  -21.900000 15.462648  -21.900000 6.199769 
-21.800000 59.888389  -21.800000 58.996298  -21.800000 15.144189  -21.800000 6.126017 
-21.700000 59.773231  -21.700000 59.117547  -21.700000 14.840461  -21.700000 6.053639 
-21.600000 60.474253  -21.600000 59.275195  -21.600000 14.550295  -21.600000 5.982598 
-21.500000 60.207595  -21.500000 59.158558  -21.500000 14.272666  -21.500000 5.912866 
-21.400000 59.694826  -21.400000 59.192326  -21.400000 14.006672  -21.400000 5.844408 
-21.300000 59.885928  -21.300000 59.065561  -21.300000 13.751486  -21.300000 5.777195 
-21.200000 60.919100  -21.200000 59.483041  -21.200000 13.506399  -21.200000 5.711197 
-21.100000 60.774786  -21.100000 59.482904  -21.100000 13.270717  -21.100000 5.646384 
-21.000000 60.972821  -21.000000 60.111895  -21.000000 13.043856  -21.000000 5.582731 
-20.900000 60.323774  -20.900000 59.611541  -20.900000 12.825266  -20.900000 5.520206 
-20.800000 61.287775  -20.800000 60.057303  -20.800000 12.614460  -20.800000 5.458788 
-20.700000 60.994312  -20.700000 60.048999  -20.700000 12.410656  -20.700000 5.398449 
-20.600000 61.125483  -20.600000 60.154928  -20.600000 12.210296  -20.600000 5.339152 
-20.500000 60.987700  -20.500000 60.080941  -20.500000 12.012751  -20.500000 5.280899 
-20.400000 61.533183  -20.400000 60.460870  -20.400000 11.818282  -20.400000 5.223535 
-20.300000 61.403974  -20.300000 60.331132  -20.300000 11.627098  -20.300000 5.166959 
-20.200000 61.606289  -20.200000 60.645715  -20.200000 11.439346  -20.200000 5.111164 
-20.100000 61.301829  -20.100000 60.738987  -20.100000 11.255140  -20.100000 5.056140 
-20.000000 61.325400  -20.000000 60.160705  -20.000000 11.074541  -20.000000 5.001880 
-19.900000 61.363017  -19.900000 60.767826  -19.900000 10.897604  -19.900000 4.948377 
-19.800000 61.543298  -19.800000 60.747101  -19.800000 10.724330  -19.800000 4.895619 
-19.700000 61.894835  -19.700000 60.977547  -19.700000 10.554725  -19.700000 4.843599 
-19.600000 61.798133  -19.600000 61.136406  -19.600000 10.388754  -19.600000 4.792308 
-19.500000 61.930252  -19.500000 60.658393  -19.500000 10.226396  -19.500000 4.741737 
-19.400000 62.591967  -19.400000 61.147345  -19.400000 10.067600  -19.400000 4.691878 
-19.300000 62.458625  -19.300000 60.675439  -19.300000 9.912306  -19.300000 4.642664 
-19.200000 62.545534  -19.200000 61.240508  -19.200000 9.760462  -19.200000 4.594009 
-19.100000 62.223957  -19.100000 61.193398  -19.100000 9.611993  -19.100000 4.545911 
-19.000000 62.011097  -19.000000 61.319941  -19.000000 9.466833  -19.000000 4.498370 
-18.900000 62.034527  -18.900000 61.173783  -18.900000 9.324908  -18.900000 4.451384 
-18.800000 62.267992  -18.800000 61.415231  -18.800000 9.186131  -18.800000 4.404948 
-18.700000 62.131712  -18.700000 61.527936  -18.700000 9.050454  -18.700000 4.359067 
-18.600000 61.980454  -18.600000 61.273890  -18.600000 8.917743  -18.600000 4.313721 
-18.500000 62.250126  -18.500000 60.523268  -18.500000 8.788010  -18.500000 4.268868 
-18.400000 62.276205  -18.400000 60.075496  -18.400000 8.661135  -18.400000 4.224451 
-18.300000 62.064697  -18.300000 60.485062  -18.300000 8.537041  -18.300000 4.180484 
-18.200000 63.006639  -18.200000 44.125754  -18.200000 8.415658  -18.200000 4.135412 
-18.100000 63.017758  -18.100000 36.843092  -18.100000 8.296912  -18.100000 4.089116 
-18.000000 62.946146  -18.000000 32.962164  -18.000000 8.180732  -18.000000 4.045473 
-17.900000 63.017169  -17.900000 30.313787  -17.900000 8.067051  -17.900000 4.002130 
-17.800000 62.686904  -17.800000 28.307173  -17.800000 7.955798  -17.800000 3.959181 
-17.700000 62.828046  -17.700000 26.695292  -17.700000 7.846909  -17.700000 3.916649 
-17.600000 63.010072  -17.600000 25.350475  -17.600000 7.740319  -17.600000 3.874543 
-17.500000 63.456224  -17.500000 24.198599  -17.500000 7.635965  -17.500000 3.832899 
-17.400000 64.034661  -17.400000 23.192773  -17.400000 7.533788  -17.400000 3.791699 
-17.300000 63.436350  -17.300000 22.301141  -17.300000 7.433727  -17.300000 3.720048 
-17.200000 62.695139  -17.200000 21.501438  -17.200000 7.335726  -17.200000 3.679205 
-17.100000 63.314325  -17.100000 20.777237  -17.100000 7.239731  -17.100000 3.612647 
-17.000000 63.572847  -17.000000 20.116173  -17.000000 7.145686  -17.000000 3.573720 
-16.900000 64.247185  -16.900000 19.508669  -16.900000 7.053540  -16.900000 3.535382 
-16.800000 63.653122  -16.800000 18.947148  -16.800000 6.963241  -16.800000 3.497564 
-16.700000 63.726720  -16.700000 18.425620  -16.700000 6.874741  -16.700000 3.460176 
-16.600000 64.450949  -16.600000 17.939127  -16.600000 6.787995  -16.600000 3.423092 
-16.500000 64.153060  -16.500000 17.483550  -16.500000 6.702953  -16.500000 3.386355 
-16.400000 64.444557  -16.400000 17.055526  -16.400000 6.619573  -16.400000 3.349843 
-16.300000 64.297212  -16.300000 16.652172  -16.300000 6.537812  -16.300000 3.313536 
-16.200000 64.895479  -16.200000 16.271036  -16.200000 6.457628  -16.200000 3.277462 
-16.100000 64.913379  -16.100000 15.910016  -16.100000 6.378981  -16.100000 3.241580 
-16.000000 64.822065  -16.000000 15.567296  -16.000000 6.301831  -16.000000 3.205882 
-15.900000 64.412010  -15.900000 15.241285  -15.900000 6.226142  -15.900000 3.170366 
-15.800000 65.431528  -15.800000 14.930608  -15.800000 6.151876  -15.800000 3.134998 
-15.700000 65.492809  -15.700000 14.634037  -15.700000 6.078999  -15.700000 3.099888 
-15.600000 65.093834  -15.600000 14.350480  -15.600000 6.007473  -15.600000 3.064994 
-15.500000 64.675442  -15.500000 14.078986  -15.500000 5.937270  -15.500000 3.030342 
-15.400000 65.143314  -15.400000 13.818695  -15.400000 5.868355  -15.400000 2.995884 
-15.300000 65.403208  -15.300000 13.568825  -15.300000 5.800698  -15.300000 2.961692 
-15.200000 65.159269  -15.200000 13.328683  -15.200000 5.734267  -15.200000 2.927758 
-15.100000 65.711314  -15.100000 13.097647  -15.100000 5.669035  -15.100000 2.894065 
-15.000000 65.205145  -15.000000 12.875135  -15.000000 5.604971  -15.000000 2.860731 
-14.900000 64.862339  -14.900000 12.660634  -14.900000 5.542049  -14.900000 2.827728 
-14.800000 65.859622  -14.800000 12.453676  -14.800000 5.480244  -14.800000 2.794997 
-14.700000 65.804560  -14.700000 12.253818  -14.700000 5.419495  -14.700000 2.762665 
-14.600000 65.349866  -14.600000 12.060666  -14.600000 5.359574  -14.600000 2.731114 
-14.500000 65.565816  -14.500000 11.871717  -14.500000 5.300594  -14.500000 2.700072 
-14.400000 66.054429  -14.400000 11.685269  -14.400000 5.242792  -14.400000 2.669487 
-14.300000 66.840292  -14.300000 11.501563  -14.300000 5.185788  -14.300000 2.639296 
-14.200000 66.473047  -14.200000 11.320786  -14.200000 5.129573  -14.200000 2.609542 
-14.100000 66.429225  -14.100000 11.143082  -14.100000 5.074141  -14.100000 2.580117 
-14.000000 66.433498  -14.000000 10.968552  -14.000000 5.019483  -14.000000 2.551021 
-13.900000 66.720542  -13.900000 10.797272  -13.900000 4.965588  -13.900000 2.522341 
-13.800000 66.595361  -13.800000 10.629283  -13.800000 4.912450  -13.800000 2.493944 
-13.700000 67.122690  -13.700000 10.464610  -13.700000 4.860059  -13.700000 2.465891 
-13.600000 66.663482  -13.600000 10.303256  -13.600000 4.808404  -13.600000 2.438176 
-13.500000 66.866328  -13.500000 10.145207  -13.500000 4.757479  -13.500000 2.410792 
-13.400000 67.198221  -13.400000 9.990447  -13.400000 4.707273  -13.400000 2.383749 
-13.300000 66.501377  -13.300000 9.838934  -13.300000 4.657777  -13.300000 2.357065 
-13.200000 67.211615  -13.200000 9.690631  -13.200000 4.608907  -13.200000 2.330682 
-13.100000 67.279969  -13.100000 9.545485  -13.100000 4.560597  -13.100000 2.304582 
-13.000000 67.369675  -13.000000 9.403446  -13.000000 4.512846  -13.000000 2.278773 
-12.900000 65.877182  -12.900000 9.264452  -12.900000 4.465653  -12.900000 2.253221 
-12.800000 66.228217  -12.800000 9.128446  -12.800000 4.419013  -12.800000 2.227969 
-12.700000 66.026848  -12.700000 8.995362  -12.700000 4.372931  -12.700000 2.203182 
-12.600000 66.192123  -12.600000 8.865136  -12.600000 4.327395  -12.600000 2.179115 
-12.500000 66.231510  -12.500000 8.737703  -12.500000 4.282327  -12.500000 2.155458 
-12.400000 67.133988  -12.400000 8.612991  -12.400000 4.237698  -12.400000 2.132183 
-12.300000 66.391161  -12.300000 8.490947  -12.300000 4.193584  -12.300000 2.109571 
-12.200000 66.151460  -12.200000 8.371500  -12.200000 4.149895  -12.200000 2.087569 
-12.100000 65.738781  -12.100000 8.254586  -12.100000 4.106122  -12.100000 2.065694 
-12.000000 65.865531  -12.000000 8.140140  -12.000000 4.062559  -12.000000 2.043918 
-11.900000 48.497791  -11.900000 8.028100  -11.900000 4.019161  -11.900000 2.022232 
-11.800000 38.621216  -11.800000 7.918404  -11.800000 3.975902  -11.800000 2.000632 
-11.700000 34.150655  -11.700000 7.810990  -11.700000 3.929250  -11.700000 1.979139 
-11.600000 31.242295  -11.600000 7.705802  -11.600000 3.886150  -11.600000 1.957711 
-11.500000 29.089062  -11.500000 7.602779  -11.500000 3.843238  -11.500000 1.936369 
-11.400000 27.382873  -11.400000 7.501868  -11.400000 3.800526  -11.400000 1.915096 
-11.300000 25.972383  -11.300000 7.403010  -11.300000 3.737519  -11.300000 1.893888 
-11.200000 24.772225  -11.200000 7.306154  -11.200000 3.694585  -11.200000 1.872779 
-11.100000 23.729341  -11.100000 7.211249  -11.100000 3.651963  -11.100000 1.851747 
-11.000000 22.808489  -11.000000 7.118244  -11.000000 3.609832  -11.000000 1.830791 
-10.900000 21.985041  -10.900000 7.027089  -10.900000 3.568238  -10.900000 1.809922 
-10.800000 21.241174  -10.800000 6.937736  -10.800000 3.527213  -10.800000 1.789173 
-10.700000 20.563569  -10.700000 6.850139  -10.700000 3.486607  -10.700000 1.768549 
-10.600000 19.941976  -10.600000 6.764255  -10.600000 3.446342  -10.600000 1.748071 
-10.500000 19.368330  -10.500000 6.680038  -10.500000 3.406175  -10.500000 1.727695 
-10.400000 18.836203  -10.400000 6.597447  -10.400000 3.366294  -10.400000 1.707491 
-10.300000 18.340384  -10.300000 6.516440  -10.300000 3.326600  -10.300000 1.687408 
-10.200000 17.876573  -10.200000 6.436979  -10.200000 3.287063  -10.200000 1.667443 
-10.100000 17.441191  -10.100000 6.359023  -10.100000 3.247752  -10.100000 1.647622 
-10.000000 17.031232  -10.000000 6.282537  -10.000000 3.208711  -10.000000 1.627938 
-9.900000 16.644137  -9.900000 6.207484  -9.900000 3.169892  -9.900000 1.608378 
-9.800000 16.277711  -9.800000 6.133827  -9.800000 3.065735  -9.800000 1.588934 
-9.700000 15.930066  -9.700000 6.061535  -9.700000 3.029626  -9.700000 1.575155 
-9.600000 15.599557  -9.600000 5.990574  -9.600000 2.993671  -9.600000 1.561767 
-9.500000 15.284745  -9.500000 5.920911  -9.500000 2.957851  -9.500000 1.548446 
-9.400000 14.984360  -9.400000 5.852515  -9.400000 2.926649  -9.400000 1.535546 
-9.300000 14.697287  -9.300000 5.785357  -9.300000 2.898698  -9.300000 1.523091 
-9.200000 14.422529  -9.200000 5.719407  -9.200000 2.870905  -9.200000 1.510680 
-9.100000 14.159203  -9.100000 5.654637  -9.100000 2.843214  -9.100000 1.498298 
-9.000000 13.906506  -9.000000 5.590997  -9.000000 2.815582  -9.000000 1.485995 
-8.900000 13.660660  -8.900000 5.528278  -8.900000 2.788089  -8.900000 1.473756 
-8.800000 13.418309  -8.800000 5.466420  -8.800000 2.760670  -8.800000 1.461571 
-8.700000 13.179974  -8.700000 5.405420  -8.700000 2.733396  -8.700000 1.449438 
-8.600000 12.946049  -8.600000 5.345146  -8.600000 2.645500  -8.600000 1.437339 
-8.500000 12.716813  -8.500000 5.286185  -8.500000 2.619136  -8.500000 1.425295 
-8.400000 12.492460  -8.400000 5.228557  -8.400000 2.579625  -8.400000 1.382338 
-8.300000 12.273111  -8.300000 5.171723  -8.300000 2.547175  -8.300000 1.369327 
-8.200000 12.058828  -8.200000 5.115674  -8.200000 2.514952  -8.200000 1.356391 
-8.100000 11.849630  -8.100000 5.060402  -8.100000 2.487224  -8.100000 1.343530 
-8.000000 11.645496  -8.000000 5.005899  -8.000000 2.462532  -8.000000 1.330749 
-7.900000 11.446377  -7.900000 4.952157  -7.900000 2.437962  -7.900000 1.318028 
-7.800000 11.252204  -7.800000 4.899167  -7.800000 2.413470  -7.800000 1.305346 
-7.700000 11.062889  -7.700000 4.846920  -7.700000 2.389083  -7.700000 1.292863 
-7.600000 10.878331  -7.600000 4.795406  -7.600000 2.364862  -7.600000 1.276929 
-7.500000 10.698423  -7.500000 4.744610  -7.500000 2.340765  -7.500000 1.263293 
-7.400000 10.523049  -7.400000 4.694419  -7.400000 2.316825  -7.400000 1.252608 
-7.300000 10.352089  -7.300000 4.644795  -7.300000 2.293088  -7.300000 1.242046 
-7.200000 10.185422  -7.200000 4.595740  -7.200000 2.269537  -7.200000 1.231535 
-7.100000 10.022925  -7.100000 4.547252  -7.100000 2.246127  -7.100000 1.213231 
-7.000000 9.864475  -7.000000 4.499329  -7.000000 2.222856  -7.000000 1.186143 
-6.900000 9.709950  -6.900000 4.451972  -6.900000 2.199719  -6.900000 1.175832 
-6.800000 9.559233  -6.800000 4.405178  -6.800000 2.176729  -6.800000 1.165545 
-6.700000 9.412206  -6.700000 4.358944  -6.700000 2.153725  -6.700000 1.155255 
-6.600000 9.268754  -6.600000 4.313269  -6.600000 2.098966  -6.600000 1.144984 
-6.500000 9.128763  -6.500000 4.268148  -6.500000 2.077973  -6.500000 1.134737 
-6.400000 8.992127  -6.400000 4.211432  -6.400000 2.057086  -6.400000 1.124505 
-6.300000 8.858737  -6.300000 4.165185  -6.300000 2.036400  -6.300000 1.114276 
-6.200000 8.728495  -6.200000 4.120576  -6.200000 2.013671  -6.200000 1.104066 
-6.100000 8.601299  -6.100000 4.076137  -6.100000 1.993464  -6.100000 1.093869 
-6.000000 8.477056  -6.000000 4.031917  -6.000000 1.973450  -6.000000 1.077669 
-5.900000 8.355671  -5.900000 3.987918  -5.900000 1.953522  -5.900000 1.067625 
-5.800000 8.237056  -5.800000 3.944128  -5.800000 1.933698  -5.800000 1.046976 
-5.700000 8.121126  -5.700000 3.900505  -5.700000 1.870618  -5.700000 1.037193 
-5.600000 8.007797  -5.600000 3.857078  -5.600000 1.851324  -5.600000 1.027417 
-5.500000 7.896992  -5.500000 3.813890  -5.500000 1.836644  -5.500000 1.008911 
-5.400000 7.788631  -5.400000 3.770908  -5.400000 1.822031  -5.400000 1.000114 
-5.300000 7.682642  -5.300000 3.553052  -5.300000 1.807466  -5.300000 0.991382 
-5.200000 7.578953  -5.200000 3.515158  -5.200000 1.792932  -5.200000 0.982752 
-5.100000 7.477497  -5.100000 3.477566  -5.100000 1.778417  -5.100000 0.974152 
-5.000000 7.378206  -5.000000 3.440259  -5.000000 1.763938  -5.000000 0.965588 
-4.900000 7.281018  -4.900000 3.403232  -4.900000 1.749494  -4.900000 0.957038 
-4.800000 7.185873  -4.800000 3.366484  -4.800000 1.735096  -4.800000 0.948506 
-4.700000 7.092708  -4.700000 3.329998  -4.700000 1.720755  -4.700000 0.939983 
-4.600000 7.001471  -4.600000 3.293790  -4.600000 1.706438  -4.600000 0.931500 
-4.500000 6.912105  -4.500000 3.257812  -4.500000 1.692178  -4.500000 0.923043 
-4.400000 6.824558  -4.400000 3.222070  -4.400000 1.677970  -4.400000 0.914694 
-4.300000 6.738779  -4.300000 3.186620  -4.300000 1.663827  -4.300000 0.906454 
-4.200000 6.654720  -4.200000 3.151448  -4.200000 1.649747  -4.200000 0.898239 
-4.100000 6.572309  -4.100000 3.116531  -4.100000 1.635727  -4.100000 0.890049 
-4.000000 6.491207  -4.000000 3.081887  -4.000000 1.621759  -4.000000 0.881914 
-3.900000 6.411309  -3.900000 3.048390  -3.900000 1.607855  -3.900000 0.873952 
-3.800000 6.332613  -3.800000 3.015352  -3.800000 1.594015  -3.800000 0.865981 
-3.700000 6.255084  -3.700000 2.982516  -3.700000 1.580204  -3.700000 0.857969 
-3.600000 6.178711  -3.600000 2.949854  -3.600000 1.566467  -3.600000 0.849916 
-3.500000 6.103265  -3.500000 2.917444  -3.500000 1.552778  -3.500000 0.841832 
-3.400000 6.028622  -3.400000 2.885238  -3.400000 1.539105  -3.400000 0.834103 
-3.300000 5.954855  -3.300000 2.853241  -3.300000 1.526185  -3.300000 0.826753 
-3.200000 5.881848  -3.200000 2.821470  -3.200000 1.513420  -3.200000 0.819403 
-3.100000 5.809423  -3.100000 2.789899  -3.100000 1.500680  -3.100000 0.812053 
-3.000000 1.508627  -3.000000 1.472649  -3.000000 1.022992  -3.000000 0.623258 
-2.900000 1.610968  -2.900000 1.479220  -2.900000 1.020528  -2.900000 0.607088 
-2.800000 1.677038  -2.800000 1.487555  -2.800000 1.017996  -2.800000 0.603516 
-2.700000 1.708918  -2.700000 1.495412  -2.700000 1.015348  -2.700000 0.599942 
-2.600000 1.739646  -2.600000 1.504944  -2.600000 1.012605  -2.600000 0.596314 
-2.500000 1.769055  -2.500000 1.513755  -2.500000 1.009792  -2.500000 0.592674 
-2.400000 1.797094  -2.400000 1.521883  -2.400000 1.007251  -2.400000 0.588963 
-2.300000 1.823887  -2.300000 1.529383  -2.300000 1.004717  -2.300000 0.585312 
-2.200000 1.849360  -2.200000 1.536213  -2.200000 1.002074  -2.200000 0.581630 
-2.100000 1.876699  -2.100000 1.543114  -2.100000 0.998707  -2.100000 0.577864 
-2.000000 1.906821  -2.000000 1.549641  -2.000000 0.994016  -2.000000 0.573928 
-1.900000 1.935007  -1.900000 1.555196  -1.900000 0.989223  -1.900000 0.572884 
-1.800000 1.961043  -1.800000 1.559700  -1.800000 0.984298  -1.800000 0.573572 
-1.700000 1.985164  -1.700000 1.561208  -1.700000 0.979226  -1.700000 0.570821 
-1.600000 2.007281  -1.600000 1.561330  -1.600000 0.974003  -1.600000 0.570755 
-1.500000 2.027402  -1.500000 1.564377  -1.500000 0.968217  -1.500000 0.570557 
-1.400000 2.045712  -1.400000 1.570528  -1.400000 0.965148  -1.400000 0.569796 
-1.300000 2.062116  -1.300000 1.575284  -1.300000 0.964594  -1.300000 0.568805 
-1.200000 2.087363  -1.200000 1.578679  -1.200000 0.963915  -1.200000 0.567714 
-1.100000 -1.201082  -1.100000 -0.398127  -1.100000 -0.105548  -1.100000 -0.023592 
-1.000000 -1.184756  -1.000000 -0.391971  -1.000000 -0.104451  -1.000000 -0.023450 
-0.900000 -1.168655  -0.900000 -0.385853  -0.900000 -0.103473  -0.900000 -0.023409 
-0.800000 -1.152812  -0.800000 -0.378831  -0.800000 -0.101479  -0.800000 -0.023258 
-0.700000 -1.137219  -0.700000 -0.372762  -0.700000 -0.101746  -0.700000 -0.022590 
-0.600000 -1.120919  -0.600000 -0.366891  -0.600000 -0.099955  -0.600000 -0.022592 
-0.500000 -1.105872  -0.500000 -0.356335  -0.500000 -0.097993  -0.500000 -0.022314 
-0.400000 -1.091071  -0.400000 -0.350230  -0.400000 -0.094868  -0.400000 -0.021932 
-0.300000 -1.076487  -0.300000 -0.344393  -0.300000 -0.092957  -0.300000 -0.021220 
-0.200000 -1.062017  -0.200000 -0.338949  -0.200000 -0.090519  -0.200000 -0.020716 
-0.100000 -1.047781  -0.100000 -0.333194  -0.100000 -0.090775  -0.100000 -0.021098 
