-40.000000 41.295359  -40.000000 41.619650  -40.000000 42.087364  -40.000000 41.818169 
-39.900000 41.755115  -39.900000 41.790868  -39.900000 41.828148  -39.900000 41.897635 
-39.800000 41.679775  -39.800000 41.706093  -39.800000 41.889513  -39.800000 42.079797 
-39.700000 42.234694  -39.700000 41.394805  -39.700000 42.015778  -39.700000 41.926121 
-39.600000 42.199986  -39.600000 42.275430  -39.600000 42.040555  -39.600000 42.224054 
-39.500000 41.770561  -39.500000 42.040225  -39.500000 42.251347  -39.500000 42.125055 
-39.400000 41.906030  -39.400000 42.541903  -39.400000 42.298616  -39.400000 42.308260 
-39.300000 41.356916  -39.300000 41.993782  -39.300000 42.184250  -39.300000 42.437983 
-39.200000 42.747700  -39.200000 42.798914  -39.200000 42.533933  -39.200000 42.541624 
-39.100000 42.650799  -39.100000 42.806168  -39.100000 42.995114  -39.100000 42.750646 
-39.000000 42.448561  -39.000000 42.683157  -39.000000 42.830959  -39.000000 42.711244 
-38.900000 43.113564  -38.900000 42.648257  -38.900000 42.850746  -38.900000 42.777740 
-38.800000 43.541367  -38.800000 42.729593  -38.800000 42.841060  -38.800000 43.101423 
-38.700000 44.085630  -38.700000 43.207286  -38.700000 42.992008  -38.700000 43.044437 
-38.600000 44.335996  -38.600000 43.281062  -38.600000 43.345260  -38.600000 43.137768 
-38.500000 43.050557  -38.500000 43.267024  -38.500000 43.293533  -38.500000 43.309679 
-38.400000 43.032738  -38.400000 43.286539  -38.400000 43.143030  -38.400000 43.382834 
-38.300000 42.883175  -38.300000 43.365331  -38.300000 43.502921  -38.300000 43.369711 
-38.200000 43.336100  -38.200000 43.124388  -38.200000 43.617973  -38.200000 43.621104 
-38.100000 44.492272  -38.100000 43.700890  -38.100000 43.370407  -38.100000 43.687102 
-38.000000 44.574865  -38.000000 43.216134  -38.000000 43.890939  -38.000000 43.707731 
-37.900000 44.540762  -37.900000 43.461321  -37.900000 43.890568  -37.900000 43.931278 
-37.800000 44.315280  -37.800000 43.311730  -37.800000 44.002241  -37.800000 43.952487 
-37.700000 43.205762  -37.700000 44.110317  -37.700000 43.921606  -37.700000 44.017842 
-37.600000 44.341381  -37.600000 43.833491  -37.600000 43.960078  -37.600000 44.207646 
-37.500000 44.801022  -37.500000 44.308665  -37.500000 44.028556  -37.500000 44.315402 
-37.400000 44.174793  -37.400000 44.066080  -37.400000 44.243940  -37.400000 44.350578 
-37.300000 45.596360  -37.300000 44.800570  -37.300000 44.400250  -37.300000 44.401627 
-37.200000 43.616064  -37.200000 44.935215  -37.200000 44.363895  -37.200000 44.677792 
-37.100000 44.730993  -37.100000 45.249553  -37.100000 44.576706  -37.100000 44.704372 
-37.000000 44.375555  -37.000000 44.916686  -37.000000 44.672695  -37.000000 44.793067 
-36.900000 44.821396  -36.900000 44.515230  -36.900000 44.758189  -36.900000 44.727995 
-36.800000 45.056692  -36.800000 44.901102  -36.800000 44.889799  -36.800000 45.013465 
-36.700000 45.373029  -36.700000 44.973760  -36.700000 45.113562  -36.700000 45.066200 
-36.600000 45.842587  -36.600000 44.938163  -36.600000 45.192196  -36.600000 45.102088 
-36.500000 44.930498  -36.500000 45.220915  -36.500000 45.483189  -36.500000 45.170382 
-36.400000 45.084835  -36.400000 45.354601  -36.400000 45.386161  -36.400000 45.285187 
-36.300000 45.560987  -36.300000 45.252930  -36.300000 45.112251  -36.300000 45.420102 
-36.200000 46.764733  -36.200000 45.327076  -36.200000 45.777931  -36.200000 45.431385 
-36.100000 47.033398  -36.100000 44.984351  -36.100000 45.466916  -36.100000 45.666590 
-36.000000 45.185391  -36.000000 45.517982  -36.000000 45.899174  -36.000000 45.750659 
-35.900000 46.680482  -35.900000 45.411430  -35.900000 45.574766  -35.900000 45.694541 
-35.800000 46.432588  -35.800000 45.657808  -35.800000 45.835924  -35.800000 45.934620 
-35.700000 46.467379  -35.700000 45.933783  -35.700000 46.176094  -35.700000 46.045732 
-35.600000 46.994446  -35.600000 45.875009  -35.600000 46.215121  -35.600000 46.173555 
-35.500000 46.625943  -35.500000 45.797386  -35.500000 46.119909  -35.500000 46.199401 
-35.400000 46.547202  -35.400000 46.208549  -35.400000 46.167733  -35.400000 46.488554 
-35.300000 46.067454  -35.300000 46.695059  -35.300000 46.528806  -35.300000 46.386105 
-35.200000 46.614402  -35.200000 46.477110  -35.200000 46.516052  -35.200000 46.642686 
-35.100000 46.347497  -35.100000 47.112502  -35.100000 46.501014  -35.100000 46.546784 
-35.000000 46.403931  -35.000000 47.015275  -35.000000 46.723411  -35.000000 46.831303 
-34.900000 47.238293  -34.900000 46.607817  -34.900000 46.759108  -34.900000 46.880789 
-34.800000 48.072758  -34.800000 47.084186  -34.800000 46.783247  -34.800000 46.965242 
-34.700000 47.765122  -34.700000 46.608776  -34.700000 46.846610  -34.700000 47.139182 
-34.600000 47.723376  -34.600000 47.730308  -34.600000 47.027932  -34.600000 47.122528 
-34.500000 46.674781  -34.500000 47.630436  -34.500000 47.184214  -34.500000 47.140082 
-34.400000 47.670355  -34.400000 47.378804  -34.400000 47.288296  -34.400000 47.302765 
-34.300000 47.874288  -34.300000 47.212548  -34.300000 47.435436  -34.300000 47.451078 
-34.200000 49.120595  -34.200000 47.691639  -34.200000 47.501398  -34.200000 47.588161 
-34.100000 46.919670  -34.100000 47.888963  -34.100000 47.412342  -34.100000 47.637283 
-34.000000 47.505309  -34.000000 47.272357  -34.000000 47.801557  -34.000000 47.714188 
-33.900000 47.925778  -33.900000 47.719425  -33.900000 47.777766  -33.900000 47.794329 
-33.800000 48.089487  -33.800000 47.744813  -33.800000 47.800222  -33.800000 48.033505 
-33.700000 47.299313  -33.700000 47.809407  -33.700000 47.984645  -33.700000 47.994334 
-33.600000 47.671103  -33.600000 48.228608  -33.600000 48.089486  -33.600000 48.303110 
-33.500000 48.080772  -33.500000 48.086326  -33.500000 48.052746  -33.500000 48.207812 
-33.400000 48.902502  -33.400000 48.172866  -33.400000 48.391307  -33.400000 48.364211 
-33.300000 48.275920  -33.300000 48.163634  -33.300000 48.605358  -33.300000 48.412343 
-33.200000 49.335818  -33.200000 48.428651  -33.200000 48.645083  -33.200000 48.634103 
-33.100000 49.308026  -33.100000 48.260635  -33.100000 48.368658  -33.100000 48.765586 
-33.000000 48.987054  -33.000000 48.609555  -33.000000 48.674138  -33.000000 48.818303 
-32.900000 50.071790  -32.900000 48.961478  -32.900000 48.753755  -32.900000 48.740956 
-32.800000 48.511218  -32.800000 49.524810  -32.800000 49.187481  -32.800000 48.905331 
-32.700000 49.473011  -32.700000 49.012834  -32.700000 49.083497  -32.700000 48.946787 
-32.600000 48.993989  -32.600000 48.556386  -32.600000 49.034011  -32.600000 49.115809 
-32.500000 50.587230  -32.500000 48.948281  -32.500000 49.392443  -32.500000 49.205868 
-32.400000 48.736101  -32.400000 48.948917  -32.400000 49.116515  -32.400000 49.289876 
-32.300000 49.175864  -32.300000 49.252930  -32.300000 49.557346  -32.300000 49.592309 
-32.200000 50.625967  -32.200000 49.360244  -32.200000 49.606137  -32.200000 49.430456 
-32.100000 49.812977  -32.100000 49.714178  -32.100000 49.921601  -32.100000 49.592837 
-32.000000 49.885194  -32.000000 50.006130  -32.000000 49.857955  -32.000000 49.723740 
-31.900000 50.497655  -31.900000 50.091346  -31.900000 49.607917  -31.900000 49.740283 
-31.800000 50.184349  -31.800000 50.171997  -31.800000 50.059100  -31.800000 49.927590 
-31.700000 49.564615  -31.700000 49.979459  -31.700000 49.989601  -31.700000 49.980434 
-31.600000 50.872307  -31.600000 50.128161  -31.600000 49.956774  -31.600000 50.090815 
-31.500000 50.490851  -31.500000 50.560640  -31.500000 50.492250  -31.500000 50.248931 
-31.400000 50.383759  -31.400000 50.160083  -31.400000 50.380764  -31.400000 50.389440 
-31.300000 49.926915  -31.300000 50.075930  -31.300000 50.355983  -31.300000 50.521322 
-31.200000 51.584973  -31.200000 50.495209  -31.200000 50.243408  -31.200000 50.560437 
-31.100000 51.135416  -31.100000 50.664970  -31.100000 50.438364  -31.100000 50.573574 
-31.000000 51.661283  -31.000000 50.896625  -31.000000 50.524010  -31.000000 50.729445 
-30.900000 51.317876  -30.900000 50.447714  -30.900000 50.711543  -30.900000 50.696682 
-30.800000 50.774324  -30.800000 50.471134  -30.800000 51.040587  -30.800000 50.814413 
-30.700000 52.293368  -30.700000 50.856841  -30.700000 50.908014  -30.700000 51.034213 
-30.600000 51.737058  -30.600000 51.042489  -30.600000 50.945569  -30.600000 51.122201 
-30.500000 51.974634  -30.500000 51.369422  -30.500000 51.107852  -30.500000 51.277078 
-30.400000 50.824460  -30.400000 51.495081  -30.400000 51.372589  -30.400000 51.285188 
-30.300000 51.338400  -30.300000 51.104652  -30.300000 51.145446  -30.300000 51.415476 
-30.200000 50.725929  -30.200000 51.635206  -30.200000 51.395965  -30.200000 51.629648 
-30.100000 52.438656  -30.100000 51.706779  -30.100000 51.475363  -30.100000 51.580374 
-30.000000 52.031658  -30.000000 51.926377  -30.000000 51.655240  -30.000000 51.729486 
-29.900000 52.314090  -29.900000 52.003712  -29.900000 51.619152  -29.900000 51.968497 
-29.800000 51.350051  -29.800000 51.925006  -29.800000 51.835072  -29.800000 51.939443 
-29.700000 53.262648  -29.700000 51.851255  -29.700000 51.964914  -29.700000 52.002705 
-29.600000 51.511092  -29.600000 51.702014  -29.600000 52.075265  -29.600000 52.072034 
-29.500000 53.164023  -29.500000 52.507537  -29.500000 52.098586  -29.500000 52.184848 
-29.400000 53.442035  -29.400000 52.402688  -29.400000 52.314623  -29.400000 52.312239 
-29.300000 53.158311  -29.300000 52.356606  -29.300000 52.111881  -29.300000 52.432616 
-29.200000 52.399533  -29.200000 52.782218  -29.200000 52.410952  -29.200000 52.563947 
-29.100000 52.564990  -29.100000 52.652909  -29.100000 52.678587  -29.100000 52.607582 
-29.000000 52.422851  -29.000000 52.946218  -29.000000 52.549655  -29.000000 52.664266 
-28.900000 52.859386  -28.900000 52.400528  -28.900000 52.918406  -28.900000 52.850071 
-28.800000 52.403017  -28.800000 53.103363  -28.800000 52.880779  -28.800000 52.932188 
-28.700000 53.516447  -28.700000 52.868101  -28.700000 53.059353  -28.700000 52.913632 
-28.600000 53.962743  -28.600000 52.823288  -28.600000 53.273210  -28.600000 53.118782 
-28.500000 53.185657  -28.500000 53.124146  -28.500000 52.984664  -28.500000 53.265141 
-28.400000 52.875932  -28.400000 53.229672  -28.400000 53.169054  -28.400000 53.280621 
-28.300000 53.576498  -28.300000 53.706147  -28.300000 53.190596  -28.300000 53.376436 
-28.200000 53.223913  -28.200000 52.970266  -28.200000 53.273696  -28.200000 53.595598 
-28.100000 52.355079  -28.100000 53.178152  -28.100000 53.548516  -28.100000 53.618666 
-28.000000 53.038112  -28.000000 53.957293  -28.000000 53.506212  -28.000000 53.876506 
-27.900000 53.329677  -27.900000 53.412805  -27.900000 53.771323  -27.900000 53.846262 
-27.800000 54.857076  -27.800000 53.834646  -27.800000 54.032686  -27.800000 53.925000 
-27.700000 53.377412  -27.700000 53.897617  -27.700000 54.178281  -27.700000 53.949724 
-27.600000 55.000258  -27.600000 53.913594  -27.600000 53.931722  -27.600000 54.159426 
-27.500000 53.539123  -27.500000 54.130254  -27.500000 54.103408  -27.500000 54.101613 
-27.400000 54.122732  -27.400000 53.741638  -27.400000 54.139551  -27.400000 54.342015 
-27.300000 55.295860  -27.300000 54.114716  -27.300000 54.449679  -27.300000 54.429978 
-27.200000 54.279314  -27.200000 54.753670  -27.200000 54.572529  -27.200000 54.581513 
-27.100000 54.961657  -27.100000 54.897017  -27.100000 54.505675  -27.100000 54.534654 
-27.000000 54.769917  -27.000000 54.459602  -27.000000 54.533749  -27.000000 54.561016 
-26.900000 54.890332  -26.900000 54.581037  -26.900000 54.942796  -26.900000 54.837312 
-26.800000 54.393351  -26.800000 54.794170  -26.800000 54.942452  -26.800000 54.783256 
-26.700000 55.124534  -26.700000 54.825249  -26.700000 54.788236  -26.700000 55.039775 
-26.600000 55.003824  -26.600000 55.328992  -26.600000 55.101121  -26.600000 55.071532 
-26.500000 55.242727  -26.500000 54.989591  -26.500000 55.017612  -26.500000 55.163081 
-26.400000 55.363493  -26.400000 55.066336  -26.400000 55.061723  -26.400000 55.292459 
-26.300000 55.540240  -26.300000 55.223459  -26.300000 55.304378  -26.300000 55.289905 
-26.200000 55.291490  -26.200000 56.125859  -26.200000 55.242978  -26.200000 55.598045 
-26.100000 56.336465  -26.100000 55.760780  -26.100000 55.455126  -26.100000 55.543399 
-26.000000 56.966339  -26.000000 55.875340  -26.000000 55.822358  -26.000000 55.603807 
-25.900000 55.456350  -25.900000 55.671728  -25.900000 56.004716  -25.900000 55.821407 
-25.800000 55.844233  -25.800000 56.008772  -25.800000 55.748490  -25.800000 55.835385 
-25.700000 56.990277  -25.700000 55.801523  -25.700000 55.845873  -25.700000 56.094223 
-25.600000 56.823945  -25.600000 55.768991  -25.600000 56.212145  -25.600000 56.191436 
-25.500000 55.923948  -25.500000 55.845185  -25.500000 56.008183  -25.500000 56.158648 
-25.400000 57.967489  -25.400000 56.115927  -25.400000 56.447243  -25.400000 56.234771 
-25.300000 56.447100  -25.300000 56.422895  -25.300000 56.412816  -25.300000 56.291604 
-25.200000 56.031821  -25.200000 55.909235  -25.200000 56.618099  -25.200000 56.462311 
-25.100000 57.041466  -25.100000 56.710615  -25.100000 56.519931  -25.100000 56.512108 
-25.000000 56.997216  -25.000000 56.548669  -25.000000 56.751975  -25.000000 56.850701 
-24.900000 57.044319  -24.900000 56.675507  -24.900000 56.768311  -24.900000 56.710591 
-24.800000 57.035992  -24.800000 56.843395  -24.800000 56.643590  -24.800000 56.906902 
-24.700000 56.325746  -24.700000 57.168939  -24.700000 56.767148  -24.700000 57.167834 
-24.600000 57.729381  -24.600000 56.840236  -24.600000 57.311285  -24.600000 57.121683 
-24.500000 57.020534  -24.500000 57.470856  -24.500000 57.430517  -24.500000 57.118539 
-24.400000 58.431617  -24.400000 56.937642  -24.400000 57.110537  -24.400000 57.267123 
-24.300000 56.981185  -24.300000 56.873785  -24.300000 57.433877  -24.300000 57.436465 
-24.200000 57.666170  -24.200000 57.220893  -24.200000 57.405523  -24.200000 57.404144 
-24.100000 57.475389  -24.100000 57.735948  -24.100000 57.583632  -24.100000 57.529559 
-24.000000 57.852226  -24.000000 57.339649  -24.000000 57.650291  -24.000000 57.541482 
-23.900000 58.027724  -23.900000 57.430053  -23.900000 57.877698  -23.900000 57.854634 
-23.800000 57.228429  -23.800000 58.042660  -23.800000 58.170925  -23.800000 57.916205 
-23.700000 57.721161  -23.700000 57.947516  -23.700000 57.785689  -23.700000 57.987118 
-23.600000 57.485703  -23.600000 57.897086  -23.600000 58.052570  -23.600000 58.047936 
-23.500000 56.799043  -23.500000 58.239683  -23.500000 58.184148  -23.500000 58.273239 
-23.400000 59.899367  -23.400000 58.075198  -23.400000 58.087558  -23.400000 58.243436 
-23.300000 58.307284  -23.300000 58.596751  -23.300000 58.263247  -23.300000 58.281962 
-23.200000 60.362282  -23.200000 58.338782  -23.200000 58.570291  -23.200000 58.543921 
-23.100000 57.723374  -23.100000 57.933276  -23.100000 58.458318  -23.100000 58.578152 
-23.000000 58.946524  -23.000000 58.292277  -23.000000 58.904079  -23.000000 58.633210 
-22.900000 59.459998  -22.900000 58.606689  -22.900000 58.536691  -22.900000 58.724184 
-22.800000 58.831337  -22.800000 59.047929  -22.800000 58.755074  -22.800000 58.898922 
-22.700000 58.760387  -22.700000 58.762836  -22.700000 58.793140  -22.700000 58.928915 
-22.600000 59.130432  -22.600000 59.091970  -22.600000 58.780326  -22.600000 59.092123 
-22.500000 58.666528  -22.500000 58.974079  -22.500000 58.950440  -22.500000 59.175749 
-22.400000 59.974737  -22.400000 59.258095  -22.400000 59.221823  -22.400000 59.247709 
-22.300000 59.378045  -22.300000 59.094949  -22.300000 59.186114  -22.300000 59.452373 
-22.200000 60.330618  -22.200000 60.116571  -22.200000 59.363121  -22.200000 59.436248 
-22.100000 59.910806  -22.100000 59.666711  -22.100000 59.445643  -22.100000 59.456741 
-22.000000 58.833413  -22.000000 60.166725  -22.000000 59.492871  -22.000000 59.724620 
-21.900000 59.660908  -21.900000 59.651686  -21.900000 59.658833  -21.900000 59.756405 
-21.800000 59.149141  -21.800000 59.262131  -21.800000 59.616716  -21.800000 59.754118 
-21.700000 60.906981  -21.700000 59.773388  -21.700000 59.854861  -21.700000 59.837749 
-21.600000 60.636039  -21.600000 60.101731  -21.600000 59.896409  -21.600000 59.972484 
-21.500000 60.455089  -21.500000 60.364520  -21.500000 59.877121  -21.500000 60.069464 
-21.400000 60.036227  -21.400000 60.200864  -21.400000 60.288716  -21.400000 60.137315 
-21.300000 60.379073  -21.300000 60.043027  -21.300000 60.209746  -21.300000 60.335275 
-21.200000 60.861825  -21.200000 60.390196  -21.200000 60.261647  -21.200000 60.464463 
-21.100000 60.495732  -21.100000 60.312553  -21.100000 60.522774  -21.100000 60.617329 
-21.000000 60.773588  -21.000000 60.278473  -21.000000 60.369294  -21.000000 60.539841 
-20.900000 60.377126  -20.900000 60.931991  -20.900000 60.817372  -20.900000 60.720789 
-20.800000 59.914071  -20.800000 60.712258  -20.800000 60.973869  -20.800000 60.866552 
-20.700000 61.647440  -20.700000 61.127279  -20.700000 60.781076  -20.700000 61.073289 
-20.600000 61.000661  -20.600000 60.520358  -20.600000 61.162913  -20.600000 61.116128 
-20.500000 61.279430  -20.500000 60.515980  -20.500000 61.142791  -20.500000 61.023020 
-20.400000 60.877128  -20.400000 61.308573  -20.400000 61.078790  -20.400000 61.339037 
-20.300000 61.401805  -20.300000 60.709175  -20.300000 61.305999  -20.300000 61.212143 
-20.200000 62.468356  -20.200000 61.516186  -20.200000 61.398966  -20.200000 61.339526 
-20.100000 61.413878  -20.100000 62.078990  -20.100000 61.299811  -20.100000 61.525928 
-20.000000 61.556038  -20.000000 61.826951  -20.000000 61.708520  -20.000000 61.520991 
-19.900000 61.717665  -19.900000 61.460504  -19.900000 61.599241  -19.900000 61.744473 
-19.800000 61.851104  -19.800000 61.868443  -19.800000 61.834447  -19.800000 61.795963 
-19.700000 61.618499  -19.700000 61.845635  -19.700000 61.943178  -19.700000 61.867852 
-19.600000 63.357983  -19.600000 62.799189  -19.600000 61.995640  -19.600000 61.983101 
-19.500000 62.019521  -19.500000 62.482285  -19.500000 62.051374  -19.500000 62.104204 
-19.400000 62.205343  -19.400000 61.798260  -19.400000 62.150939  -19.400000 62.102362 
-19.300000 62.284269  -19.300000 62.597173  -19.300000 62.042568  -19.300000 62.232002 
-19.200000 62.067143  -19.200000 62.247879  -19.200000 62.299776  -19.200000 62.358661 
-19.100000 61.847250  -19.100000 62.327177  -19.100000 62.602751  -19.100000 62.510752 
-19.000000 62.616371  -19.000000 62.379197  -19.000000 62.704940  -19.000000 62.415780 
-18.900000 63.301652  -18.900000 62.781302  -18.900000 62.597789  -18.900000 62.598283 
-18.800000 63.174148  -18.800000 62.761340  -18.800000 62.659790  -18.800000 62.679748 
-18.700000 62.508130  -18.700000 63.198736  -18.700000 62.656688  -18.700000 62.781992 
-18.600000 62.280178  -18.600000 63.542654  -18.600000 62.904582  -18.600000 62.998282 
-18.500000 64.245267  -18.500000 63.291073  -18.500000 62.881731  -18.500000 63.014003 
-18.400000 62.652207  -18.400000 63.267545  -18.400000 63.041999  -18.400000 63.081926 
-18.300000 64.569537  -18.300000 63.364281  -18.300000 63.041299  -18.300000 63.333676 
-18.200000 64.363958  -18.200000 63.016684  -18.200000 63.278692  -18.200000 63.185330 
-18.100000 62.781391  -18.100000 63.005942  -18.100000 63.584138  -18.100000 63.340038 
-18.000000 64.091342  -18.000000 63.677861  -18.000000 63.232060  -18.000000 63.381475 
-17.900000 63.648345  -17.900000 63.383067  -17.900000 63.524077  -17.900000 63.551435 
-17.800000 63.992228  -17.800000 63.618312  -17.800000 63.499928  -17.800000 63.835311 
-17.700000 63.395853  -17.700000 63.676744  -17.700000 64.148142  -17.700000 63.708478 
-17.600000 63.365283  -17.600000 64.063530  -17.600000 63.952014  -17.600000 63.953215 
-17.500000 63.818816  -17.500000 64.294541  -17.500000 63.714884  -17.500000 64.046508 
-17.400000 64.256917  -17.400000 63.865649  -17.400000 64.202667  -17.400000 64.068990 
-17.300000 63.668023  -17.300000 63.980025  -17.300000 64.216448  -17.300000 64.034445 
-17.200000 65.462175  -17.200000 64.323921  -17.200000 64.317601  -17.200000 64.284300 
-17.100000 63.753220  -17.100000 64.564761  -17.100000 64.493490  -17.100000 64.391705 
-17.000000 64.110146  -17.000000 64.257617  -17.000000 64.595095  -17.000000 64.353345 
-16.900000 64.648247  -16.900000 64.583907  -16.900000 64.859131  -16.900000 64.579783 
-16.800000 65.377700  -16.800000 64.506605  -16.800000 64.574041  -16.800000 64.700668 
-16.700000 65.036480  -16.700000 64.843451  -16.700000 64.700133  -16.700000 64.684017 
-16.600000 64.113272  -16.600000 64.794855  -16.600000 64.804713  -16.600000 64.900478 
-16.500000 64.738220  -16.500000 65.239330  -16.500000 64.874774  -16.500000 65.018454 
-16.400000 65.988536  -16.400000 65.065447  -16.400000 64.910712  -16.400000 64.984832 
-16.300000 65.640507  -16.300000 65.692197  -16.300000 65.273073  -16.300000 65.084302 
-16.200000 66.075738  -16.200000 65.194579  -16.200000 65.459776  -16.200000 65.191072 
-16.100000 64.991256  -16.100000 65.767036  -16.100000 65.286854  -16.100000 65.293509 
-16.000000 64.857392  -16.000000 65.277080  -16.000000 65.441855  -16.000000 65.427501 
-15.900000 65.088543  -15.900000 65.863737  -15.900000 65.513284  -15.900000 65.460976 
-15.800000 66.065908  -15.800000 65.224368  -15.800000 65.556343  -15.800000 65.604574 
-15.700000 66.202677  -15.700000 65.814139  -15.700000 65.789791  -15.700000 65.694388 
-15.600000 66.522855  -15.600000 66.060979  -15.600000 65.831604  -15.600000 65.856419 
-15.500000 65.975144  -15.500000 65.835236  -15.500000 65.992309  -15.500000 65.974387 
-15.400000 66.538924  -15.400000 65.886503  -15.400000 66.124413  -15.400000 66.007993 
-15.300000 66.498180  -15.300000 65.740934  -15.300000 66.445032  -15.300000 66.059820 
-15.200000 66.331684  -15.200000 66.580414  -15.200000 66.358459  -15.200000 66.307185 
-15.100000 67.008848  -15.100000 66.039039  -15.100000 66.193345  -15.100000 66.191605 
-15.000000 67.133661  -15.000000 66.175383  -15.000000 66.511129  -15.000000 66.401688 
-14.900000 66.074425  -14.900000 66.628391  -14.900000 66.328601  -14.900000 66.405990 
-14.800000 67.149930  -14.800000 66.607156  -14.800000 66.699274  -14.800000 66.567206 
-14.700000 66.996145  -14.700000 66.539873  -14.700000 66.659461  -14.700000 66.691014 
-14.600000 66.813266  -14.600000 66.801356  -14.600000 66.754870  -14.600000 66.822110 
-14.500000 66.919944  -14.500000 66.445575  -14.500000 66.964366  -14.500000 66.785780 
-14.400000 66.935331  -14.400000 67.012169  -14.400000 66.734447  -14.400000 66.992913 
-14.300000 67.118301  -14.300000 67.100923  -14.300000 67.110484  -14.300000 67.064816 
-14.200000 67.425029  -14.200000 67.003914  -14.200000 67.384282  -14.200000 67.118159 
-14.100000 67.474359  -14.100000 67.603213  -14.100000 67.082623  -14.100000 67.373062 
-14.000000 69.226641  -14.000000 67.664137  -14.000000 67.470992  -14.000000 67.312768 
-13.900000 67.120231  -13.900000 67.937220  -13.900000 67.536070  -13.900000 67.488611 
-13.800000 67.642827  -13.800000 67.563954  -13.800000 67.505365  -13.800000 67.571717 
-13.700000 67.768450  -13.700000 67.822606  -13.700000 67.717338  -13.700000 67.617691 
-13.600000 67.397409  -13.600000 67.464126  -13.600000 67.914023  -13.600000 67.596971 
-13.500000 68.073748  -13.500000 67.871005  -13.500000 67.927994  -13.500000 67.810646 
-13.400000 68.055014  -13.400000 68.185830  -13.400000 68.087337  -13.400000 67.822818 
-13.300000 67.117092  -13.300000 68.153773  -13.300000 68.015270  -13.300000 68.048197 
-13.200000 68.712709  -13.200000 67.910366  -13.200000 68.000000  -13.200000 67.969478 
-13.100000 68.811678  -13.100000 68.457491  -13.100000 68.003529  -13.100000 68.121353 
-13.000000 68.696779  -13.000000 68.864419  -13.000000 68.457776  -13.000000 68.218430 
-12.900000 69.885647  -12.900000 68.564621  -12.900000 68.249009  -12.900000 68.309660 
-12.800000 69.968083  -12.800000 68.704719  -12.800000 68.335223  -12.800000 68.432543 
-12.700000 68.511263  -12.700000 68.449274  -12.700000 68.383235  -12.700000 68.508460 
-12.600000 68.970157  -12.600000 68.648264  -12.600000 68.647537  -12.600000 68.557402 
-12.500000 69.182591  -12.500000 69.172732  -12.500000 68.487924  -12.500000 68.638843 
-12.400000 69.132902  -12.400000 69.017331  -12.400000 68.837894  -12.400000 68.765740 
-12.300000 69.757604  -12.300000 69.524583  -12.300000 68.908131  -12.300000 68.873309 
-12.200000 69.322185  -12.200000 69.047684  -12.200000 69.199275  -12.200000 69.072276 
-12.100000 69.847563  -12.100000 68.679488  -12.100000 69.166320  -12.100000 69.141711 
-12.000000 70.301328  -12.000000 69.166558  -12.000000 69.255551  -12.000000 69.171128 
-11.900000 69.556612  -11.900000 69.470700  -11.900000 69.288794  -11.900000 69.144690 
-11.800000 68.802659  -11.800000 69.594544  -11.800000 69.201920  -11.800000 69.359243 
-11.700000 69.148259  -11.700000 69.602295  -11.700000 69.445696  -11.700000 69.399582 
-11.600000 70.610995  -11.600000 69.494326  -11.600000 69.531212  -11.600000 69.433705 
-11.500000 70.972950  -11.500000 70.045077  -11.500000 69.831193  -11.500000 69.595844 
-11.400000 70.286159  -11.400000 69.983570  -11.400000 70.017803  -11.400000 69.556794 
-11.300000 70.202725  -11.300000 70.080807  -11.300000 69.771274  -11.300000 69.766347 
-11.200000 70.239913  -11.200000 70.266199  -11.200000 69.766552  -11.200000 69.972756 
-11.100000 70.920363  -11.100000 70.760341  -11.100000 70.298388  -11.100000 69.929141 
-11.000000 70.584604  -11.000000 70.100448  -11.000000 70.175462  -11.000000 70.061456 
-10.900000 70.318289  -10.900000 70.924132  -10.900000 70.331309  -10.900000 70.094568 
-10.800000 70.426708  -10.800000 71.119641  -10.800000 70.521847  -10.800000 70.390288 
-10.700000 71.385188  -10.700000 70.180104  -10.700000 70.489631  -10.700000 70.313417 
-10.600000 71.604763  -10.600000 71.042215  -10.600000 70.428779  -10.600000 70.593606 
-10.500000 71.937425  -10.500000 70.965224  -10.500000 70.786681  -10.500000 70.492900 
-10.400000 71.161403  -10.400000 70.708525  -10.400000 71.000518  -10.400000 70.745011 
-10.300000 71.850195  -10.300000 70.812683  -10.300000 71.093475  -10.300000 70.779296 
-10.200000 71.158579  -10.200000 71.215064  -10.200000 71.024243  -10.200000 70.801478 
-10.100000 71.629648  -10.100000 71.037846  -10.100000 71.283539  -10.100000 70.896207 
-10.000000 71.321869  -10.000000 71.683764  -10.000000 71.259069  -10.000000 70.917294 
-9.900000 71.929047  -9.900000 70.863099  -9.900000 71.400740  -9.900000 71.104276 
-9.800000 71.193053  -9.800000 71.155225  -9.800000 71.209499  -9.800000 71.132371 
-9.700000 71.802943  -9.700000 71.449802  -9.700000 71.478058  -9.700000 71.285829 
-9.600000 71.661014  -9.600000 71.497074  -9.600000 71.757307  -9.600000 71.431436 
-9.500000 72.139781  -9.500000 71.709327  -9.500000 71.766670  -9.500000 71.445688 
-9.400000 71.308249  -9.400000 71.936729  -9.400000 71.646893  -9.400000 71.542711 
-9.300000 72.217589  -9.300000 72.117336  -9.300000 71.723274  -9.300000 71.626058 
-9.200000 72.973457  -9.200000 71.739195  -9.200000 71.744391  -9.200000 71.671319 
-9.100000 72.793119  -9.100000 72.629309  -9.100000 72.290647  -9.100000 71.829284 
-9.000000 73.606421  -9.000000 72.115824  -9.000000 71.904771  -9.000000 71.977530 
-8.900000 72.212667  -8.900000 72.109684  -8.900000 72.238671  -8.900000 72.008272 
-8.800000 72.943141  -8.800000 72.492810  -8.800000 72.162856  -8.800000 72.002668 
-8.700000 71.960123  -8.700000 72.318168  -8.700000 72.265144  -8.700000 72.123350 
-8.600000 73.516638  -8.600000 72.336110  -8.600000 72.305858  -8.600000 72.136129 
-8.500000 73.432870  -8.500000 72.675087  -8.500000 72.641100  -8.500000 72.254513 
-8.400000 73.497629  -8.400000 72.991337  -8.400000 72.596846  -8.400000 72.355679 
-8.300000 73.829991  -8.300000 72.477664  -8.300000 72.590472  -8.300000 72.428988 
-8.200000 73.473744  -8.200000 72.497570  -8.200000 72.772784  -8.200000 72.551105 
-8.100000 73.782602  -8.100000 72.767633  -8.100000 72.711810  -8.100000 72.621044 
-8.000000 73.893085  -8.000000 72.785951  -8.000000 73.073456  -8.000000 72.722510 
-7.900000 73.269283  -7.900000 72.992142  -7.900000 72.830576  -7.900000 72.765622 
-7.800000 73.674745  -7.800000 73.462971  -7.800000 73.444010  -7.800000 72.872256 
-7.700000 73.910532  -7.700000 73.332960  -7.700000 73.253672  -7.700000 72.998799 
-7.600000 72.746123  -7.600000 73.460114  -7.600000 73.462769  -7.600000 73.018381 
-7.500000 73.610380  -7.500000 73.457798  -7.500000 73.527212  -7.500000 73.225119 
-7.400000 74.369778  -7.400000 73.953521  -7.400000 73.494588  -7.400000 73.275105 
-7.300000 73.823488  -7.300000 73.663571  -7.300000 73.675143  -7.300000 73.375129 
-7.200000 74.138267  -7.200000 73.803156  -7.200000 73.681629  -7.200000 73.471808 
-7.100000 73.522740  -7.100000 73.598844  -7.100000 73.722020  -7.100000 73.453919 
-7.000000 74.748781  -7.000000 74.348579  -7.000000 73.777099  -7.000000 73.557171 
-6.900000 74.662603  -6.900000 73.797698  -6.900000 73.957618  -6.900000 73.754444 
-6.800000 74.828268  -6.800000 74.301344  -6.800000 73.872461  -6.800000 73.776425 
-6.700000 74.936816  -6.700000 74.736499  -6.700000 74.008797  -6.700000 73.791991 
-6.600000 75.103175  -6.600000 74.883436  -6.600000 74.044362  -6.600000 73.917401 
-6.500000 74.450477  -6.500000 74.212380  -6.500000 74.474658  -6.500000 73.972577 
-6.400000 74.936411  -6.400000 74.834301  -6.400000 74.315118  -6.400000 74.084681 
-6.300000 75.091530  -6.300000 74.567512  -6.300000 74.618223  -6.300000 74.192159 
-6.200000 74.949056  -6.200000 74.858164  -6.200000 74.533293  -6.200000 74.315189 
-6.100000 75.036303  -6.100000 75.174060  -6.100000 74.659124  -6.100000 74.401032 
-6.000000 75.783884  -6.000000 74.639873  -6.000000 74.561514  -6.000000 74.445706 
-5.900000 75.559025  -5.900000 74.738308  -5.900000 74.744845  -5.900000 74.455008 
-5.800000 75.523102  -5.800000 75.542162  -5.800000 74.744822  -5.800000 74.628415 
-5.700000 75.423680  -5.700000 74.976452  -5.700000 74.849228  -5.700000 74.720768 
-5.600000 75.140166  -5.600000 75.910501  -5.600000 75.067512  -5.600000 74.730754 
-5.500000 75.788590  -5.500000 75.286857  -5.500000 75.353441  -5.500000 74.784400 
-5.400000 75.416900  -5.400000 75.002072  -5.400000 75.015718  -5.400000 74.929157 
-5.300000 75.073021  -5.300000 76.047328  -5.300000 75.409659  -5.300000 74.956735 
-5.200000 75.455054  -5.200000 75.750583  -5.200000 75.213163  -5.200000 75.032353 
-5.100000 75.736003  -5.100000 75.899685  -5.100000 75.324575  -5.100000 75.162491 
-5.000000 75.972088  -5.000000 76.084048  -5.000000 75.610925  -5.000000 75.260630 
-4.900000 74.928204  -4.900000 76.197698  -4.900000 75.710557  -4.900000 75.291761 
-4.800000 76.345533  -4.800000 75.570035  -4.800000 75.829748  -4.800000 75.412293 
-4.700000 77.174942  -4.700000 76.566583  -4.700000 75.961833  -4.700000 75.450812 
-4.600000 76.081071  -4.600000 76.224217  -4.600000 75.916071  -4.600000 75.545745 
-4.500000 77.339930  -4.500000 76.090622  -4.500000 75.813709  -4.500000 75.607361 
-4.400000 76.464250  -4.400000 76.019770  -4.400000 76.036042  -4.400000 75.724509 
-4.300000 76.668487  -4.300000 76.601260  -4.300000 76.042182  -4.300000 75.826018 
-4.200000 76.006191  -4.200000 76.407713  -4.200000 76.310368  -4.200000 75.785161 
-4.100000 77.118655  -4.100000 77.176977  -4.100000 76.640116  -4.100000 75.976369 
-4.000000 77.900721  -4.000000 76.838039  -4.000000 76.508460  -4.000000 76.051197 
-3.900000 77.829319  -3.900000 76.847166  -3.900000 76.597839  -3.900000 76.069896 
-3.800000 77.859207  -3.800000 76.814892  -3.800000 76.480504  -3.800000 76.209646 
-3.700000 76.735958  -3.700000 77.140000  -3.700000 76.674457  -3.700000 76.205379 
-3.600000 77.324975  -3.600000 77.577951  -3.600000 76.675379  -3.600000 76.352333 
-3.500000 77.713944  -3.500000 77.288913  -3.500000 76.793080  -3.500000 76.457032 
-3.400000 77.067698  -3.400000 77.414312  -3.400000 76.953202  -3.400000 76.355805 
-3.300000 78.668301  -3.300000 77.332884  -3.300000 77.127600  -3.300000 76.558360 
-3.200000 76.664834  -3.200000 77.329792  -3.200000 77.034425  -3.200000 76.631926 
-3.100000 77.954467  -3.100000 77.891423  -3.100000 77.421087  -3.100000 76.719736 
-3.000000 78.028988  -3.000000 78.229532  -3.000000 77.343569  -3.000000 76.749253 
-2.900000 78.728046  -2.900000 77.750460  -2.900000 77.307867  -2.900000 76.828200 
-2.800000 78.130787  -2.800000 77.769135  -2.800000 77.406214  -2.800000 76.966448 
-2.700000 78.318489  -2.700000 78.047016  -2.700000 77.433801  -2.700000 76.947545 
-2.600000 78.216190  -2.600000 77.795504  -2.600000 77.422878  -2.600000 77.122204 
-2.500000 78.397290  -2.500000 78.263622  -2.500000 77.736515  -2.500000 77.258772 
-2.400000 79.257133  -2.400000 78.289120  -2.400000 77.752393  -2.400000 77.140952 
-2.300000 78.920778  -2.300000 77.944921  -2.300000 77.632859  -2.300000 77.269599 
-2.200000 78.167185  -2.200000 78.725215  -2.200000 78.044431  -2.200000 77.298398 
-2.100000 78.734074  -2.100000 78.517871  -2.100000 77.875172  -2.100000 77.515816 
-2.000000 80.287710  -2.000000 78.360698  -2.000000 78.245786  -2.000000 77.438797 
-1.900000 79.014478  -1.900000 79.270548  -1.900000 78.096228  -1.900000 77.577718 
-1.800000 79.944498  -1.800000 78.567865  -1.800000 78.204547  -1.800000 77.681011 
-1.700000 79.488252  -1.700000 78.581466  -1.700000 78.175676  -1.700000 77.801877 
-1.600000 79.830426  -1.600000 78.689771  -1.600000 78.308861  -1.600000 77.867808 
-1.500000 79.592406  -1.500000 79.348829  -1.500000 78.323363  -1.500000 77.780607 
-1.400000 81.522926  -1.400000 78.913668  -1.400000 78.496967  -1.400000 77.931302 
-1.300000 79.718079  -1.300000 78.819601  -1.300000 78.380799  -1.300000 77.942573 
-1.200000 80.300057  -1.200000 79.288285  -1.200000 78.768012  -1.200000 77.962348 
-1.100000 80.219904  -1.100000 79.299037  -1.100000 78.821374  -1.100000 78.113388 
-1.000000 79.808327  -1.000000 78.828125  -1.000000 78.848843  -1.000000 78.251184 
-0.900000 81.275804  -0.900000 80.196434  -0.900000 78.997451  -0.900000 78.252355 
-0.800000 79.054597  -0.800000 79.965026  -0.800000 79.098834  -0.800000 78.334478 
-0.700000 79.257904  -0.700000 79.492354  -0.700000 78.809313  -0.700000 78.492254 
-0.600000 80.240596  -0.600000 79.686889  -0.600000 79.165646  -0.600000 78.444620 
-0.500000 79.846419  -0.500000 79.584190  -0.500000 78.997129  -0.500000 78.525914 
-0.400000 80.099070  -0.400000 79.438685  -0.400000 79.178139  -0.400000 78.553422 
-0.300000 80.217927  -0.300000 80.291131  -0.300000 79.360381  -0.300000 78.600974 
-0.200000 79.871497  -0.200000 80.189011  -0.200000 79.152697  -0.200000 78.736570 
-0.100000 81.657002  -0.100000 80.353213  -0.100000 79.358192  -0.100000 78.808946 
