# callgrind format
version: 1
creator: callgrind-3.13.0
pid: 6348
cmd:  ./lab2 1 1000
part: 1


desc: I1 cache: 
desc: D1 cache: 
desc: LL cache: 

desc: Timerange: Basic block 0 - 19323561675
desc: Trigger: Program termination

positions: line
events: Ir
summary: 234137149225


ob=(1) /lib/x86_64-linux-gnu/ld-2.26.so
fl=(12) /build/glibc-itYbWN/glibc-2.26/elf/../sysdeps/unix/sysv/linux/x86_64/brk.c
fn=(22) brk
31 7
+8 1
-6 2
+7 1

fl=(24) /build/glibc-itYbWN/glibc-2.26/elf/dl-load.c
fn=(78) fillin_rpath
444 2
+2 1
-2 14
+4 3
cfi=(19) /build/glibc-itYbWN/glibc-2.26/elf/dl-minimal.c
cfn=(80) strsep
calls=1 265 
* 238
* 3
cfi=(19)
cfn=(80)
calls=1 265 
* 6
* 6
+7 2
+35 17
+1 8
+55 2
+2 2
cob=(2) ???
cfi=(18) ???
cfn=(84) 0x0000000004000d10
calls=1 0 
* 7
* 1
-39 2
+4 8
-1 1
cfi=(19)
cfn=(46) malloc
calls=1 50 
* 18
* 1
+3 1
-3 1
+3 3
+5 1
+1 3
-2 1
+2 1
cfi=(20) /build/glibc-itYbWN/glibc-2.26/string/../sysdeps/x86_64/multiarch/memmove-vec-unaligned-erms.S
cfn=(72) mempcpy
calls=1 117 
* 12
+3 1
-3 1
+3 1
-2 1
+2 1
+6 4
+1 11
+1 5
-1 19
+1 6
-1 1
+1 1
-1 3
+1 1
-1 2
+4 1
-1 2
+1 1
+7 1
+1 2
383 3
cfi=(28) /build/glibc-itYbWN/glibc-2.26/string/../sysdeps/x86_64/multiarch/../strchr.S
cfn=(76) index
calls=1 24 
* 23
* 2
+4 2
cfi=(29) /build/glibc-itYbWN/glibc-2.26/string/strdup.c
cfn=(82) strdup
calls=1 40 
* 62
* 1
+74 2
+5 2
cfi=(13) /build/glibc-itYbWN/glibc-2.26/string/../sysdeps/x86_64/multiarch/../strlen.S
cfn=(28) strlen
calls=1 79 
* 16
+1 2
+7 6
+4 1
+1 1
+4 4
+26 2
+43 1
+3 11
-24 2
+9 2

fn=(106) _dl_map_object
2149 42
+8 6
-8 12
+8 6
+1 24
+3 93
+5 126
+2 54
cfi=(35) /build/glibc-itYbWN/glibc-2.26/elf/dl-misc.c
cfn=(108) _dl_name_match_p
calls=18 284 
* 1851
* 36
+4 30
+1 45
+3 6
+1 6
+1 6
-1 6
+1 6
cfi=(21) /build/glibc-itYbWN/glibc-2.26/string/../sysdeps/x86_64/strcmp.S
cfn=(56) strcmp
calls=6 144 
* 144
* 12
2460 54
2195 6
+9 3
-53 3
+53 6
+36 6
-2 3
+2 3
cfi=(28)
cfn=(76)
calls=3 24 
* 69
* 6
2391 2
383 3
cfi=(28)
cfn=(76)
calls=1 24 
* 47
* 2
+4 2
cfi=(29)
cfn=(82)
calls=1 40 
* 88
2392 1
-3 1
+3 2
+4 10
cfn=(110) open_verify.constprop.7
calls=1 1677 
* 295
+3 2
-3 1
+3 3
+12 3
+46 1
+1 4
-1 1
+1 8
cfn=(116) _dl_map_object_from_fd
calls=1 893 
* 1363
-1 2
+1 8
-1 2
+1 16
cfn=(116)
calls=2 893 
* 3084
* 9
2244 4
cfi=(13)
cfn=(28)
calls=2 79 
* 32
* 2
+2 2
-2 2
+2 2
+7 8
+35 4
+1 28
cfn=(138) open_path
calls=2 2000 
* 1645
+6 4
-6 2
+6 2
666 2
2296 2
666 4
2383 4
+28 6
+2 8
2257 2
+8 4
-8 2
+8 2
-8 2
+8 14
-3 6
666 2
2263 2
666 4
2318 2
-14 2
+14 2
+2 6
+4 4
cfi=(47) /build/glibc-itYbWN/glibc-2.26/elf/dl-cache.c
cfn=(142) _dl_load_cache_lookup
calls=2 186 
* 2961
+2 2
-2 2
+2 2
+4 4
+8 6
+23 18
cfn=(110)
calls=2 1677 
* 724
+4 2
-4 2
+4 6
+1 6
-89 10
+1 14
666 2
2279 2
666 4

fn=(110)
1677 132
+39 12
-39 36
+39 46
+31 48
cfi=(36) /build/glibc-itYbWN/glibc-2.26/io/../sysdeps/unix/sysv/linux/open64.c
cfn=(112) open
calls=12 32 
* 219
+2 12
-2 12
+2 15
+10 3
+1 6
+5 24
cfi=(37) /build/glibc-itYbWN/glibc-2.26/io/../sysdeps/unix/sysv/linux/read.c
cfn=(114) read
calls=3 26 
* 18
+2 6
+2 3
+2 3
-2 6
+2 3
+6 6
+16 12
cfi=(16) /build/glibc-itYbWN/glibc-2.26/string/../sysdeps/x86_64/memcmp.S
cfn=(36) bcmp
calls=3 24 
* 90
* 27
cfi=(16)
cfn=(36)
calls=3 24 
* 108
* 9
+74 6
+5 6
+2 12
+6 6
+11 6
+6 3
+1 3
-1 9
+1 9
+1 6
+20 105
+2 49
+4 12
+1 9
+13 3
+1 3
-1 3
+1 3
-1 3
+1 3
-2 3
+4 9
+5 2
+1 2
-13 8
cfi=(16)
cfn=(36)
calls=2 24 
* 50
* 12
cfi=(16)
cfn=(36)
calls=3 24 
* 90
* 10
+16 4
+3 2
+1 6
+1 2
-1 2
-1 2
+3 6
+1 10
+5 9
+23 108
1786 2
+7 8
cfi=(16)
cfn=(36)
calls=2 24 
* 48
* 4

fn=(116)
893 33
+10 3
-10 3
+10 3
-10 9
+10 3
cfi=(30) /build/glibc-itYbWN/glibc-2.26/elf/dl-debug.c
cfn=(88) _dl_debug_initialize
calls=3 50 
* 24
fi=(38) /build/glibc-itYbWN/glibc-2.26/elf/../sysdeps/posix/dl-fileid.h
37 9
fe=(24)
903 3
fi=(38)
37 3
cfi=(39) /build/glibc-itYbWN/glibc-2.26/io/../sysdeps/unix/sysv/linux/wordsize-64/fxstat.c
cfn=(120) _fxstat
calls=3 -3 
* 27
* 6
+4 3
fe=(24)
919 3
fi=(38)
40 3
+1 3
fe=(24)
919 48
+1 18
fi=(38)
49 24
fe=(24)
1425 27
937 6
+24 12
+10 6
+22 12
+32 6
904 3
1028 21
cfi=(17) /build/glibc-itYbWN/glibc-2.26/elf/dl-object.c
cfn=(38) _dl_new_object
calls=3 61 
* 1074
+1 3
-1 3
+1 3
+11 6
+5 3
-5 3
+1 6
+1 3
+2 3
-2 3
+2 6
+1 9
+1 3
+19 3
-2 3
+10 3
-8 18
+8 3
-8 6
+8 3
+91 30
-90 45
-1 144
+1 135
+6 6
+1 9
+1 3
+3 2
+1 1
+5 30
+5 48
+9 18
-1 18
+1 6
+1 12
+2 6
-2 6
+1 6
-1 6
+3 6
+4 6
-7 6
+2 6
+1 6
+4 6
+1 18
+5 3
-1 3
+1 3
-15 3
+14 3
+1 15
+10 3
-10 3
-1 3
+1 3
-15 3
+14 3
+1 15
+10 3
+3 3
+4 1
+1 1
+1 1
-1 2
+1 1
+3 3
+1 1
+3 1
-3 1
+7 4
+6 1
cfi=(31) /build/glibc-itYbWN/glibc-2.26/elf/../elf/dl-tls.c
cfn=(150) _dl_next_tls_modid
calls=1 52 
* 6
* 2
+1 1
+19 6
+1 9
+1 3
-6 6
+1 3
+8 12
1041 3
1189 3
1041 3
1189 3
+10 6
fi=(41) /build/glibc-itYbWN/glibc-2.26/elf/./dl-map-segments.h
56 3
fe=(24)
1199 6
fi=(41)
56 3
fe=(24)
1199 6
fi=(41)
56 12
-6 6
fe=(24)
1199 9
fi=(41)
56 3
cfi=(40) /build/glibc-itYbWN/glibc-2.26/misc/../sysdeps/unix/sysv/linux/mmap64.c
cfn=(122) mmap
calls=3 -12 
* 111
+4 3
-4 3
+4 6
+3 6
+1 3
+2 3
-2 3
-1 3
+3 3
+14 6
fi=(43) /build/glibc-itYbWN/glibc-2.26/elf/./dl-load.h
+10 12
+1 9
+2 12
fi=(41)
+11 24
+6 3
+2 3
-2 3
+1 3
+2 6
-1 12
+8 6
+17 6
+12 6
-59 30
+2 12
fe=(24)
1211 12
+9 6
fi=(3) /build/glibc-itYbWN/glibc-2.26/elf/get-dynamic-info.h
42 3
fe=(24)
1220 3
fi=(3)
42 3
+6 3
-2 3
+2 6
+15 3
+5 3
+3 3
-1 3
-3 3
-3 62
+10 14
-26 42
+16 57
+10 57
-26 171
+26 3
-26 9
+2 148
+13 68
+2 12
+3 12
+13 6
+20 11
+1 12
+1 12
+1 12
+2 12
+5 12
+1 11
+1 12
+6 9
+5 6
+7 6
+1 9
+16 9
+5 2
+2 2
-2 2
+2 2
+2 4
+2 4
+3 9
+10 1
-8 4
+8 1
+5 2
+3 6
fe=(24)
1227 6
+15 9
+19 6
+2 15
+54 9
+1 2
+3 2
cfi=(44) /build/glibc-itYbWN/glibc-2.26/io/../sysdeps/unix/sysv/linux/close.c
cfn=(132) close
calls=1 26 
* 6
* 4
cfi=(44)
cfn=(132)
calls=2 26 
* 12
* 6
+9 6
+2 9
+2 3
-2 3
+2 3
+16 6
cfi=(6) /build/glibc-itYbWN/glibc-2.26/elf/dl-lookup.c
cfn=(10) _dl_setup_hash
calls=3 959 
* 69
+4 6
+1 6
+17 6
+9 3
-5 9
+5 3
+10 6
+10 9
cfi=(17)
cfn=(50) _dl_add_to_namespace_list
calls=3 32 
* 129
+4 9
fi=(3)
71 12
+1 3
+1 12
fe=(24)
1373 2
fi=(41)
123 6
+8 24
cfi=(27) /build/glibc-itYbWN/glibc-2.26/string/../sysdeps/x86_64/multiarch/memset-vec-unaligned-erms.S
cfn=(74) memset
calls=3 -22 
* 269
* 12
-58 30
cfi=(42) /build/glibc-itYbWN/glibc-2.26/misc/../sysdeps/unix/syscall-template.S
cfn=(126) mprotect
calls=3 +11 
* 15
* 9
+21 39
cfi=(40)
cfn=(122)
calls=3 -50 
* 99
* 9
fi=(43)
* 10
+2 2
-1 6
+1 2
-1 2
+1 4
-1 4
+3 8
fi=(41)
+43 9
cfi=(40)
cfn=(122)
calls=1 -97 
* 33
+3 3
fe=(24)
1213 4

fn=(138)
2000 16
+1 2
+6 2
-6 2
+6 2
+5 18
-7 2
-1 2
+8 14
+74 10
-71 6
+9 8
+7 8
-12 2
+12 2
cfi=(20)
cfn=(72)
calls=2 117 
* 24
* 2
+33 10
-12 16
-20 79
+3 32
+4 72
cfi=(20)
cfn=(72)
calls=9 117 
* 114
* 36
cfi=(20)
cfn=(72)
calls=9 117 
* 108
+3 18
+3 27
+3 81
cfn=(110)
calls=9 1677 
* 495
* 9
+2 45
+26 4
+2 2
+63 18
-24 14
+7 2
-2 2
+2 6
+3 6
-13 4
-57 16
+1 72
+6 16
+2 16
-2 16
+2 16
cfi=(46) /build/glibc-itYbWN/glibc-2.26/io/../sysdeps/unix/sysv/linux/wordsize-64/xstat.c
cfn=(140) _xstat
calls=8 34 
* 101
* 16
+1 1
+2 1
-2 1
+2 7
+7 2
-7 7
+7 14
-30 7
+23 14

fn=(66) _dl_init_paths
689 1
+13 2
-13 8
+13 3
cfi=(25) /build/glibc-itYbWN/glibc-2.26/elf/dl-hwcaps.c
cfn=(68) _dl_important_hwcaps
calls=1 40 
* 710
+5 1
-5 1
+5 1
cfi=(19)
cfn=(46)
calls=1 50 
* 18
* 1
+1 1
-2 1
+2 1
+8 2
-1 1
+1 3
-1 3
+4 4
cfi=(19)
cfn=(46)
calls=1 50 
* 18
* 1
+2 1
-2 1
+2 1
+17 1
+12 1
-14 1
-9 1
+1 2
+10 1
+3 1
+9 2
-3 1
-8 1
+2 2
+1 1
+8 4
-3 5
+1 12
cfi=(27)
cfn=(74)
calls=4 109 
* 48
+2 14
-14 6
+14 3
-12 3
-2 3
+3 3
+2 3
-3 3
+4 3
+4 3
-4 3
+1 3
+3 3
+1 3
-4 3
+4 3
+14 1
-11 1
+6 1
+1 1
+5 2
+2 4
+2 3
+38 5
+6 3
cfi=(28)
cfn=(76)
calls=1 24 
* 23
* 2
+2 3
cfi=(13)
cfn=(28)
calls=1 79 
* 16
* 8
cfi=(20)
cfn=(48) memcpy
calls=1 131 
* 10
* 1
+17 6
+1 3
-1 6
+1 39
-1 79
+5 1
cfi=(19)
cfn=(46)
calls=1 50 
* 18
* 1
+1 1
-2 1
+2 1
+6 9
cfn=(78)
calls=1 444 
* 575
+4 5
+6 1
+4 8
-70 1
-2 2
+2 2
+14 2

fl=(29)
fn=(82)
40 16
+1 4
cfi=(13)
cfn=(28)
calls=4 +38 
* 118
* 4
+1 8
cfi=(19)
cfn=(46)
calls=4 +8 
* 72
* 4
+2 8
+4 4
-1 8
+1 8
-1 8
cfi=(20)
cfn=(48)
calls=4 +84 
* 48

fl=(13)
fn=(28)
79 19
+1 19
+1 19
+1 19
+1 19
+1 19
+1 19
+2 19
+2 19
+31 19
+1 19
+1 19
+1 19
+1 19
+1 10
+2 10
+4 9
+1 9
+1 9
+1 9
+1 9
+1 9
+1 9
+1 9
+1 9
+1 9
+1 9
+1 9
+5 72

fl=(8) /build/glibc-itYbWN/glibc-2.26/elf/../sysdeps/x86/cpu-features.c
fn=(24) get_common_indeces.constprop.1
37 1
-4 1
+4 3
+3 3
+4 1
-4 1
+4 1
-4 1
+3 1
+1 2
+1 4
+1 4
+1 3
+1 2
+7 2
+1 7
+7 3
+4 2
+2 4
+38 2
-34 2
+3 3
+3 1
-3 1
+3 1
+2 3
+2 2
+2 2
+5 3

fl=(14) /build/glibc-itYbWN/glibc-2.26/elf/../misc/sbrk.c
fn=(30) sbrk
34 4
+8 6
+4 2
+16 5

fl=(32) /build/glibc-itYbWN/glibc-2.26/string/../sysdeps/x86_64/strcspn.S
fn=(96) strcspn
30 1
+7 1
+1 1
+2 1
+1 1
+1 1
+1 1
+1 33
+3 2
+7 1
+1 1
+1 1
+1 1
+2 1
+1 1
+1 1
+1 1
+2 1
+1 1
+1 1
+9 3
+12 1
+2 1
+1 1
+1 1
-4 11
+2 11
+1 11
+1 11
+2 12
+1 12
+1 12
+2 12
+1 12
+1 12
+2 12
+1 12
+1 12
+2 1
+1 1
+1 1
+2 1
+7 1
+4 1

fl=(113) /build/glibc-itYbWN/glibc-2.26/elf/../sysdeps/x86_64/dl-trampoline.h
fn=(430) _dl_runtime_resolve_sse_vex
164 2
+3 2
+2 2
+2 2
+5 2
+1 2
+1 2
+1 2
+1 2
+1 2
+1 2
+1 2
+1 2
+1 2
+1 2
+1 2
+1 2
+1 2
+1 2
+5 2
+1 2
+1 2
+1 2
+14 2
+1 2
+1 2
cfi=(114) /build/glibc-itYbWN/glibc-2.26/elf/../elf/dl-runtime.c
cfn=(432) _dl_fixup
calls=2 66 
* 2418
+1 2
+5 2
+1 2
+1 2
+1 2
+13 2
+1 2
+1 2
+1 2
+1 2
+1 2
+1 2
+1 2
+1 2
+1 2
+1 2
+1 2
+1 2
+1 2
+1 2
+2 2
+2 2
+4 2
+3 2
cfi=(9) /build/glibc-itYbWN/glibc-2.26/elf/dl-tunables.c
cfn=(26) __tunable_get_val
calls=1 379 
* 18
cfi=(115) /build/glibc-itYbWN/glibc-2.26/elf/dl-open.c
cfn=(436) _dl_find_dso_for_object
calls=1 -83 
* 51

fn=(428) _dl_runtime_resolve_avx_slow
70 2
+1 2
+1 2
+1 2
+1 2
+1 2
+1 2
+1 2
+1 2
+3 2
+3 2
+3 2
cfn=(430)
calls=2 +77 
* 2587

fl=(114)
fn=(432)
66 4
+6 4
-6 2
+3 4
+3 6
-4 2
+5 12
+2 2
-2 2
+2 4
+5 4
+4 4
+4 6
+4 4
+1 8
+2 8
+7 4
-1 2
+1 2
+10 18
cfi=(6)
cfn=(176) _dl_lookup_symbol_x
calls=2 810 
* 2268
* 2
+4 10
+10 12
+16 2
-8 2
+8 6
+4 6
fi=(5) /build/glibc-itYbWN/glibc-2.26/elf/../sysdeps/x86_64/dl-machine.h
260 2
fe=(114)
150 6

fl=(16)
fn=(36)
24 18
+1 18
+1 18
+1 18
+1 18
+1 18
+1 18
+1 18
+3 18
+1 18
+1 6
+1 6
+1 6
+1 6
+1 6
+1 6
+1 6
+2 17
+1 17
+1 5
+1 5
+1 5
+1 5
+1 5
+1 5
+1 5
+2 17
+1 17
+1 6
+1 6
+1 6
+1 6
+1 2
+1 2
+1 2
+2 13
+1 13
+1 7
+1 7
+1 7
+1 7
+5 6
+1 6
+1 6
+1 6
+1 6
+1 6
+1 6
+1 3
+1 3
+1 3
+1 3
+1 3
+7 3
+2 4
+4 11
+1 11
+1 2
+1 2
+1 2
+1 2
+1 2
+1 2
+1 2
+1 2
+1 2
+1 2
+1 2
+4 12
+1 12

fl=(50) /build/glibc-itYbWN/glibc-2.26/elf/dl-reloc.c
fn=(168) _dl_relocate_object
149 50
+15 5
-15 10
+15 5
+1 30
+6 10
+6 15
-18 8
+22 8
+7 5
-32 5
+32 5
+44 5
fi=(5)
79 15
fe=(50)
232 10
fi=(5)
79 15
+6 6
+4 9
+14 3
-8 3
+10 3
-2 6
+20 6
+9 6
+2 6
+15 15
fe=(50)
259 206
-99 9
fi=(5)
326 27
fe=(50)
-67 3
fi=(4) /build/glibc-itYbWN/glibc-2.26/elf/do-rel.h
58 3
-10 3
-1 6
+11 6
fe=(50)
259 2
-99 6
fi=(5)
326 18
fe=(50)
-67 2
fi=(4)
58 2
-10 2
-1 4
+11 4
fe=(50)
259 5
fi=(4)
58 5
-10 5
-1 10
+11 10
+3 12
fi=(5)
569 40
+4 40
+2 60
+1 20
fi=(4)
61 213
+2 292
+2 163
-4 6
+13 6
+1 10
+1 106
fi=(5)
569 53
+24 53
fi=(4)
75 53
fi=(5)
593 53
+2 53
cob=(4) /lib/x86_64-linux-gnu/libm-2.26.so
cfi=(75) /build/glibc-itYbWN/glibc-2.26/math/../sysdeps/x86_64/fpu/multiarch/s_sin.c
cfn=(296) sin
calls=1 17 
* 8
cob=(4)
cfi=(85) /build/glibc-itYbWN/glibc-2.26/math/../sysdeps/x86_64/fpu/multiarch/e_atan2.c
cfn=(294) __atan2_finite
calls=1 9 
* 8
cob=(4)
cfi=(82) /build/glibc-itYbWN/glibc-2.26/math/../sysdeps/x86_64/fpu/multiarch/e_asin.c
cfn=(292) __asin_finite
calls=1 16 
* 5
cob=(4)
cfi=(84) /build/glibc-itYbWN/glibc-2.26/math/../sysdeps/x86_64/fpu/multiarch/s_floor.S
cfn=(290) floor
calls=1 25 
* 5
cob=(4)
cfi=(83) /build/glibc-itYbWN/glibc-2.26/math/../sysdeps/x86_64/fpu/multiarch/s_floorf.S
cfn=(288) floorf
calls=1 25 
* 5
cob=(4)
cfi=(82)
cfn=(286) __acos_finite
calls=1 10 
* 5
cob=(4)
cfi=(81) /build/glibc-itYbWN/glibc-2.26/math/../sysdeps/x86_64/fpu/multiarch/s_rintf.S
cfn=(284) rintf
calls=1 25 
* 5
cob=(4)
cfi=(80) /build/glibc-itYbWN/glibc-2.26/math/../sysdeps/x86_64/fpu/multiarch/e_log.c
cfn=(282) __log_finite
calls=1 9 
* 8
cob=(4)
cfi=(79) /build/glibc-itYbWN/glibc-2.26/math/../sysdeps/x86_64/fpu/multiarch/e_pow.c
cfn=(280) __pow_finite
calls=1 8 
* 5
cob=(4)
cfi=(78) /build/glibc-itYbWN/glibc-2.26/math/../sysdeps/x86_64/fpu/multiarch/s_ceil.S
cfn=(278) ceil
calls=1 25 
* 5
cob=(4)
cfi=(77) /build/glibc-itYbWN/glibc-2.26/math/../sysdeps/x86_64/fpu/multiarch/s_ceilf.S
cfn=(276) ceilf
calls=1 25 
* 5
cob=(4)
cfi=(76) /build/glibc-itYbWN/glibc-2.26/math/../sysdeps/x86_64/fpu/multiarch/s_rint.S
cfn=(274) rint
calls=1 25 
* 5
cob=(4)
cfi=(75)
cfn=(272) cos
calls=1 12 
* 8
cob=(4)
cfi=(74) /build/glibc-itYbWN/glibc-2.26/math/../sysdeps/x86_64/fpu/multiarch/e_exp.c
cfn=(270) __exp_finite
calls=1 9 
* 8
cob=(3) /lib/x86_64-linux-gnu/libc-2.26.so
cfi=(73) /build/glibc-itYbWN/glibc-2.26/time/../sysdeps/unix/sysv/linux/x86/gettimeofday.c
cfn=(264) gettimeofday
calls=1 42 
* 76
cob=(3)
cfi=(54) /build/glibc-itYbWN/glibc-2.26/string/../sysdeps/x86_64/multiarch/ifunc-strcasecmp.h
cfn=(260) strncasecmp_l
calls=1 32 
* 6
cob=(3)
cfi=(56) /build/glibc-itYbWN/glibc-2.26/string/../sysdeps/x86_64/multiarch/ifunc-avx2.h
cfn=(258) strchrnul
calls=1 32 
* 8
cob=(3)
cfi=(53) /build/glibc-itYbWN/glibc-2.26/string/../sysdeps/x86_64/multiarch/ifunc-unaligned-ssse3.h
cfn=(256) stpcpy
calls=1 33 
* 9
cob=(3)
cfi=(53)
cfn=(254) stpncpy
calls=1 33 
* 9
cob=(3)
cfi=(66) /build/glibc-itYbWN/glibc-2.26/string/../sysdeps/x86_64/multiarch/ifunc-sse4_2.h
cfn=(252) strspn
calls=1 30 
* 6
cob=(3)
cfi=(60) /build/glibc-itYbWN/glibc-2.26/wcsmbs/../sysdeps/x86_64/multiarch/ifunc-avx2.h
cfn=(250) wcslen
calls=1 32 
* 8
cob=(3)
cfi=(56)
cfn=(248) memchr
calls=1 32 
* 8
cob=(3)
cfi=(54)
cfn=(244) strcasecmp_l
calls=1 32 
* 6
cob=(3)
cfi=(56)
cfn=(242) memrchr
calls=1 32 
* 8
cob=(3)
cfi=(56)
cfn=(240) strlen
calls=1 32 
* 8
cob=(3)
cfi=(70) /build/glibc-itYbWN/glibc-2.26/string/../sysdeps/x86_64/multiarch/strchr.c
cfn=(238) index
calls=1 40 
* 8
cob=(3)
cfi=(66)
cfn=(236) strpbrk
calls=1 30 
* 6
cob=(3)
cfi=(69) /build/glibc-itYbWN/glibc-2.26/wcsmbs/../sysdeps/x86_64/multiarch/ifunc-wmemset.h
cfn=(234) wmemset
calls=2 32 
* 26
cob=(3)
cfi=(68) /build/glibc-itYbWN/glibc-2.26/wcsmbs/../sysdeps/x86_64/multiarch/wcsnlen.c
cfn=(232) wcsnlen
calls=1 40 
* 7
cob=(3)
cfi=(52) /build/glibc-itYbWN/glibc-2.26/string/../sysdeps/x86_64/multiarch/ifunc-memmove.h
cfn=(230) memcpy@@GLIBC_2.14
calls=1 44 
* 16
cob=(3)
cfi=(53)
cfn=(228) strcpy
calls=1 33 
* 9
cob=(3)
cfi=(54)
cfn=(224) strncasecmp
calls=1 32 
* 6
cob=(3)
cfi=(66)
cfn=(222) strcspn
calls=1 30 
* 6
cob=(3)
cfi=(56)
cfn=(220) strnlen
calls=2 32 
* 16
cob=(3)
cfi=(60)
cfn=(218) wcschr
calls=2 32 
* 16
cob=(3)
cfi=(65) /build/glibc-itYbWN/glibc-2.26/string/../sysdeps/x86_64/multiarch/ifunc-memset.h
cfn=(216) memset
calls=1 42 
* 16
cob=(3)
cfi=(64) /build/glibc-itYbWN/glibc-2.26/string/../sysdeps/x86_64/multiarch/strcmp.c
cfn=(214) strcmp
calls=1 38 
* 9
cob=(3)
cfi=(63) /build/glibc-itYbWN/glibc-2.26/string/../sysdeps/x86_64/multiarch/strncmp.c
cfn=(212) strncmp
calls=1 38 
* 8
cob=(3)
cfi=(61) /build/glibc-itYbWN/glibc-2.26/string/../sysdeps/x86_64/multiarch/ifunc-memcmp.h
cfn=(208) bcmp
calls=1 33 
* 13
cob=(3)
cfi=(52)
cfn=(206) mempcpy
calls=1 44 
* 16
cob=(3)
cfi=(60)
cfn=(204) wmemchr
calls=2 32 
* 16
cob=(3)
cfi=(56)
cfn=(202) rawmemchr
calls=1 32 
* 8
cob=(3)
cfi=(57) /build/glibc-itYbWN/glibc-2.26/time/../sysdeps/unix/sysv/linux/x86/time.c
cfn=(196) time
calls=1 43 
* 76
cob=(3)
cfi=(56)
cfn=(194) rindex
calls=1 32 
* 8
cob=(3)
cfi=(53)
cfn=(192) strcat
calls=1 33 
* 9
cob=(3)
cfi=(54)
cfn=(188) strcasecmp
calls=1 32 
* 6
cob=(3)
cfi=(53)
cfn=(186) strncpy
calls=1 33 
* 9
cob=(3)
cfi=(52)
cfn=(184) memmove
calls=2 44 
* 32
fi=(4)
75 53
fi=(5)
596 53
fi=(4)
75 59
fe=(50)
259 4
fi=(4)
75 16
fe=(50)
259 16
+3 20
+24 5
+3 10
+17 15
+2 40
fi=(4)
84 7
-1 14
+3 28
+12 21
+10 10
+3 14
fi=(5)
553 4
fi=(4)
112 8
fi=(5)
553 1210
fi=(4)
112 2404
fi=(5)
553 2404
+5 2412
+1 2412
fi=(4)
111 2412
fi=(5)
559 1206
fi=(4)
111 1206
+7 21
+3 6
+3 6
-3 6
+3 14
fi=(5)
509 16
fi=(4)
127 500
+9 250
+1 125
-1 125
+2 125
-2 125
+3 125
-2 125
+2 125
fi=(5)
294 125
fi=(4)
137 250
+2 125
fi=(5)
294 125
+21 250
+4 250
+7 500
fi=(51) /build/glibc-itYbWN/glibc-2.26/elf/../sysdeps/generic/ldsodefs.h
102 324
fi=(5)
326 2019
fi=(4)
138 105
fi=(5)
326 210
fi=(4)
138 105
fi=(5)
326 105
fi=(4)
138 105
fi=(5)
326 1470
cfi=(6)
cfn=(176)
calls=105 810 
* 70781
* 630
+2 324
+3 117
-3 234
+3 351
+22 875
fe=(50)
178 10
+3 3
fi=(5)
476 428
fi=(4)
124 383
+19 8
fi=(5)
326 105
448 54
+4 90
+5 18
+9 18
-9 36
+9 36
fe=(50)
314 30
+3 5
-3 5
+3 5
+4 10
+1 15
cfi=(42)
cfn=(126)
calls=5 84 
* 25
* 15
-63 6
fi=(5)
+75 10
+3 4
+1 6
+1 4
+4 2
+7 2
cob=(4)
cfi=(78)
cfn=(278)
calls=1 25 
* 5
cob=(3)
cfi=(57)
cfn=(196)
calls=1 43 
* 76
* 6
-24 55
fi=(4)
160 7
+2 20
+9 10
-1 5
+1 5
-1 10
fi=(5)
294 5
fi=(4)
170 15
fi=(5)
294 5
+21 10
+4 10
+7 20
fi=(51)
102 15
fi=(5)
326 165
cfi=(6)
cfn=(176)
calls=5 810 
* 2696
* 30
+2 15
+3 1
-3 2
+3 3
+22 35
476 15
fi=(4)
160 15
+14 4
fi=(5)
326 21
139 18
326 15
fe=(50)

fl=(86) /build/glibc-itYbWN/glibc-2.26/elf/dl-init.c
fn=(310) call_init.part.0
36 5
+3 5
-3 10
+3 15
-11 28
+16 20
+5 6
+9 18
cob=(2)
cfi=(18)
cfn=(344) 0x0000000004c336e0
calls=1 -58 
* 6
cob=(3)
cfi=(88) /build/glibc-itYbWN/glibc-2.26/csu/../csu/init-first.c
cfn=(322) _init
calls=1 -6 
* 200
cob=(2)
cfi=(18)
cfn=(312) 0x0000000004a2a520
calls=1 -58 
* 6
* 3
+4 6
+6 3
+2 6
-2 6
+3 15
+1 12
cob=(4)
cfi=(96) ???
cfn=(348) 0x00000000000079a0
calls=1 -72 
* 17
cob=(3)
cfi=(94) /build/glibc-itYbWN/glibc-2.26/string/../sysdeps/x86/cacheinfo.c
cfn=(336) init_cacheinfo
calls=1 488 
* 1782
cob=(5) /usr/lib/valgrind/vgpreload_core-amd64-linux.so
cfi=(87) ???
cfn=(316) 0x0000000000000640
calls=1 -72 
* 17
* 3
-1 6
+3 24
-29 3
-5 2
+34 1

fn=(308) _dl_init
80 11
+1 1
+1 1
+3 3
+8 2
+1 2
+25 18
+1 15
-90 26
cfn=(310)
calls=4 +6 
* 2149
* 4
+96 8
-96 2
+58 2
+16 1
cfn=(310)
calls=1 -68 
* 76
* 1

fl=(1) ???
fn=(0) 0x0000000000000ea0
0 2
cfi=(2) /build/glibc-itYbWN/glibc-2.26/elf/rtld.c
cfn=(2) _dl_start
calls=1 444 
0 152337
0 14
cfi=(86)
cfn=(308)
calls=1 80 
0 2322
0 3
cob=(6) /home/marti/Desktop/CompMeth/Lab2/work/lab2
cfi=(97) ???
cfn=(358) _start
calls=1 0 
0 234136994547

fl=(20)
fn=(48)
131 19
+2 19
+1 19
+1 12
+1 12
+5 8
+1 8
+1 8
+1 8
+5 8
271 7
+1 7
+1 1
+1 1
+1 1
+1 1
+1 1
+1 1
+1 1
+2 1
+22 6
+1 6
+1 6
+1 6
+1 6
+24 4
+1 4
+1 4
+1 4
+22 4
+1 4
+1 4
+1 4
+1 4
+1 4
+1 4
+1 4
+2 4

fn=(72)
117 30
+1 30
+1 30
+14 30
+1 30
+1 5
+1 5
+5 4
+1 4
+1 4
+1 4
+5 4
271 25
+1 25
+1 9
+1 9
+1 4
+1 4
+1 2
+4 2
+22 16
+1 16
+1 16
+1 16
+1 16
+3 5
+1 5
+1 5
+1 5
+1 5
+3 2
+1 2
+1 2
+1 2
+1 2
+10 1
+1 1
+1 1
+1 1
+22 1
+1 1
+1 1
+1 1
+1 1
+1 1
+1 1
+1 1
+2 1

fl=(33) /build/glibc-itYbWN/glibc-2.26/elf/dl-error-skeleton.c
fn=(152) _dl_receive_error
217 3
+1 1
+1 1
+3 1
+1 1
+2 2
cfi=(2)
cfn=(154) version_check_doit
calls=1 620 
* 5656
+2 1
+1 1
+1 4

fn=(100) _dl_catch_error
175 12
+17 6
-5 12
+6 6
-3 6
-2 12
+5 6
+3 12
-21 12
+14 12
+1 6
+2 6
+4 6
cfi=(34) /build/glibc-itYbWN/glibc-2.26/setjmp/../sysdeps/x86_64/setjmp.S
cfn=(102) __sigsetjmp
calls=6 26 
* 120
* 18
+2 18
cfi=(45) /build/glibc-itYbWN/glibc-2.26/elf/dl-deps.c
cfn=(136) openaux
calls=5 60 
* 11098
cfi=(2)
cfn=(104) map_doit
calls=1 587 
* 2212
+2 6
-1 6
+2 6
+1 6
-2 6
-1 6
+11 6
-9 6
+1 6
+8 18

fl=(30)
fn=(88)
50 10
+5 8
+5 2
-1 1
+1 2
+1 2
-1 1
+4 1
-13 5
+4 10
+4 1
-1 1
+1 5

fn=(92) _dl_debug_state
74 2

fl=(19)
fn=(46)
50 107
+11 52
+3 26
-3 26
+3 52
-3 2
+3 1
-3 1
+3 102
-15 6
+20 8
+1 4
+2 2
+1 16
cfi=(40)
cfn=(122)
calls=2 -29 
* 70
+2 10
+4 6
+3 2
+1 2
+2 10
-2 25
-1 25
+3 50
-29 1
-1 1
+1 1
+1 2
-2 2

fn=(80)
265 4
+2 2
+1 4
+4 33
+7 84
-2 56
+13 1
+4 2
-7 14
-15 44

fn=(42) calloc
92 10
+8 10
-1 20
-3 10
+4 20
+3 10
cfn=(46)
calls=10 -53 
* 246
* 10

fn=(86) free
109 1
+2 3
+7 2

fl=(40)
fn=(122)
44 20
+3 10
-6 100
+6 24
+5 100
+2 70
-7 24

fl=(47)
fn=(142)
186 18
+8 4
+3 6
+45 4
+6 4
+11 2
-2 2
fi=(48) /build/glibc-itYbWN/glibc-2.26/elf/../sysdeps/x86/dl-procinfo.h
39 2
fe=(47)
257 2
fi=(48)
39 2
fe=(47)
257 4
fi=(48)
39 2
+3 6
cfi=(21)
cfn=(56)
calls=2 144 
* 48
* 4
fe=(47)
263 8
cfi=(9)
cfn=(26)
calls=2 379 
* 34
* 2
+2 4
-2 2
+2 2
cfi=(26) /build/glibc-itYbWN/glibc-2.26/io/../sysdeps/unix/sysv/linux/access.c
cfn=(70) access
calls=2 27 
* 18
* 2
+4 2
-4 2
+4 2
+15 220
cfn=(148) _dl_cache_libcmp
calls=14 139 
* 1042
* 148
cfn=(148)
calls=4 139 
* 430
* 12
cfn=(148)
calls=2 139 
* 288
* 92
+16 4
+4 4
+8 6
cfi=(13)
cfn=(28)
calls=2 79 
* 68
* 4
+1 2
-1 8
+1 4
cfi=(20)
cfn=(48)
calls=2 131 
* 20
+1 4
cfi=(29)
cfn=(82)
calls=2 40 
* 160
+1 16
200 4
cfi=(35)
cfn=(144) _dl_sysdep_read_whole_file
calls=1 45 
* 107
+8 1
-8 1
+8 4
+1 4
cfi=(16)
cfn=(36)
calls=1 24 
* 38
* 2
+7 1
-3 1
+3 3
+3 1
+1 2
-1 1
+1 1
+1 4
cfi=(16)
cfn=(36)
calls=1 24 
* 32
* 2
fi=(48)
42 6
fe=(47)
296 4
-27 8
+1 6
-1 8

fn=(148)
139 60
+1 52
+2 234
+2 117
-2 117
+2 12
+6 6
+2 6
-1 6
-1 6
+1 6
+1 24
+2 30
+2 12
+6 222
+2 416
+4 97
+1 97
-29 194
+32 18
-7 28

fn=(302) _dl_unload_cache
325 4
-1 1
+3 2
cfi=(42)
cfn=(304) munmap
calls=1 84 
* 5
+1 1
+2 2

fl=(9)
fn=(26)
379 108
+4 18
-4 51
+14 12
+12 90
+1 18
-23 3
+1 3
+4 3
+1 3

fn=(16) __GI___tunables_init
295 8
-9 3
156 2
-89 185
+6 60
-3 60
+3 5214
+4 120
+5 60
303 60
82 120
303 60
fi=(10) /build/glibc-itYbWN/glibc-2.26/elf/dl-tunables.h
121 60
-1 180
+1 67
-1 7
+1 14
-1 8
+1 32
-1 40
fe=(9)
336 240
-12 4800
fi=(10)
120 2160
+1 2211
-1 21
+1 84
-1 105
fe=(9)
318 3900
67 120
370 8

fl=(2)
fn=(104)
587 1
+2 1
-2 1
+3 2
-1 3
+1 3
cfi=(24)
cfn=(106)
calls=1 2149 
* 2198
* 1
+2 2

fn=(32) dl_main
869 1
+17 1
-17 7
2468 1
869 3
+17 1
+4 1
2468 1
869 1
+21 1
+1 1
2463 1
891 1
+5 1
2468 1
896 1
2461 2
+7 2
-4 1
+4 5
+2 2
cfi=(15) /build/glibc-itYbWN/glibc-2.26/elf/dl-environ.c
cfn=(34) _dl_next_ld_env_entry
calls=1 30 
* 46
* 4
cfi=(15)
cfn=(34)
calls=2 30 
* 366
* 9
+4 50
+1 19
-1 57
+3 4
+6 14
2632 3
+32 3
906 3
1107 7
cfi=(17)
cfn=(38)
calls=1 61 
* 236
+2 1
-2 1
+2 1
+1 1
+1 1
+5 2
-5 1
+1 2
+4 1
cfi=(17)
cfn=(50)
calls=1 32 
* 33
+1 3
878 1
1146 1
-3 1
-5 1
+1 1
+2 1
+5 5
+56 3
-37 1
+22 1
+15 2
-55 24
-1 27
+1 47
1249 5
+3 2
+2 2
+2 3
+13 3
+3 2
-2 1
+2 1
-2 3
cfi=(21)
cfn=(56)
calls=1 144 
* 44
* 2
+7 1
+3 1
-5 1
+3 1
-3 1
+5 1
+1 2
+4 2
+2 2
fi=(3)
33 1
+9 2
+6 1
-2 1
+2 2
+15 1
+5 1
+3 1
+2 1
-3 1
-3 1
-3 22
+10 5
-26 15
+16 21
+10 21
-26 63
+26 1
-26 3
+2 54
+13 24
+2 4
+16 3
+20 3
+1 4
+1 4
+1 4
+2 4
+5 4
+1 4
+1 4
+6 3
+5 2
+7 2
+1 3
+16 3
+5 1
+2 1
-2 1
+2 1
+2 2
+2 2
+1 1
+2 3
+10 1
-8 3
+8 1
+5 2
+1 2
+2 2
fe=(2)
1292 2
cfi=(6)
cfn=(10)
calls=1 959 
* 23
+3 2
fi=(22) /build/glibc-itYbWN/glibc-2.26/elf/setup-vdso.h
24 2
fe=(2)
1317 6
-75 2
+1 2
+1 1
-6 2
+1 1
-88 3
+1 1
+50 2
-1 2
+1 4
-1 2
+2 4
+1 1
+3 2
+1 2
-1 2
+1 2
+1 2
+1 6
+1 2
-45 3
+9 1
-7 1
+25 1
-28 1
+10 1
-19 3
+1 1
fi=(3)
68 4
+3 4
+1 1
+1 3
fe=(2)
2559 1
+1 1
-1 2
+1 3
cfi=(16)
cfn=(36)
calls=1 24 
* 31
* 2
-56 4
cfi=(16)
cfn=(36)
calls=1 24 
* 18
* 2
+7 4
cfi=(16)
cfn=(36)
calls=1 24 
* 36
* 2
+2 3
+49 3
1322 2
cfi=(24)
cfn=(66)
calls=1 689 
* 1775
+3 3
cfi=(30)
cfn=(88)
calls=1 50 
* 17
+7 1
-7 1
+2 1
+5 1
+3 3
+1 1
+3 1
-3 3
+1 2
+3 1
+5 1
-7 1
+7 1
+1 5
+17 2
+1 2
+5 1
-3 3
+2 1
+1 3
+5 3
+1 5
+2 2
+1 2
+5 2
+6 4
+1 1
-2 1
884 1
1390 1
1569 1
cfi=(31)
cfn=(90) _dl_count_modids
calls=1 115 
* 4
* 1
+8 3
+3 2
+4 3
+5 2
+1 1
cfi=(30)
cfn=(92)
calls=1 74 
* 1
+1 1
+4 3
+15 3
+4 1
-2 1
+2 2
+2 3
+1 1
-1 2
+1 1
cfn=(94) handle_ld_preload
calls=1 836 
* 2575
* 1
+1 4
+2 2
+10 3
cfi=(26)
cfn=(70)
calls=1 27 
* 9
* 2
+77 1
-96 1
+96 3
+17 3
+1 1
-1 1
+1 2
-1 1
+1 5
cfi=(45)
cfn=(134) _dl_map_object_deps
calls=1 161 
* 13380
+1 1
+5 1
-5 3
+2 2
+3 6
+1 3
-1 2
+1 12
-1 8
+4 3
+1 3
+1 1
+2 2
+1 6
-1 6
+1 11
-1 6
-3 1
+17 1
-1 1
+1 1
-1 1
+1 1
+2 1
+2 3
+2 1
-4 1
+5 1
-1 2
+14 2
+1 2
+1 3
+11 2
+2 2
-1 1
-1 3
+2 4
cfi=(33)
cfn=(152)
calls=1 217 
* 5671
+10 1
+1 1
-1 1
+1 1
+1 1
cfn=(162) init_tls
calls=1 680 
* 605
* 1
+2 2
798 1
fi=(139) /build/glibc-itYbWN/glibc-2.26/elf/../sysdeps/unix/sysv/linux/dl-osinfo.h
64 2
fe=(2)
800 1
fi=(139)
77 1
fe=(2)
809 1
+7 1
-5 1
1807 3
2037 3
2207 4
+2 1
+7 3
cfi=(31)
cfn=(298) _dl_allocate_tls_init
calls=1 444 
* 144
+3 2
-61 3
+7 1
+2 7
+2 1
+2 15
+5 10
+2 10
+6 5
+2 10
+1 32
cfi=(50)
cfn=(168)
calls=4 149 
* 98772
+4 17
-22 12
+25 4
+2 1
+6 1
-6 1
+6 1
-10 2
cfi=(31)
cfn=(268) _dl_add_to_slotinfo
calls=1 896 
* 20
* 1
-12 1
+1 1
-3 2
+50 3
+2 2
+15 1
+2 1
-2 2
+3 1
-3 1
+3 1
-3 1
+3 3
cfi=(50)
cfn=(168)
calls=1 149 
* 5426
+1 4
+2 2
+8 1
cfi=(7) /build/glibc-itYbWN/glibc-2.26/elf/../elf/dl-sysdep.c
cfn=(300) _dl_sysdep_start_cleanup
calls=1 260 
* 1
+4 3
+20 3
cfi=(30)
cfn=(88)
calls=1 50 
* 8
+1 1
-1 1
+2 1
cfi=(30)
cfn=(92)
calls=1 74 
* 1
+1 1
+4 1
cfi=(47)
cfn=(302)
calls=1 325 
* 15
+5 8
2093 1
+11 1
-7 1
-4 1
+4 3
+4 2
+3 1
1750 2
1311 4
+6 1
cfi=(11) /build/glibc-itYbWN/glibc-2.26/elf/../sysdeps/unix/sysv/linux/dl-sysdep.c
cfn=(62) _dl_discover_osversion
calls=1 45 
* 94
* 2
1711 5
+1 1
-1 3
+4 3
+1 1
+1 2
+1 2

fn=(162)
680 1
+6 1
-6 1
+2 2
+4 1
+10 4
cfi=(19)
cfn=(42)
calls=1 92 
* 27
* 1
+11 1
-15 1
+3 1
+6 1
+2 1
-11 1
+15 1
+2 1
-1 1
+1 12
+2 10
+4 1
+2 1
-2 2
-5 10
+9 3
+3 1
cfi=(31)
cfn=(164) _dl_determine_tlsoffset
calls=1 144 
* 66
+7 1
cfi=(31)
cfn=(166) _dl_allocate_tls_storage
calls=1 338 
* 435
+1 1
-1 1
+1 1
+6 1
+3 1
-3 1
+3 6
+3 1
+3 3

fn=(2)
444 9
+18 4
fi=(3)
48 1
fe=(2)
462 1
fi=(5)
59 3
fi=(3)
-11 1
fe=(2)
488 1
-3 1
fi=(3)
48 1
+25 2
-3 1
-19 1
+12 1
+5 1
+5 1
-2 1
-1 1
-3 2
-3 16
+10 4
-26 12
+16 13
+10 13
-26 39
+26 1
-26 3
+2 36
+13 20
+2 4
+16 2
+20 4
+1 4
+1 4
+1 4
+2 4
+5 4
+1 4
+1 4
+6 3
+5 2
+7 3
+1 3
+8 3
+2 3
+3 2
+1 2
fe=(2)
499 2
393 1
506 1
393 1
cfi=(6)
cfn=(10)
calls=1 959 
* 23
+1 2
+1 2
+1 2
+1 2
+8 1
+9 1
-9 3
+9 1
-6 1
-3 1
+9 1
cfi=(7)
cfn=(12) _dl_sysdep_start
calls=1 88 
* 151434
* 1
+9 4
+3 1
+4 1
-4 1
+4 1
531 9
fi=(3)
68 4
fe=(2)
504 1
fi=(5)
79 1
fe=(2)
504 25
fi=(4)
84 1
+27 1
-28 1
+28 2
+1 2
fi=(5)
558 2
fi=(4)
112 64
fi=(5)
558 64
+1 66
fi=(4)
111 66
fi=(5)
559 33
fi=(4)
111 33
+5 2
+8 1
fi=(5)
353 1
+87 1
fi=(4)
124 2
+12 1
+3 2
-3 1
fi=(5)
291 1
fi=(4)
136 1
fi=(5)
319 1
fi=(4)
137 2
fi=(5)
319 1
fi=(4)
136 6
+3 12
-3 6
fi=(5)
291 6
fi=(4)
136 6
fi=(5)
319 6
fi=(4)
137 12
fi=(5)
319 6
+9 14
+3 7
-3 14
+3 21
+22 42
fi=(3)
71 4
+1 1
+1 2
fi=(4)
+51 22
fi=(5)
372 21
fe=(2)

fn=(52) rtld_lock_default_lock_recursive
783 12

fn=(154)
620 2
+2 4
cfi=(49) /build/glibc-itYbWN/glibc-2.26/elf/dl-version.c
cfn=(156) _dl_check_all_versions
calls=1 380 
* 5646
* 2
+4 2

fn=(94)
836 8
+1 1
-1 1
-75 1
+86 1
-86 5
+80 2
+3 3
cfi=(32)
cfn=(96)
calls=1 30 
* 218
* 1
+1 3
+9 1
121 1
856 2
121 2
858 2
-97 5
-10 1
+4 1
+1 1
+1 1
+2 1
+2 1
cfi=(33)
cfn=(100)
calls=1 175 
* 2269
* 1
+1 3
+8 3
+89 1
-18 2
+21 9
-15 4
cfi=(20)
cfn=(48)
calls=1 131 
* 18
+1 2

fn=(54) rtld_lock_default_unlock_recursive
789 12

fl=(15)
fn=(34)
30 3
+3 10
+13 58
-13 174
+2 120
+1 38
+5 2
-3 2
+3 2
+2 2
+7 1

fl=(21)
fn=(56)
144 398
+1 398
+2 398
+1 398
+21 398
+1 398
+1 303
+1 303
+1 266
+1 266
+1 266
+1 266
+21 266
+1 266
+1 266
+1 266
+1 266
+1 266
+1 266
+5 6
+1 6
+9 6
+1 6
+1 6
+1 6
+1 6
+1 6
+1 6
+1 6
-7 132
+1 132
+1 132
+1 132
+1 132
+1 132
+1 132
+1 132
+1 70
+1 38
+1 38
+1 38
+2 38
+1 38
+1 38
+1 38
+1 38
+1 38
-5 32
+1 32
+1 32
+1 32
+1 32
+1 32
+10 68
+1 68
+1 68
+2 68
+6 68
+1 68
+1 68
+1 68
+1 68
+5 68
+2 67
+1 67
+1 134
+8 67
+1 67
+3 67
+1 67
+1 67
+1 67
+1 67
+1 67
571 4
+1 4
+1 4
+1 4
+1 4
+2 4
+1 4
+1 4
+1 4
+1 4
+1 4
+1 4
+1 4
+4 4
+1 4
+1 4
+6 4
+1 4
+1 8
+4 4
+1 4
+3 4
+1 4
+1 4
+3 4
+1 4
+1 4
+6 4
+1 4
+1 4
+1 4
+1 4
+1 4
821 1
+1 1
+1 1
+1 1
+1 1
+2 1
+1 1
+1 1
+1 1
+1 1
+1 1
+1 1
+1 1
+4 1
+1 1
+1 1
+6 1
+1 1
+1 2
+4 1
+1 1
+3 1
+1 1
+1 1
+3 1
+1 1
+1 1
+6 1
+1 1
+1 1
+1 1
+1 1
+1 1
+72 2
+1 2
+1 2
+1 2
+1 2
+2 2
+1 2
+1 2
+1 2
+1 2
+1 2
+1 2
+1 1
+4 1
+1 1
+1 1
+6 1
+1 1
+1 2
+4 1
+1 1
+3 1
+1 1
+1 1
+3 1
+1 1
+1 1
+6 1
+1 1
+1 1
+1 1
+1 1
+1 1
+72 11
+1 11
+1 11
+1 11
+1 11
+2 11
+1 11
+1 11
+1 11
+1 11
+1 11
+1 11
+1 11
+4 11
+1 11
+1 11
+6 11
+1 11
+1 22
+4 11
+1 11
+3 11
+1 11
+1 11
+3 11
+1 11
+1 11
+6 11
+1 11
+1 11
+1 11
+1 11
+1 11
+7 1
+1 1
+2 1
+1 1
+2 1
+1 1
+1 1
+3 1
+1 1
+1 1
+6 1
+1 1
+1 1
+1 1
+1 1
+1 1
+41 6
+1 6
+1 6
+1 6
+1 6
+2 6
+1 6
+1 6
+1 6
+1 6
+1 6
+1 6
+1 2
+4 2
+1 2
+1 2
+6 2
+1 2
+1 4
+4 2
+1 2
+3 2
+1 2
+1 2
+3 2
+1 2
+1 2
+6 2
+1 2
+1 2
+1 2
+1 2
+1 2
+72 4
+1 4
+1 4
+1 4
+1 4
+2 4
+1 4
+1 4
+1 4
+1 4
+1 4
+1 4
+1 2
+4 2
+1 2
+1 2
+6 2
+1 2
+1 4
+4 2
+1 2
+3 2
+1 2
+1 2
+3 2
+1 2
+1 2
+6 2
+1 2
+1 2
+1 2
+1 2
+1 2
1571 19
+1 19
+1 19
+1 19
+1 19
+2 19
+1 19
+1 19
+1 19
+1 19
+1 19
+1 19
+1 18
+4 18
+1 18
+1 18
+6 18
+1 18
+1 36
+4 18
+1 18
+3 18
+1 18
+1 18
+3 18
+1 18
+1 18
+6 18
+1 18
+1 18
+1 18
+1 18
+1 18
+72 3
+1 3
+1 3
+1 3
+1 3
+2 3
+1 3
+1 3
+1 3
+1 3
+1 3
+1 3
+1 2
+4 2
+1 2
+1 2
+6 2
+1 2
+1 4
+4 2
+1 2
+3 2
+1 2
+1 2
+3 2
+1 2
+1 2
+6 2
+1 2
+1 2
+1 2
+1 2
+1 2
+72 4
+1 4
+1 4
+1 4
+1 4
+2 4
+1 4
+1 4
+1 4
+1 4
+1 4
+1 4
+1 2
+4 2
+1 2
+1 2
+6 2
+1 2
+1 4
+4 2
+1 2
+3 2
+1 2
+1 2
+3 2
+1 2
+1 2
+6 2
+1 2
+1 2
+1 2
+1 2
+1 2
+72 10
+1 10
+1 10
+1 10
+1 10
+2 10
+1 10
+1 10
+1 10
+1 10
+1 10
+1 10
2071 6
+1 6
+1 6
+1 6
+1 6
+2 6
+1 6
+1 6
+1 6
+1 6
+1 6
+1 6
+2 1
+4 1
+1 1
+1 1
+6 1
+1 1
+2 2
+4 1
+1 1
+3 1
+1 1
+1 1
+3 1
+1 1
+1 1
+6 1
+1 1
+1 1
+1 1
+1 1
+1 1
+74 111
+2 111
+1 111
+1 111
+1 111
-3 27
+1 27
+1 27
+1 27
+1 114
+5 38
+6 38
+1 38
+8 38
+1 38
-16 360
+6 360
+1 360
+8 360
+1 360

fl=(37)
fn=(114)
26 15
+1 3

fl=(35)
fn=(144)
45 2
+3 1
-3 3
+3 1
-3 3
+3 1
cfi=(36)
cfn=(112)
calls=1 -16 
* 16
+1 2
+2 5
cfi=(39)
cfn=(120)
calls=1 -17 
* 9
* 2
+2 1
+3 1
-3 1
+3 1
+13 2
cfi=(44)
cfn=(132)
calls=1 -43 
* 6
+3 7
-14 6
cfi=(40)
cfn=(122)
calls=1 -14 
* 35
* 2

fn=(108)
284 600
+1 240
cfi=(21)
cfn=(56)
calls=120 144 
* 3048
* 120
+1 120
-1 120
+3 120
+2 240
+4 120
-4 240
+1 384
cfi=(21)
cfn=(56)
calls=128 144 
* 3396
* 256
-5 8
+11 152
-1 112
+1 448

fl=(23) /build/glibc-itYbWN/glibc-2.26/posix/../sysdeps/unix/syscall-template.S
fn=(64) uname
84 4
+1 1

fl=(36)
fn=(112)
32 13
-3 13
+3 78
+14 91
+2 4
-2 27
+2 9

fl=(46)
fn=(140)
34 8
-1 8
+1 8
+1 48
+4 1
-4 28

fl=(39)
fn=(120)
34 8
+1 24
+4 4

fl=(6)
fn=(10)
959 15
+4 5
+4 10
+2 5
-1 5
+3 15
+1 5
+1 5
+3 5
-3 5
+7 5
-4 5
-1 5
+3 5
+2 5
-7 5
+7 10

fn=(176)
810 1120
572 112
810 560
572 560
+1 112
-1 112
+1 336
-1 336
+1 1382
-1 1382
+1 4146
-1 4258
813 112
-1 112
+4 112
+4 112
-8 112
+1 112
+7 310
+7 112
-2 112
+2 112
-2 112
+6 112
-7 112
+7 224
-7 1008
+15 12
-8 60
+2 1456
cfn=(178) do_lookup_x
calls=112 355 
* 53013
+3 336
+26 336
+21 100
+1 700
+31 100
+9 400
+14 300
+3 400
+5 100
+2 1008
-84 84
+15 12
+1 24
+59 2

fn=(178)
355 784
+1 112
-1 560
+48 112
-30 112
-11 112
+41 112
+3 224
-3 224
-30 448
+33 448
-40 224
+3 224
-3 704
+3 704
+4 928
+4 928
+4 928
+6 1392
+8 464
-4 464
+1 464
+3 928
+1 1392
+3 464
+1 928
+4 928
+3 464
-5 464
+5 1392
+3 3248
-99 364
557 2534
+1 162
cfi=(35)
cfn=(108)
calls=81 284 
* 6075
* 243
+3 1092
+3 12
+1 896
-96 200
fi=(51)
102 300
fe=(6)
520 200
+3 736
+4 48
+12 200
+1 100
+1 200
414 436
-1 218
+2 218
+2 1391
+13 312
-10 1020
+2 200
+1 500
-1 100
+2 100
-1 200
+1 100
-1 300
-1 100
+1 300
cfn=(180) check_match
calls=100 92 
* 12013
+4 300
+34 14
267 49
439 900

fn=(180)
92 800
+3 700
+12 600
+3 528
cfi=(21)
cfn=(56)
calls=32 +34 
* 1412
* 64
+5 100
-1 100
+1 100
+2 198
+19 198
+1 792
+46 100
-7 100
+7 500
-18 2
+2 2
+1 1
-1 2
+1 3
-1 2
-29 297
cfi=(21)
cfn=(56)
calls=99 +6 
* 5115
* 297

fl=(42)
fn=(304)
84 4
+1 1

fn=(126)
84 32
+1 8

fl=(45)
fn=(136)
60 10
+7 5
-4 5
+2 5
-2 10
+2 5
-2 5
+2 10
-2 10
cfi=(24)
cfn=(106)
calls=5 2149 
* 11018
* 5
+5 10

fn=(134)
161 1
-1 1
+1 1
-1 4
+1 1
-1 2
+1 1
-1 2
+1 1
-1 2
+1 1
-9 1
+9 2
-15 1
+6 3
+26 1
-17 1
-17 1
+1 1
+1 1
+6 1
+26 4
-32 1
+33 1
-35 3
+2 2
-1 1
+1 2
+6 3
+26 1
-26 1
+26 5
+4 1
+21 1
+1 1
-22 2
+19 1
-12 1
+15 1
-16 2
+13 1
317 7
217 1
-4 1
+4 6
-4 4
+4 8
+12 10
+2 3
+11 3
-5 3
-6 6
+5 3
+2 6
+1 6
+3 18
+75 9
-25 10
+1 12
-51 324
+1 162
+6 25
cfi=(28)
cfn=(76)
calls=5 24 
* 163
* 10
+5 25
-3 5
+3 5
cfi=(33)
cfn=(100)
calls=5 -79 
* 11383
* 5
+2 15
+15 5
+2 10
+5 3
+6 3
+2 3
-8 6
+3 3
+1 3
+1 3
+1 3
+4 18
+7 228
459 10
+2 9
+3 6
-1 3
cfi=(19)
cfn=(46)
calls=3 50 
* 54
* 3
+2 3
-2 3
+2 3
+4 12
-1 3
+1 3
cfi=(20)
cfn=(48)
calls=3 131 
* 30
+1 18
cfi=(20)
cfn=(48)
calls=3 131 
* 30
+4 3
-1 3
+5 20
+3 12
-1 5
+1 10
+4 2
202 1
485 2
+4 5
+11 3
-1 1
cfi=(19)
cfn=(46)
calls=1 50 
* 18
* 1
+3 1
-3 1
+3 1
+5 7
+1 10
+8 10
+4 10
-4 5
-6 16
+13 2
+51 3
+2 3
+42 1
-4 1
+5 2
-1 4
+1 2
cfi=(27)
cfn=(74)
calls=1 109 
* 13
* 2
-2 9
+7 1
+6 1
-7 1
+1 1
+6 1
-7 3
+7 1
-13 3
+7 3
+6 3
-7 3
+1 3
+6 3
-7 9
+7 6
+2 12
+1 6
-1 12
+1 9
+2 30
+1 21
+28 27
cfi=(27)
cfn=(74)
calls=3 109 
* 47
* 18
485 3
+1 2
658 6
-28 12
+31 14
-6 2
+16 2
+2 1
+1 1
-1 1
+2 3
+7 3
+3 3
+3 8
229 8
-19 4
+8 32
+2 3
+2 9
+2 28
+84 12
611 8
cfi=(20)
cfn=(48)
calls=1 131 
* 18
+2 1
-38 1
+38 1

fl=(27)
fn=(74)
109 80
+2 16
+1 16
+1 6
+1 6
+2 4
+1 4
+2 4
+55 2
+1 2
+10 2
+1 2
+1 2
+1 2
+1 2
+1 2
+1 2
+1 2
+1 2
+1 2
+1 2
+1 2
+1 2
+1 2
+2 32
+1 32
+1 32
+1 32
+1 32
+1 32
+1 32
+1 2
+15 10
+1 10
+1 10
+1 6
+1 6
+1 2
+1 2
+24 4
+1 4
+2 4
+3 4
+1 4
+2 4
+3 2
+1 2
+2 2

fl=(17)
fn=(38)
61 44
+1 4
-1 8
+1 4
cfi=(13)
cfn=(28)
calls=4 +17 
* 82
+6 4
-6 16
+6 16
+1 28
+6 20
cfi=(19)
cfn=(42)
calls=4 +17 
* 174
* 4
+3 4
-3 4
+3 4
+4 4
+5 8
-6 4
+1 8
+5 4
-1 4
+1 4
-1 4
+1 4
cfi=(20)
cfn=(48)
calls=4 +44 
* 51
+10 4
-10 4
+11 4
-1 4
-10 4
+10 4
-8 4
+8 8
+1 4
-1 4
+1 12
+3 4
-3 4
+3 4
+9 4
-7 4
+4 4
+3 10
+2 2
-2 2
+2 30
-2 30
+12 4
+6 4
-5 4
-1 4
+6 20
+2 3
+3 3
-3 3
+3 3
-3 6
+7 9
+4 8
+8 1
+3 1
+3 2
-3 1
+3 1
-3 3
+3 6
-3 3
+3 3
+2 9
cfi=(13)
cfn=(28)
calls=3 -78 
* 102
+4 3
-4 12
+4 9
+64 3
+4 36
102 11
+39 9
+70 9
cfi=(20)
cfn=(72)
calls=3 -94 
* 44
* 53
+6 50
-1 50
+1 53
-1 3
+1 9
+5 6
-89 2
+32 6
cfi=(19)
cfn=(46)
calls=3 50 
* 54
* 3
+1 3
-1 3
+1 9
-33 2

fn=(50)
32 20
+2 8
cfi=(2)
cfn=(52)
calls=4 783 
* 8
+2 4
-2 4
+2 27
+3 27
+2 3
+2 3
+4 3
+4 3
-4 6
+1 3
+4 6
-4 3
+1 3
+3 3
-3 3
+2 3
cfi=(2)
cfn=(54)
calls=3 789 
* 6
-4 1
+4 1
-4 2
+1 1
+4 2
-4 1
+1 1
+3 1
-3 1
+2 1
cfi=(2)
cfn=(54)
calls=1 789 
* 2
-5 2

fl=(49)
fn=(160) match_symbol
76 110
+9 10
-8 10
-1 20
+1 10
+8 10
+6 30
+15 10
+1 20
+2 10
+5 20
+14 166
+12 219
+4 73
-30 146
+16 10
+3 40
cfi=(21)
cfn=(56)
calls=10 +11 
* 508
* 20
+35 80

fn=(158) _dl_check_map_versions
174 40
+15 15
+2 5
+3 20
-3 5
+2 5
+1 5
+2 5
-3 5
+3 5
+3 6
+4 3
-4 3
+4 12
+17 3
56 6
220 3
56 15
220 2
56 4
220 2
56 10
+1 16
-1 32
+2 63
cfi=(35)
cfn=(108)
calls=21 284 
* 1798
* 42
228 15
+5 20
+4 15
+2 5
-2 35
-4 5
+4 15
+2 5
-2 71
cfn=(160)
calls=4 76 
* 615
* 24
cfn=(160)
calls=6 76 
* 907
* 10
+7 60
+3 30
+9 20
+5 6
-43 2
+52 6
+3 12
+10 39
-7 156
+3 117
-3 12
+3 9
+8 8
+87 45
-81 16
cfi=(19)
cfn=(42)
calls=4 92 
* 108
* 4
+1 4
-2 4
+2 4
+11 4
+2 4
-5 4
+3 4
+2 4
-2 4
+2 4
+3 12
+4 15
+18 5
-15 15
+2 15
-2 15
+2 15
+2 10
+1 10
-1 20
+1 10
-1 10
+1 10
+1 10
-2 10
+2 20
+1 30
+3 30
+8 15
+5 2
-28 2
+33 12
+3 12
+20 39
-14 84
-2 39
+6 39
+1 39
+1 39
-1 117
+1 39
-1 39
+1 39
+1 39
+3 129
183 2
-8 2
+95 5

fn=(156)
380 5
+4 7
+2 35
cfn=(158)
calls=5 174 
* 5557
-2 5
+2 15
-1 5
-1 10
+5 7

fl=(31)
fn=(166)
338 1
+2 1
-2 2
+13 1
+1 2
cfi=(19)
cfn=(46)
calls=1 50 
* 78
* 1
+1 3
+8 2
-71 1
+71 2
+1 1
+4 297
+19 1
-96 2
+1 2
cfi=(19)
cfn=(42)
calls=1 92 
* 27
* 1
+1 2
+3 1
+6 2
+91 5

fn=(268)
896 4
+9 1
-3 2
+8 3
+42 3
-1 1
+1 2
+1 4

fn=(164)
144 1
-6 5
+6 2
+3 2
+36 3
+2 10
+3 1
-1 1
+5 2
-4 1
-1 2
+3 2
+2 3
+16 2
+3 2
-3 5
+2 2
+10 1
-37 2
+25 1
-25 7
+40 1
+1 1
+52 1
-1 1
+1 5

fn=(298)
444 8
+1 1
-1 1
+1 1
+4 1
+6 2
-6 1
+6 1
+12 1
-15 1
-1 1
+16 2
+5 8
+6 16
+3 1
+1 2
+6 3
+3 1
-2 2
+2 4
+1 1
+3 2
-1 2
+4 2
+1 4
+2 2
+1 2
+9 1
+3 3
cfi=(20)
cfn=(72)
calls=1 117 
* 12
* 5
cfi=(27)
cfn=(74)
calls=1 109 
* 33
* 3
-42 3
+56 3
+3 8

fn=(150)
52 4
+48 2

fn=(90)
115 2
+1 2

fl=(115)
fn=(436)
178 8
+4 3
+1 4
+1 16
+1 2
-2 9
+5 2
+4 7

fl=(11)
fn=(62)
45 7
+2 4
+85 8
-45 3
cfi=(23)
cfn=(64)
calls=1 -3 
* 5
* 1
+15 1
-15 1
+20 1
-1 1
+3 12
+4 3
-2 6
+2 10
+2 1
+1 2
-3 4
+7 3
-1 3
+4 3
-2 3
+2 10
+5 2

fl=(25)
fn=(68)
40 4
+1 1
-1 4
+4 1
-4 4
+1 4
-1 1
+1 1
cfi=(9)
cfn=(26)
calls=1 379 
* 17
* 1
+3 2
+9 2
-12 1
+12 4
+1 2
-1 8
+1 2
-1 8
+10 4
169 3
+5 2
-4 4
+2 1
fi=(140) /build/glibc-itYbWN/glibc-2.26/elf/../sysdeps/x86/dl-hwcap.h
57 2
fe=(25)
172 2
fi=(140)
57 3
fe=(25)
172 1
+1 1
cfi=(13)
cfn=(28)
calls=1 -94 
* 16
+1 4
-5 1
+4 1
+2 1
-1 2
-5 4
-52 4
cfi=(26)
cfn=(70)
calls=1 -90 
* 9
* 3
315 2
177 3
+2 2
+1 5
+4 2
+4 1
-4 1
+1 1
+3 1
+3 2
+4 6
+1 1
-1 8
+1 1
+2 5
+2 2
-1 1
+1 1
-1 1
+2 2
+2 1
+11 9
-6 1
+7 2
-7 1
+7 2
cfi=(19)
cfn=(46)
calls=1 50 
* 18
* 1
+1 1
-1 1
+1 2
+29 3
+10 3
+10 2
-10 10
+10 7
-4 2
-3 1
+3 2
cfi=(20)
cfn=(72)
calls=1 117 
* 16
* 2
-3 1
+3 2
cfi=(20)
cfn=(72)
calls=1 117 
* 16
+3 2
-3 7
+3 2
+1 12
+1 4
cfi=(20)
cfn=(72)
calls=1 117 
* 14
-2 1
+2 2
-2 1
+5 6
cfi=(20)
cfn=(72)
calls=2 117 
* 28
+2 2
-2 4
+2 2
+5 8
-12 2
+12 1
+1 2
-1 9
+1 14
-1 19
+5 11
+4 3
-4 14
+4 33
+1 12
-1 12
+1 24
-2 12
+1 24
-1 39
+4 6
+3 1
+2 2
-1 1
-1 2
+2 6
+2 6
+1 2
+3 2
-6 11
+13 2
+1 1
-1 1
+3 2
-3 6
+1 3
-1 3
+3 6
+3 3
+3 1
-1 1
+1 8
-16 2
-6 3
115 1
+17 1
+1 1
-1 9
+87 2

fl=(135) /build/glibc-itYbWN/glibc-2.26/elf/dl-fini.c
fn=(552) _dl_fini
130 8
+20 15
+3 2
cfi=(2)
cfn=(52)
calls=1 783 
* 2
+2 1
+3 2
+2 8
+8 1
-3 1
+3 4
+5 1
-5 3
+7 10
+2 10
+2 5
+1 5
+5 5
-6 5
-6 5
+8 5
-8 11
+14 7
+1 4
+4 1
31 1
+2 1
192 1
33 1
+6 1
-1 1
+2 1
-2 2
+1 6
+1 1
-1 1
+1 1
cfi=(27)
cfn=(74)
calls=1 +69 
* 13
* 1
+77 20
+3 21
cfi=(27)
cfn=(74)
calls=3 -11 
* 47
* 4
-76 8
+1 4
-1 4
+1 8
+4 16
+6 8
+1 8
+2 30
+1 15
+2 30
+1 21
201 3
cfi=(2)
cfn=(54)
calls=1 789 
* 2
+5 3
81 4
208 1
+2 3
-2 4
+2 12
+3 10
+3 15
+4 6
+11 3
+1 3
-1 3
+2 6
+1 9
+1 6
cob=(4)
cfi=(96)
cfn=(594) 0x0000000000007960
calls=1 0 
* 84
cob=(5)
cfi=(87)
cfn=(576) 0x0000000000000600
calls=1 0 
* 83
cob=(6)
cfi=(97)
cfn=(554) 0x00000000000009c0
calls=1 0 
* 83
-1 12
+5 6
+1 9
cob=(2)
cfi=(18)
cfn=(610) 0x0000000004cdd15c
calls=1 0 
* 3
cob=(2)
cfi=(18)
cfn=(592) 0x0000000004a2a7a8
calls=1 0 
* 3
cob=(2)
cfi=(18)
cfn=(574) 0x0000000000109304
calls=1 0 
* 3
+6 30
+16 10
-56 13
+11 6
92 18
+21 6
-57 15
268 6
+6 2
+7 8

fl=(44)
fn=(132)
26 20
+1 4

fl=(7)
fn=(12)
88 8
+25 1
-1 1
+1 191
+6 1
-3 1
+1 1
-4 1
+3 1
+3 4
+1 2
-1 25
+1 108
-1 106
+62 1
+1 1
-1 1
+1 1
-29 1
+1 2
+11 1
+1 1
-1 1
+1 1
-7 1
+1 1
-1 1
+1 1
-4 1
+1 2
-25 1
+1 2
-4 1
+1 2
-7 1
+1 1
+2 1
+1 1
+97 1
cfi=(9)
cfn=(16)
calls=1 +71 
* 20009
fi=(11)
35 2
cfi=(12)
cfn=(22)
calls=1 -4 
* 11
fi=(8)
+90 1
-12 1
+1 1
+11 1
+3 1
-3 1
+3 7
312 3
+1 1
+3 2
+1 1
+7 1
+4 2
-5 1
+5 1
-3 1
+3 1
cfi=(9)
cfn=(26)
calls=1 +51 
* 17
+2 4
cfi=(9)
cfn=(26)
calls=1 +49 
* 17
* 1
+2 3
-2 1
+2 1
cfi=(9)
cfn=(26)
calls=1 +47 
* 17
* 1
+2 3
-2 1
+2 1
cfi=(9)
cfn=(26)
calls=1 +45 
* 17
+13 1
-13 1
+4 1
+8 1
-12 1
+13 1
fe=(7)
238 2
cfi=(14)
cfn=(30)
calls=1 34 
* 17
* 3
+12 3
+3 5
cfi=(2)
cfn=(32)
calls=1 869 
* 130631
+1 1
+1 8
fi=(8)
+94 3
fe=(7)
236 1
cfi=(13)
cfn=(28)
calls=1 79 
* 16
* 2
fi=(8)
368 3
+2 4
+3 4
+1 3
134 6
cfn=(24)
calls=1 -97 
* 66
+3 3
+97 4
+7 5
+10 2
+1 1
-1 1
+1 1
fe=(7)

ob=(2)
fl=(18)
fn=(574)
0 3

fn=(610)
0 3

fn=(560) 0x00000000001088f0
0 1
cob=(3)
cfi=(136) /build/glibc-itYbWN/glibc-2.26/stdlib/cxa_finalize.c
cfn=(562) __cxa_finalize
calls=1 31 
0 62

fn=(600) 0x0000000004c338c0
0 1
cob=(3)
cfi=(136)
cfn=(562)
calls=1 31 
0 62

fn=(368) 0x00000000001087f8
0 6

fn=(582) 0x0000000004a2a560
0 1
cob=(3)
cfi=(136)
cfn=(562)
calls=1 31 
0 62

fn=(592)
0 3

fn=(84)
0 1
cob=(1)
cfi=(19)
cfn=(86)
calls=1 109 
0 6

ob=(1)
fl=(7)
fn=(12)
fi=(8)
260 1
132 2
+7 3
+1 7
+85 5
-79 2
fe=(7)

fn=(300)
260 1

fl=(26)
fn=(70)
27 32
+4 4

fl=(28)
fn=(76)
24 11
+1 11
+1 11
+1 11
+1 11
+1 11
+1 11
+1 11
+1 11
+1 11
+1 11
+1 11
+1 11
+1 11
+1 11
+1 11
+1 11
+1 8
+4 8
+1 8
+1 8
+1 8
+2 8
+4 3
+1 3
+1 3
+1 3
+1 3
+1 3
+1 3
+1 3
+1 3
+1 3
+1 3
+1 3
+1 3
+1 3
+1 3
+1 3
+1 3
+1 3
+1 3
+1 3
+1 3
+1 3
+1 3
+1 3

ob=(2)
fl=(18)
fn=(498) 0x0000000004fa2810
0 1
cob=(3)
cfi=(109) /build/glibc-itYbWN/glibc-2.26/malloc/malloc.c
cfn=(500) malloc
calls=1 3062 
0 729

fn=(312)
0 6

fn=(344)
0 6

ob=(1)
fl=(28)
fn=(76)
129 3
+4 3
+1 3
+1 3
+1 3
+2 3

fl=(34)
fn=(102)
26 6
+9 6
+1 12
+1 6
+4 6
+1 6
+1 6
+1 6
+1 6
+2 12
+2 6
+1 6
+1 6
+2 12
+2 6
+4 6
+1 6

ob=(5)
fl=(87)
fn=(576)
0 8
cob=(2)
cfi=(18)
cfn=(582)
calls=1 0 
0 63
0 1
cfn=(586) 0x0000000000000570
calls=1 0 
0 8
0 3

fn=(586)
0 8

fn=(316)
0 17

ob=(3)
fl=(126) /build/glibc-itYbWN/glibc-2.26/libio/genops.c
fn=(534) __overflow
228 1998
+2 2997
+2 999
fi=(132) /build/glibc-itYbWN/glibc-2.26/libio/libioP.h
938 2997
+2 1998
+1 1998
fe=(126)
232 999
+1 1998
-1 999
cfi=(124) /build/glibc-itYbWN/glibc-2.26/libio/fileops.c
cfn=(488) _IO_file_overflow@@GLIBC_2.2.5
calls=999 800 
* 146853

fn=(514) _IO_default_xsputn
425 2
-3 5
fi=(132)
938 1
fe=(126)
422 2
fi=(132)
938 3
fe=(126)
422 1
fi=(132)
938 3
fe=(126)
430 32
+25 23
fi=(132)
940 14
+1 14
fe=(126)
455 28
cfi=(124)
cfn=(488)
calls=7 800 
* 231
* 14
+2 7
-2 14
+4 1
+1 3
-1 1
+1 5

fn=(490) _IO_doallocbuf
395 2
-1 3
+3 4
+1 1
fi=(132)
938 3
+2 2
+1 2
fe=(126)
398 2
cfi=(127) /build/glibc-itYbWN/glibc-2.26/libio/filedoalloc.c
cfn=(492) _IO_file_doallocate
calls=1 78 
* 824
* 2
+3 4

fn=(614) _IO_flush_all_lockp
794 11
+6 2
fi=(132)
938 2
fe=(126)
800 1
+11 1
fi=(132)
938 2
fe=(126)
810 3
-1 3
+1 3
+3 9
+10 6
+4 3
-2 3
+2 6
+7 3
-7 3
-20 6
+31 2
+2 3
+4 12
-38 1
-1 1
-5 1
+7 2
+6 12

fn=(510) _IO_setb
380 3
+1 4
+3 1
+2 4
-3 1
+3 2
+3 3

fn=(622) _IO_default_setbuf
522 2
fi=(132)
938 1
fe=(126)
522 3
fi=(132)
938 1
fe=(126)
522 3
+1 1
fi=(132)
938 1
+2 2
+1 2
fe=(126)
523 2
cfi=(124)
cfn=(624) _IO_file_sync@@GLIBC_2.2.5
calls=1 860 
* 17
* 2
+9 1
-7 1
+7 1
-7 1
+10 2
+2 1
-2 1
+1 3
+2 6
381 1
527 1
+1 1
-1 1
+1 1
381 4
+7 1
-5 1
+1 1
+4 2

fn=(612) _IO_cleanup
982 2
+3 1
-3 5
+3 1
cfn=(614)
calls=1 794 
* 101
-63 1
+63 1
-63 2
fi=(132)
+16 2
fe=(126)
-6 1
fi=(132)
+6 2
fe=(126)
-6 3
+8 5
+2 2
+2 1
+1 1
-1 1
+2 2
+3 1
fi=(132)
-9 2
+1 2
fe=(126)
+8 4
cfi=(124)
cfn=(620) _IO_file_setbuf@@GLIBC_2.2.5
calls=1 442 
* 83
+2 3
+4 2
+7 3
-40 9
+2 9
+2 6
+6 12
+65 9
-42 3
+1 8

fl=(68)
fn=(232)
40 1
-2 1
+2 2
-2 2
+11 1

fl=(108) /build/glibc-itYbWN/glibc-2.26/stdlib/../stdlib/strtol_l.c
fn=(408) ____strtol_l_internal
226 4
+48 2
-48 10
+47 2
-47 2
+26 2
-26 2
+26 2
+31 8
+9 12
+2 4
+5 4
+5 2
-6 2
+6 2
+4 4
+10 4
+7 4
434 2
-56 2
+56 8
+26 2
+12 2
-11 2
+11 2
-11 4
+11 4
-36 15
-4 10
+2 5
-2 5
+2 17
+44 4
+5 6
+6 4
+3 6
+33 16
328 10
-82 4
464 15
+3 20
+5 5
+1 20
+17 4

fl=(66)
fn=(252)
30 6

fn=(236)
30 6

fn=(222)
30 6

fl=(94)
fn=(338) handle_intel.constprop.1
259 21
+2 3
-2 9
+5 9
+8 3
+1 3
-3 3
+5 12
+18 18
cfn=(340) intel_check_word.isra.0
calls=3 132 
* 1002
+2 6
+3 21
cfn=(340)
calls=3 132 
* 353
+2 6
-19 6
+5 3
-5 9
+5 3
+2 3
+1 3
-1 6
+31 33

fn=(340)
132 12
+6 6
-10 30
+10 24
-10 6
+10 6
+2 6
-2 6
+2 18
+2 6
+2 12
-2 9
+2 18
+8 30
+51 24
+22 12
fi=(95) /build/glibc-itYbWN/glibc-2.26/string/../bits/stdlib-bsearch.h
28 12
-1 24
+4 24
+1 12
fe=(94)
+87 24
fi=(95)
-88 18
+1 9
fe=(94)
+87 39
+3 81
fi=(95)
-93 66
+2 66
-2 66
+2 120
+1 60
fe=(94)
+87 120
250 12
140 24
-6 3
255 36
fi=(95)
37 15
-8 36
fe=(94)
164 9
+3 9
+4 6
+2 6
+1 6
-1 6
+1 8
+2 4
-1 4
+1 6
-12 4
+12 4
+1 18
+1 14
+1 10
+17 5
-32 15
+3 15
+4 10
+2 20
+1 10
+1 10
+1 10
+5 3
+2 6
+2 3
+2 3
+1 3
-3 3
+2 3
-1 3
+1 3
-2 3
+3 3
-2 9
+2 9

fn=(336)
488 7
+14 4
758 2
+2 1
+1 1
+2 1
-3 1
+5 1
-5 1
+4 3
+4 3
+3 2
+2 1
+1 1
+2 1
-3 1
+5 1
-5 1
+4 3
+9 1
+2 8
-2 1
+3 8
504 1
-4 1
+4 1
cfn=(338)
calls=1 259 
* 460
+2 1
-2 1
+2 1
cfn=(338)
calls=1 259 
* 523
+5 1
-5 1
+5 1
cfn=(338)
calls=1 259 
* 552
+8 1
-8 1
+8 1
+11 1
-20 1
+25 3
+4 2
+8 6
+3 2
+9 6
+14 2
+4 1
+3 1
+1 1
-4 1
+3 1
-3 1
+3 1
+6 7
-36 9
+6 6
-6 3
+6 2
+3 20
+5 2
+4 1
+1 1
-1 3
691 4
+1 5
+4 2
+59 3
592 2
+8 8
+2 3
+4 2
-4 1
-2 1
+4 1
+23 4
-23 6
+2 6
+2 2
+1 2
+1 8
+2 4
+3 2
+5 1
+2 2
+1 1
-1 1
+2 1
-2 1
+1 2
+7 2
+4 2
+3 1
+2 2
+1 1
-1 2
+1 1
+5 2
+6 2
+1 2
+2 1
-1 1
+1 1
+22 2

fl=(52)
fn=(230)
44 5
+4 2
-1 2
+12 2
+2 5

fn=(184)
44 10
+4 4
-1 4
+12 4
+2 10

fn=(206)
44 5
+4 2
-1 2
+12 2
+2 5

fl=(111) /build/glibc-itYbWN/glibc-2.26/malloc/arena.c
fn=(502) malloc_hook_ini
296 1
fi=(110) /build/glibc-itYbWN/glibc-2.26/malloc/hooks.c
29 4
+1 1
fe=(111)
296 1
fi=(110)
30 1
fe=(111)
296 2
fi=(109)
3063 2
+5 6
+3 4
+13 7
+2 3
cfn=(446) _int_malloc
calls=1 3556 
* 377
+3 1
-3 1
+3 1
+8 4
+2 10
-31 4
-49 4
cfn=(506) tcache_init.part.7
calls=1 +3 
* 262
+55 2
+2 5
+1 3
fi=(110)
33 5
fi=(109)
3084 6
fe=(111)

fn=(418) ptmalloc_init.part.1
294 2
+5 1
-5 3
+13 2
+6 2
+6 1
-6 1
+6 5
+1 1
+2 1
-2 1
cfi=(109)
cfn=(438) malloc_consolidate
calls=1 4445 
* 922
+2 4
cob=(1)
cfi=(113)
cfn=(428)
calls=1 70 
* 1255
* 5
+1 4
cob=(1)
cfi=(9)
cfn=(26)
calls=1 +56 
* 17
* 1
+1 4
cob=(1)
cfi=(9)
cfn=(26)
calls=1 +55 
* 18
* 1
+1 4
cob=(1)
cfi=(9)
cfn=(26)
calls=1 +54 
* 17
* 1
+1 4
cob=(1)
cfi=(9)
cfn=(26)
calls=1 +53 
* 17
* 1
+1 4
cob=(1)
cfi=(9)
cfn=(26)
calls=1 +52 
* 18
* 1
+1 4
cob=(1)
cfi=(9)
cfn=(26)
calls=1 +51 
* 17
* 1
+1 4
cob=(1)
cfi=(9)
cfn=(26)
calls=1 +50 
* 17
* 1
+2 4
cob=(1)
cfi=(9)
cfn=(26)
calls=1 +48 
* 17
* 1
+1 4
cob=(1)
cfi=(9)
cfn=(26)
calls=1 +47 
* 17
* 1
+1 4
cob=(1)
cfi=(9)
cfn=(26)
calls=1 +46 
* 17
* 1
+3 4
+73 2
+1 2
+4 2
-1 1
+1 4
308 5
cfi=(112) /build/glibc-itYbWN/glibc-2.26/elf/dl-addr.c
cfn=(420) _dl_addr
calls=1 127 
* 58765
* 2
+1 4

fl=(138) /build/glibc-itYbWN/glibc-2.26/posix/../sysdeps/unix/sysv/linux/_exit.c
fn=(626) _Exit
27 2
+4 1
+2 2

fl=(102) /build/glibc-itYbWN/glibc-2.26/setjmp/sigjmp.c
fn=(382) __sigjmp_save
29 1
-1 2
+1 2
+5 3

fl=(117) /build/glibc-itYbWN/glibc-2.26/misc/sbrk.c
fn=(452) sbrk
34 2
+8 2
-8 6
+8 9
+4 4
+4 6
+12 5
-19 2
cfi=(118) /build/glibc-itYbWN/glibc-2.26/misc/../sysdeps/unix/sysv/linux/x86_64/brk.c
cfn=(454) brk
calls=1 -12 
* 12
* 4
+15 2
cfi=(118)
cfn=(454)
calls=1 -27 
* 12
* 2
+4 5

fl=(64)
fn=(214)
38 4
+3 4
+6 1

fl=(118)
fn=(454)
31 16
+8 2
-6 4
+7 2

fl=(127)
fn=(492)
78 8
+6 4
fi=(132)
938 3
+2 2
+1 2
fe=(127)
84 3
cfi=(124)
cfn=(494) _IO_file_stat
calls=1 1221 
* 13
* 2
+2 4
+11 4
+4 2
cob=(2)
cfi=(18)
cfn=(498)
calls=1 0 
* 730
* 1
+2 1
-1 2
+2 4
cfi=(126)
cfn=(510)
calls=1 380 
* 18
+1 1
+1 8
-15 1
fi=(141) /build/glibc-itYbWN/glibc-2.26/libio/../misc/sys/sysmacros.h
-12 6
fe=(127)
+12 1
-2 2
+5 2

fl=(54)
fn=(244)
32 5
fi=(71) /build/glibc-itYbWN/glibc-2.26/string/../sysdeps/x86_64/multiarch/strcasecmp_l.c
-1 1
fe=(54)

fn=(188)
32 5
fi=(55) /build/glibc-itYbWN/glibc-2.26/string/../sysdeps/x86_64/multiarch/strcasecmp.c
-1 1
fe=(54)

fn=(260)
32 5
fi=(72) /build/glibc-itYbWN/glibc-2.26/string/../sysdeps/x86_64/multiarch/strncase_l.c
-1 1
fe=(54)

fn=(224)
32 5
fi=(67) /build/glibc-itYbWN/glibc-2.26/string/../sysdeps/x86_64/multiarch/strncase.c
-1 1
fe=(54)

fl=(136)
fn=(562)
31 12
+17 3
-17 12
+4 12
+4 18
-4 9
+32 12
+4 18
-4 9
+12 6
+3 3
-2 3
+2 18
-2 3
cfi=(137) /build/glibc-itYbWN/glibc-2.26/nptl/unregister-atfork.c
cfn=(564) __unregister_atfork
calls=3 -52 
* 48

fl=(120) /build/glibc-itYbWN/glibc-2.26/stdio-common/printf.c
fn=(474) printf
28 32967
+4 2997
+1 5994
-1 14985
+1 8991
cfi=(121) /build/glibc-itYbWN/glibc-2.26/stdio-common/vfprintf.c
cfn=(476) vfprintf
calls=2997 1244 
* 3339774
+4 14985

fl=(100) /build/glibc-itYbWN/glibc-2.26/setjmp/../sysdeps/x86_64/bsd-_setjmp.S
fn=(378) _setjmp
30 1
+2 1
cfi=(101) /build/glibc-itYbWN/glibc-2.26/setjmp/../sysdeps/x86_64/setjmp.S
cfn=(380) __sigsetjmp
calls=1 -6 
* 27

fl=(106) /build/glibc-itYbWN/glibc-2.26/stdlib/atoi.c
fn=(404) atoi
26 2
+1 6
cfi=(107) /build/glibc-itYbWN/glibc-2.26/stdlib/../stdlib/strtol.c
cfn=(406) strtol
calls=2 +79 
* 274
+1 4

fl=(101)
fn=(380)
26 1
+9 1
+1 2
+1 1
+4 1
+1 1
+1 1
+1 1
+1 1
+2 2
+2 1
+1 1
+1 1
+2 2
+2 1
+8 1
cfi=(102)
cfn=(382)
calls=1 -34 
* 8

fl=(128) /build/glibc-itYbWN/glibc-2.26/io/../sysdeps/unix/sysv/linux/wordsize-64/fxstat.c
fn=(496) _fxstat
34 2
+1 6
+4 1

fl=(109)
fn=(446)
3556 15
-34 35
+34 15
-34 5
+34 15
+6 5
-2 10
+24 10
+53 4
+2 1
-2 1
+2 2
-5 10
+70 16
+1 8
+1 6
cfn=(438)
calls=3 4445 
* 530
+19 5
-1 10
+1 5
-1 5
+1 5
-2 4
4127 10
-2 1
+2 1
-2 1
+2 2
-2 1
3756 1
-27 1
4127 3
3756 2
4127 16
3734 1
+1 1
3872 1
3735 2
4127 40
-2 4
+2 4
-2 4
+2 8
-2 4
3756 4
-27 4
4127 12
3756 8
4127 64
3734 4
+1 4
3872 4
3735 8
+3 2
-1 2
+1 4
+1 4
+4 2
+10 4
+34 2
-5 2
+1 2
+4 2
+29 4
+2 4
+1 6
+1 2
-1 2
+53 4
+9 2
-9 8
+10 2
-9 2
+1 2
+1 2
+1 2
+6 2
+9 2
3735 4
3897 10
-6 6
+17 10
+2 16
+3 4
-3 4
+3 8
+71 10
+1 10
+1 10
+1 10
+1 10
+5 10
4141 45
3704 12
2967 4
4141 1
-6 3
cfn=(448) sysmalloc
calls=1 2300 
* 254
+1 1
-1 1
+1 1
1911 3
3997 15
+3 20
-3 15
+3 4
-3 2
4100 5
+1 10
+2 10
+17 3
3723 8
4108 4
-3 4
+3 4
-2 4
+7 8
-5 16
-1 4
+1 4
+2 4
-2 8
1911 4
4110 4
1911 8

fn=(444) _int_memalign
4734 6
-14 3
+14 3
-14 9
+14 3
-14 3
+14 12
-14 3
+14 6
+10 6
cfn=(446)
calls=3 3556 
* 1099
+2 3
-2 3
+2 3
+5 3
-2 3
+2 9
+9 5
+2 1
+1 1
-1 1
+1 2
+4 1
-1 2
+1 3
+3 2
+8 8
+2 1
+1 3
+1 2
-1 1
+1 1
-1 1
+1 1
cfn=(456) _int_free
calls=1 4149 
* 85
+3 10
+5 3
+16 7
-16 8
+3 3
-1 3
+1 6
+4 2
-2 2
+1 4
+1 14
+2 6
+1 2
-1 2
+1 4
cfn=(456)
calls=2 4149 
* 170
* 2
+6 14

fn=(544) free
3107 24
+5 6
+1 6
+6 6
+5 3
-2 3
+2 6
+18 9
+2 9
+1 6
cfn=(456)
calls=3 4149 
* 427
+1 27

fn=(438)
4445 44
+22 8
+1 9
+12 3
5422 3
4481 3
-11 3
+10 3
5424 3
-2 3
+2 12
4483 9
+1 9
-1 81
+1 90
+26 2
+4 2
-3 2
+1 2
+2 2
+5 2
+1 2
+1 2
-2 2
+12 2
-12 2
+3 4
+9 2
-41 3
-3 3
+3 6
+1 3
+1 6
+2 6
+7 6
+3 4
+4 4
+18 1
+1 1
+4 1
-4 1
+1 2
+3 4
+3 3
-3 4
+3 141
5415 1
1834 6
4467 5
1834 16
+1 12
-1 480
+1 362
-1 2
+1 2
+4 1
-4 2
+4 2
+5 2
+2 2
4540 44
1843 3

fn=(456)
4149 78
+13 18
+6 24
+1 12
+11 24
+12 6
-2 12
+2 18
+1 6
+14 12
+11 12
+2 9
1918 3
4244 3
1918 6
4246 9
+1 6
+4 3
-4 3
+1 3
+9 18
+9 12
+2 3
+2 18
4428 66
4283 6
+1 6
+15 6
+8 9
+6 6
+1 6
+1 6
1918 9
4324 6
+1 3
+2 3
-1 3
+2 48
+3 6
+5 6
+1 15
+1 2
-53 18
+8 3
-4 3
+4 9
-7 6
-14 12
+68 2
+9 2
-1 2
+2 4
-1 1
-1 1
+2 2
+7 3
-2 3
+1 3
+1 3
+2 3
+1 3
+2 3
+1 3
+2 9
+1 3
+30 6
+20 6
+1 9
+1 15
4301 9
-2 6

fn=(500)
3062 1
-5 3
+5 1
+1 2
+1 1
+38 3
-38 1
cfi=(111)
cfn=(502)
calls=1 296 
* 717

fn=(506)
3022 1
-9 1
+9 11
+1 3
cfn=(446)
calls=1 3556 
* 153
+1 1
-1 1
+1 1
+8 4
+7 2
+2 1
+1 2
-1 1
+1 78
+3 2

fn=(412) memalign
3282 3
-12 9
+1 3
+11 3
+1 6
+4 4
+4 4
+28 26
+2 8
cfn=(444)
calls=2 4734 
* 989
+1 2
-1 2
+1 2
+8 8
+2 20
-59 10
+23 6
+7 8
+8 6
-38 3
+11 1
cfi=(110)
cfn=(414) memalign_hook_ini
calls=1 46 
* 61862
+27 4

fn=(448)
2300 11
+20 1
+11 1
-11 1
+11 1
+1 6
fi=(111)
550 4
fe=(109)
2347 3
+66 1
+1 3
+10 1
-9 1
+9 5
+6 3
+3 3
2753 2
+1 1
+5 2
+3 2
+5 1
-3 1
+3 1
-2 1
+2 3
+1 1
-1 1
-1 1
+1 2
+1 1
+2 1
+6 11
2486 3
+19 1
-11 1
+11 2
-11 1
+1 1
+10 2
+8 1
-8 1
+8 1
+2 6
cfi=(116) /build/glibc-itYbWN/glibc-2.26/malloc/morecore.c
cfn=(450) __default_morecore
calls=1 46 
* 62
+1 1
-1 1
+1 1
+3 4
+3 4
+1 2
+46 2
+2 2
+6 1
-6 1
+6 1
+3 7
+37 2
+6 4
+19 1
+3 2
+1 5
+2 2
+1 5
cfi=(116)
cfn=(450)
calls=1 46 
* 25
+12 4
+8 2
+1 4
+39 1
+1 1
-2 1
+1 3
+12 1
-12 1
+1 1
+11 1
2570 2

fl=(125) /build/glibc-itYbWN/glibc-2.26/stdio-common/_itoa.c
fn=(486) _itoa_word
168 23976
+2 11988
+9 444876
+9 11988

fl=(129) /build/glibc-itYbWN/glibc-2.26/string/../sysdeps/x86_64/multiarch/memmove-vec-unaligned-erms.S
fn=(518) __mempcpy_avx_unaligned_erms
209 10988
+1 10988
+1 10988
+12 10988
+1 10988
+44 10988
+1 10988
+2 10988
+1 10988
+1 7992
+1 7992
+1 7992
+1 7992
+1 5022
+1 5022
+1 5022
+2 5022
+22 2996
+1 2996
+1 2996
+1 2996
+1 2996
+10 2970
+1 2970
+1 2970
+1 2970
+1 2970

fl=(112)
fn=(420)
127 9
+5 1
-5 2
+5 2
cob=(1)
cfi=(2)
cfn=(52)
calls=1 783 
* 2
+2 2
cob=(1)
cfi=(113)
cfn=(428)
calls=1 -64 
* 1356
* 5
+2 2
30 1
+1 1
-1 1
+1 1
+3 2
+5 1
+6 1
-7 1
+2 2
+2 1
-2 1
+2 1
+3 1
+5 8
+2 1
+1 2
-1 1010
+1 2020
+2 3644
+9 2007
+7 27
-2 27
+2 2312
-2 2258
+2 5890
-10 11425
+2 9140
+1 14539
+7 1011
-21 2022
+50 3
+1 1
+1 3
+3 2
+37 2
cob=(1)
cfi=(2)
cfn=(54)
calls=1 789 
* 2
+3 9
-28 1
+1 1
+21 2

fl=(130) /build/glibc-itYbWN/glibc-2.26/libio/putchar.c
fn=(532) putchar
25 999
+2 999
-2 999
+2 16983
+1 2997
fi=(132)
864 1998
+1 7992
fe=(130)
31 2997
-3 1998
cfi=(126)
cfn=(534)
calls=999 228 
* 163836
* 1998

fl=(116)
fn=(450)
46 2
+1 2
cfi=(117)
cfn=(452)
calls=2 -13 
* 73
+2 6
+3 4

fl=(131) /build/glibc-itYbWN/glibc-2.26/io/../sysdeps/unix/sysv/linux/write.c
fn=(538) write
26 7992
+1 999

fl=(110)
fn=(414)
46 5
fi=(111)
296 1
fe=(110)
47 1
fi=(111)
296 1
fe=(110)
47 1
fi=(111)
296 1
fi=(109)
3287 2
+4 2
+28 12
+2 4
cfn=(444)
calls=1 4734 
* 571
+1 1
-1 1
+1 1
+8 4
+2 10
fe=(110)
50 6
fi=(109)
3296 3
+7 4
+8 3
+21 2
cfi=(111)
cfn=(418)
calls=1 294 
* 61219
-50 2
+1 1
-12 1
+12 1
+28 2
fe=(110)

fl=(121)
fn=(476)
1244 41958
+31 8991
+8 8992
+4 14985
+11 11988
+11 2997
fi=(142) /build/glibc-itYbWN/glibc-2.26/stdio-common/printf-parse.h
108 5994
fe=(121)
1324 2997
-15 14985
fi=(142)
108 2997
cfi=(122) /build/glibc-itYbWN/glibc-2.26/string/../sysdeps/x86_64/multiarch/strchr-avx2.S
cfn=(480) __strchrnul_avx2
calls=2997 -63 
* 53946
* 2997
fe=(121)
1324 2997
fi=(142)
108 2997
fe=(121)
1320 2997
+4 2997
fi=(123) /build/glibc-itYbWN/glibc-2.26/stdio-common/../libio/libioP.h
938 2997
fe=(121)
1328 2997
fi=(123)
938 11988
+2 5994
+1 5994
fe=(121)
1328 17982
cfi=(124)
cfn=(484) _IO_file_xsputn@@GLIBC_2.2.5
calls=2997 -49 
* 11988
* 5994
1696 14985
+4 35964
1283 5992
+41 17982
+1 41958
1696 14985
+1 5994
1328 5994
+4 2997
-4 2997
+4 5994
+4 35964
1558 5994
-21 5994
1378 95904
-3 5994
-5 5994
-6 5994
+2 5994
-1 5994
-3 5994
+1 5994
-2 5994
+6 5994
+8 5994
-15 5994
-1 5994
-1 5994
-1 5994
+14 5994
+4 5994
-1 11988
1636 5994
+24 5994
+2 11988
+8 5994
fi=(142)
108 11988
fe=(121)
1670 5994
fi=(142)
108 5994
fe=(121)
1670 5994
fi=(142)
108 5994
cfi=(122)
cfn=(480)
calls=5994 -63 
* 107892
* 5994
fe=(121)
1674 5994
-4 5994
+4 17982
fi=(123)
940 17982
+1 11988
fe=(121)
1674 35964
cfi=(124)
cfn=(484)
calls=5994 1279 
* 363636
* 71928
+2 14985
-34 326673
fi=(123)
940 17982
+1 11988
fe=(121)
1642 35964
cfi=(124)
cfn=(484)
calls=5994 1279 
* 577219
* 65934
-27 53946
+7 50949
-1 2997
-1 5994
+22 59940
cfi=(125)
cfn=(486)
calls=5994 168 
* 492828
* 155844
+1 11988
-1 83916

fl=(57)
fn=(388) __time_syscall
30 2
+1 1

fn=(196)
43 16
fi=(58) /build/glibc-itYbWN/glibc-2.26/time/../sysdeps/generic/dl-hash.h
+5 6
+14 8
-17 6
+3 18
+14 24
-17 18
+22 2
fe=(57)
-24 12
cfi=(59) /build/glibc-itYbWN/glibc-2.26/elf/../sysdeps/unix/sysv/linux/dl-vdso.c
cfn=(200) _dl_vdso_vsym
calls=2 -17 
* 32
* 10

fl=(119) /build/glibc-itYbWN/glibc-2.26/stdlib/rand.c
fn=(460) rand
26 2000
+1 2000
cfi=(104) /build/glibc-itYbWN/glibc-2.26/stdlib/random.c
cfn=(462) random
calls=2000 288 
* 95936
+1 4000

fl=(134) /build/glibc-itYbWN/glibc-2.26/stdlib/cxa_thread_atexit_impl.c
fn=(550) __call_tls_dtors
145 3
+1 4
+18 4

fl=(69)
fn=(234)
32 4
-2 2
+2 4
-2 4
+5 2
-1 8
fi=(143) /build/glibc-itYbWN/glibc-2.26/wcsmbs/../sysdeps/x86_64/multiarch/wmemset.c
-3 2
fe=(69)

fl=(122)
fn=(480)
45 8991
+2 8991
+1 8991
+1 8991
+2 8991
+1 8991
+1 8991
+4 8991
+1 8991
+1 8991
+1 8991
+1 8991
+1 8991
+1 8991
184 8991
+2 8991
+7 8991
+1 8991

fl=(92) /build/glibc-itYbWN/glibc-2.26/string/../sysdeps/x86_64/multiarch/strrchr-avx2.S
fn=(332) __strrchr_avx2
43 1
+1 1
+2 1
+1 1
+3 1
+1 1
+1 1
+2 1
+1 1
+1 1
+1 1
+1 1
+1 1
+2 1
+1 1
+12 1
+1 1
216 1
+1 1
+1 1
+1 1
+1 1
+2 1
+1 1
+1 1
+1 1
+1 1

fl=(56)
fn=(240)
32 1
-2 1
+2 2
-2 3
fi=(144) /build/glibc-itYbWN/glibc-2.26/string/../sysdeps/x86_64/multiarch/strlen.c
-1 1
fe=(56)

fn=(242)
32 1
-2 1
+2 2
-2 3
fi=(145) /build/glibc-itYbWN/glibc-2.26/string/../sysdeps/x86_64/multiarch/memrchr.c
-1 1
fe=(56)

fn=(220)
32 2
-2 2
+2 4
-2 6
fi=(146) /build/glibc-itYbWN/glibc-2.26/string/../sysdeps/x86_64/multiarch/strnlen.c
+1 2
fe=(56)

fn=(248)
32 1
-2 1
+2 2
-2 3
fi=(147) /build/glibc-itYbWN/glibc-2.26/string/../sysdeps/x86_64/multiarch/memchr.c
-1 1
fe=(56)

fn=(202)
32 1
-2 1
+2 2
-2 3
fi=(148) /build/glibc-itYbWN/glibc-2.26/string/../sysdeps/x86_64/multiarch/rawmemchr.c
+1 1
fe=(56)

fn=(258)
32 1
-2 1
+2 2
-2 3
fi=(149) /build/glibc-itYbWN/glibc-2.26/string/../sysdeps/x86_64/multiarch/strchrnul.c
+1 1
fe=(56)

fn=(194)
32 1
-2 1
+2 2
-2 3
fi=(150) /build/glibc-itYbWN/glibc-2.26/string/../sysdeps/x86_64/multiarch/strrchr.c
-2 1
fe=(56)

fl=(98) /build/glibc-itYbWN/glibc-2.26/csu/../csu/libc-start.c
fn=(360) (below main)
139 7
+4 1
-4 3
+4 4
+94 1
-94 1
+94 1
+1 4
cfi=(99) /build/glibc-itYbWN/glibc-2.26/stdlib/cxa_atexit.c
cfn=(362) __cxa_atexit
calls=1 57 
* 60
+22 4
+3 2
+1 5
cob=(6)
cfi=(97)
cfn=(366) __libc_csu_init
calls=1 0 
* 57
+4 4
+15 2
+12 2
cfi=(100)
cfn=(378)
calls=1 30 
* 29
+1 2
+5 2
+1 2
+3 2
+3 6
cob=(6)
cfi=(97)
cfn=(384) main
calls=1 0 
* 234136993070
+34 2
cfi=(133) /build/glibc-itYbWN/glibc-2.26/stdlib/exit.c
cfn=(546) exit
calls=1 105 
* 1261
* 2

fl=(133)
fn=(546)
105 1
-1 1
+1 3
cfn=(548) __run_exit_handlers
calls=1 -70 
* 1256

fn=(548)
35 8
+5 3
+7 6
+4 3
-4 3
+4 3
+3 1
-1 1
+2 5
+33 1
+1 1
-1 1
+1 1
+6 2
+1 5
cfi=(126)
cfn=(612)
calls=1 982 
* 290
* 3
+2 2
cfi=(138)
cfn=(626)
calls=1 -71 
* 5
-19 1
+4 1
-4 1
+2 1
+2 1
-2 2
+2 1
cob=(1)
cfi=(135)
cfn=(552)
calls=1 +47 
* 890
+1 1
-43 1
cfi=(134)
cfn=(550)
calls=1 145 
* 11
* 1

fl=(93) /build/glibc-itYbWN/glibc-2.26/ctype/ctype-info.c
fn=(334) __ctype_init
31 5
+2 1
+2 1
-4 1
+4 1
-4 1
+2 3
+2 3

fl=(65)
fn=(216)
42 5
+4 2
-1 2
+12 2
+2 5

fl=(59)
fn=(200)
26 25
+1 10
+4 10
+18 25
-21 5
+20 5

fl=(53)
fn=(256)
33 4
+3 4
fi=(151) /build/glibc-itYbWN/glibc-2.26/string/../sysdeps/x86_64/multiarch/stpcpy.c
-2 1
fe=(53)

fn=(186)
33 4
+3 4
fi=(152) /build/glibc-itYbWN/glibc-2.26/string/../sysdeps/x86_64/multiarch/strncpy.c
-6 1
fe=(53)

fn=(228)
33 4
+3 4
fi=(153) /build/glibc-itYbWN/glibc-2.26/string/../sysdeps/x86_64/multiarch/strcpy.c
-7 1
fe=(53)

fn=(254)
33 4
+3 4
fi=(154) /build/glibc-itYbWN/glibc-2.26/string/../sysdeps/x86_64/multiarch/stpncpy.c
-5 1
fe=(53)

fn=(192)
33 4
+3 4
fi=(155) /build/glibc-itYbWN/glibc-2.26/string/../sysdeps/x86_64/multiarch/strcat.c
-7 1
fe=(53)

fl=(104)
fn=(462)
288 2000
+3 2000
-3 6000
+3 8000
+2 6000
cfi=(105) /build/glibc-itYbWN/glibc-2.26/stdlib/random_r.c
cfn=(400) random_r
calls=2000 +64 
* 51936
+2 8000
+3 4000
-1 2000
+1 6000

fn=(396) srand
209 2
+1 6
+1 3
cfi=(105)
cfn=(398) srandom_r
calls=1 -49 
* 10525
+1 4
+1 2

fl=(88)
fn=(322)
52 8
+3 3
+14 1
fi=(90) /build/glibc-itYbWN/glibc-2.26/csu/../sysdeps/unix/sysv/linux/x86_64/init-first.c
-33 1
fe=(88)
+31 1
+1 1
fi=(90)
-32 3
fe=(88)
+33 1
fi=(90)
-33 3
fi=(89) /build/glibc-itYbWN/glibc-2.26/csu/../sysdeps/generic/dl-hash.h
+12 3
+14 4
-17 3
+3 9
+14 12
-17 9
+22 1
fi=(90)
-31 2
+2 2
-2 1
+2 2
cfi=(59)
cfn=(200)
calls=1 -12 
* 16
+1 2
+5 2
-3 2
+1 1
+2 1
cfi=(59)
cfn=(200)
calls=1 -18 
* 16
fe=(88)
+37 3
fi=(90)
-36 2
+1 1
fe=(88)
+35 1
cfi=(91) /build/glibc-itYbWN/glibc-2.26/misc/init-misc.c
cfn=(328) __init_misc
calls=1 -50 
* 52
+3 1
cfi=(93)
cfn=(334)
calls=1 -53 
* 16
+5 6
-27 1
-7 1
+7 4
fi=(90)
-22 2
fe=(88)

fl=(91)
fn=(328)
31 2
-1 3
+1 4
+2 3
cfi=(92)
cfn=(332)
calls=1 +10 
* 27
* 1
+4 5
+1 3
+2 4

fl=(105)
fn=(398)
162 7
+8 2
+2 2
+1 2
+3 1
+2 3
+3 1
-1 1
+1 1
+5 1
+1 1
+6 1
-6 1
-1 1
+1 1
+6 240
+1 30
-1 30
+1 60
+2 90
+1 30
-10 90
+13 1
+1 2
-1 2
+2 1
+1 4
+3 2
-3 1
+3 1
cfn=(400)
calls=1 357 
* 26
* 618
-3 309
+3 309
cfn=(400)
calls=309 357 
* 8024
-3 620
+7 1
+4 8

fn=(400)
357 9240
+5 2310
-2 2310
+2 4620
+9 2310
+1 2310
+1 2310
+3 4620
+3 2310
-3 2310
+2 2310
+2 2310
-2 2310
+5 2310
-3 2310
-20 2236
+31 2236
-31 2236
+34 2236
-2 4472
-32 74
+32 74
-1 74
+3 148

fl=(99)
fn=(362)
57 5
-22 1
+22 1
-22 1
cfn=(364) __new_exitfn
calls=1 +38 
* 38
+2 2
+4 1
+3 1
+1 1
-4 2
+2 1
+4 1
+1 1
+11 4

fn=(364)
73 2
+6 1
-6 1
+6 1
-6 1
+6 4
+2 6
+2 3
-2 1
+10 2
-10 2
+45 1
+1 1
+3 4
+3 5
-21 1
+1 2

fl=(107)
fn=(406)
106 8
cfi=(108)
cfn=(408)
calls=2 226 
* 266

fl=(73)
fn=(264)
42 8
fi=(58)
+6 3
+14 4
-17 3
+3 9
+14 12
-17 9
+22 1
fe=(73)
-25 6
cfi=(59)
cfn=(200)
calls=1 -16 
* 16
* 5

fl=(103) /build/glibc-itYbWN/glibc-2.26/posix/../sysdeps/unix/syscall-template.S
fn=(392) getpid
65 2
+1 1

fl=(61)
fn=(208)
33 4
-1 1
+2 1
-2 1
+2 2
+1 3
fi=(62) /build/glibc-itYbWN/glibc-2.26/string/../sysdeps/x86_64/multiarch/memcmp.c
-6 1
fe=(61)

fl=(124)
fn=(536) _IO_file_write@@GLIBC_2.2.5
1250 999
-2 5994
+2 3996
+4 1998
+1 3996
cfi=(131)
cfn=(538)
calls=999 26 
* 8991
+1 1998
+5 999
+1 999
-12 1998
+5 1998
+10 2997
+3 8991

fn=(512) _IO_do_write@@GLIBC_2.2.5
486 3000
+1 1
-3 9990
+11 1998
+7 6993
+8 999
fi=(132)
940 1998
+1 1998
fe=(124)
510 3996
cfn=(536)
calls=999 1250 
* 45954
* 999
+1 4995
+6 999
-4 999
+4 999
-4 2997
+1 1998
+3 999
-2 999
-29 3996
+1 7992
+29 1998

fn=(484)
1279 14985
-1 29970
-6 109890
+13 43956
+17 4
+4 10988
+5 43952
cfi=(129)
cfn=(518)
calls=10988 209 
* 180778
* 10988
* 10988
+6 10988
-1 10988
+1 21976
+2 21976

ob=(6)
fl=(97)
fn=(466) reset_meas
0 35964

fn=(554)
0 8
cob=(2)
cfi=(18)
cfn=(560)
calls=1 0 
0 63
0 1
cfn=(568) 0x0000000000000930
calls=1 0 
0 8
0 3

fn=(366)
0 15
cob=(2)
cfi=(18)
cfn=(368)
calls=1 0 
0 6
0 8
cfn=(372) 0x0000000000000a00
calls=1 0 
0 17
0 11

fn=(522) componentwise_multiply_real_sse4
0 21537340000
cob=(4)
cfi=(78)
cfn=(526) __ceil_sse41
calls=628750000 36 
0 1257500000
0 628750000
0 69930000
cob=(4)
cfi=(78)
cfn=(526)
calls=9990000 36 
0 19980000
0 9990000
0 1307450000

fn=(358)
0 11
cob=(3)
cfi=(98)
cfn=(360)
calls=1 139 
0 234136994536

fn=(464) run_tests
0 3014
cfn=(466)
calls=999 0 
0 11988
0 229749021
cfn=(468) componentwise_multiply_real_scalar
calls=9989001 0 
0 194975310519
0 299741904
cob=(3)
cfi=(120)
cfn=(474)
calls=999 28 
0 1172789
0 999
0 2997
cfn=(466)
calls=999 0 
0 11988
0 229771998
cfn=(522)
calls=9990000 0 
0 24830940000
0 299750328
cob=(3)
cfi=(120)
cfn=(474)
calls=999 28 
0 1158292
0 999
0 2997
cfn=(466)
calls=999 0 
0 11988
0 229771998
cfn=(528) componentwise_multiply_real_avx2
calls=9990000 0 
0 12738330000
0 299745462
cob=(3)
cfi=(120)
cfn=(474)
calls=999 28 
0 1089612
0 999
0 1998
cob=(3)
cfi=(130)
cfn=(532)
calls=999 25 
0 203796
0 999
0 4005

fn=(468)
0 109988890011
cfn=(470) FIX_MPY
calls=4994500500 0 
0 59934006000
0 25052414508

fn=(568)
0 8

fn=(384)
0 8
cob=(3)
cfi=(57)
cfn=(388)
calls=1 30 
0 3
0 1
0 2
cob=(3)
cfi=(103)
cfn=(392)
calls=1 65 
0 3
0 1
0 3
cob=(3)
cfi=(104)
cfn=(396)
calls=1 209 
0 10542
0 1
0 7
cob=(3)
cfi=(106)
cfn=(404)
calls=1 26 
0 176
0 1
0 6
cob=(3)
cfi=(106)
cfn=(404)
calls=1 26 
0 110
0 1
0 8
cob=(3)
cfi=(109)
cfn=(412)
calls=1 3282 
0 61874
0 1
0 8
cob=(3)
cfi=(109)
cfn=(412)
calls=1 3282 
0 583
0 1
0 8
cob=(3)
cfi=(109)
cfn=(412)
calls=1 3282 
0 532
0 1
0 3

ob=(3)
fl=(124)
fn=(484)
1346 21978
+1 91908
-45 1
+21 1
fi=(132)
938 3
+2 2
+1 2
fe=(124)
1323 3
cfn=(488)
calls=1 800 
* 903
* 2
+6 2
+1 6
+2 3
+11 2
+1 4
cfi=(126)
cfn=(514)
calls=1 425 
* 404
* 2
-57 32964
+1 21976
+3 32964
+2 123186
-2 104100

fn=(624)
860 4
+5 4
+2 1
+1 2
+17 1
+4 1
-4 1
+4 3

fn=(620)
442 2
+1 1
cfi=(126)
cfn=(622)
calls=1 +79 
* 68
* 2
+4 2
-1 2
+2 3
+2 1
+1 2

fn=(488)
800 3021
+7 1007
-8 5035
+8 5031
+35 2014
+3 2012
+3 3018
+1 3018
+1 5030
+5 4024
-45 2
+12 2
+9 4
+8 1
-4 1
+3 2
-2 2
-3 1
+1 2
+5 1
-1 1
+1 3
+1 2
+12 1998
-1 999
+1 999
-1 999
cfn=(512)
calls=999 486 
* 106893
* 1998
-8 1
+1 1
+11 3
-12 1
cfn=(512)
calls=1 486 
* 4
-31 2
cfi=(126)
cfn=(490)
calls=1 395 
* 849
+1 6

fn=(494)
1221 1
+1 3
cfi=(128)
cfn=(496)
calls=1 34 
* 9

fl=(60)
fn=(250)
32 1
-2 1
+2 2
-2 3
fi=(156) /build/glibc-itYbWN/glibc-2.26/wcsmbs/../sysdeps/x86_64/multiarch/wcslen.c
-1 1
fe=(60)

fn=(218)
32 2
-2 2
+2 4
-2 6
fi=(157) /build/glibc-itYbWN/glibc-2.26/wcsmbs/../sysdeps/x86_64/multiarch/wcschr.c
+1 2
fe=(60)

fn=(204)
32 2
-2 2
+2 4
-2 6
fi=(158) /build/glibc-itYbWN/glibc-2.26/wcsmbs/../sysdeps/x86_64/multiarch/wmemchr.c
+1 2
fe=(60)

fl=(63)
fn=(212)
38 4
+1 3
+9 1

fl=(70)
fn=(238)
40 2
-2 1
+2 2
-2 2
+11 1

fl=(137)
fn=(564)
28 12
+8 3
-8 9
+11 6
+82 18

ob=(6)
fl=(97)
fn=(384)
0 1000
cob=(3)
cfi=(119)
cfn=(460)
calls=1000 26 
0 51968
0 1000
0 9000
cob=(3)
cfi=(119)
cfn=(460)
calls=1000 26 
0 51968
0 1000
0 12011
cfn=(464)
calls=1 0 
0 234136790690
0 3
cob=(3)
cfi=(109)
cfn=(544)
calls=1 3107 
0 170
0 1
0 3
cob=(3)
cfi=(109)
cfn=(544)
calls=1 3107 
0 173
0 1
0 3
cob=(3)
cfi=(109)
cfn=(544)
calls=1 3107 
0 189
0 1
0 5

fn=(372)
0 17

fn=(470)
0 59934006000

fn=(528)
0 9776430000
cob=(4)
cfi=(78)
cfn=(526)
calls=9990000 36 
0 19980000
0 9990000
0 1267560000
cob=(4)
cfi=(78)
cfn=(526)
calls=316890000 36 
0 633780000
0 316890000
0 713700000

ob=(4)
fl=(76)
fn=(274)
25 1
+1 1
+1 1
+1 1
+2 1

fl=(84)
fn=(290)
25 1
+1 1
+1 1
+1 1
+2 1

fl=(75)
fn=(296)
17 8

fn=(272)
12 8

fl=(78)
fn=(526)
36 965620000
+1 965620000

fn=(278)
25 2
+1 2
+1 2
+1 2
+2 2

fl=(83)
fn=(288)
25 1
+1 1
+1 1
+1 1
+2 1

fl=(85)
fn=(294)
9 8

fl=(82)
fn=(292)
16 5

fn=(286)
10 5

fl=(74)
fn=(270)
9 8

fl=(77)
fn=(276)
25 1
+1 1
+1 1
+1 1
+2 1

fl=(96)
fn=(604) 0x00000000000078d0
0 9

fn=(594)
0 8
cob=(2)
cfi=(18)
cfn=(600)
calls=1 0 
0 63
0 1
cfn=(604)
calls=1 0 
0 9
0 3

fn=(348)
0 17

fl=(80)
fn=(282)
9 8

fl=(81)
fn=(284)
25 1
+1 1
+1 1
+1 1
+2 1

fl=(79)
fn=(280)
8 5

totals: 234137149225
