32691372 0 25911748 0 
24632607 1 28503510 1 
32187881 2 28742362 2 
42169268 3 28776885 3 
52676277 4 28722719 4 
62223827 5 28501445 5 
72777130 6 28765981 6 
93959322 7 28623282 7 
92587476 8 28690889 8 
104275565 9 36792128 9 
124482600 10 36359069 10 
122836457 11 36728090 11 
134692942 12 36595912 12 
155287628 13 36306884 13 
154557209 14 36273641 14 
165410531 15 36286601 15 
198336100 16 35870030 16 
184679407 17 49857999 17 
195904756 18 49977921 18 
215488544 19 49030674 19 
215165029 20 48276303 20 
229582583 21 50521640 21 
250017085 22 49333652 22 
261515171 23 50150150 23 
258594635 24 50393270 24 
285002963 25 61373264 25 
279066819 26 61236042 26 
288582700 27 61057208 27 
323300586 28 60715025 28 
307636876 29 63541857 29 
320003431 30 60731193 30 
346496564 31 60607758 31 
404860190 32 61605595 32 
412982229 33 74141373 33 
402925179 34 74161658 34 
412544790 35 74384275 35 
427587574 36 74888193 36 
451809060 37 74201240 37 
443217113 38 73949827 38 
456994260 39 74133057 39 
463008769 40 74375907 40 
482187500 41 86142874 41 
486482742 42 86485222 42 
489894164 43 86030606 43 
504733349 44 103026353 44 
511527802 45 86881858 45 
525955825 46 87046353 46 
527469748 47 86447973 47 
554141632 48 86767352 48 
551784689 49 100485694 49 
565289632 50 99461597 50 
586492460 51 99984744 51 
586147556 52 99428869 52 
591947690 53 98650092 53 
613974044 54 100310873 54 
613056551 55 99758153 55 
626419467 56 99717718 56 
651679781 57 111464856 57 
646646896 58 111888452 58 
653007710 59 111452274 59 
691495489 60 112090482 60 
674263739 61 111731872 61 
687145723 62 118378092 62 
694666994 63 111883782 63 
707941777 64 111676188 64 
728509804 65 182279294 65 
727515610 66 173880505 66 
735061416 67 178112696 67 
747390944 68 176010729 68 
752908693 69 176513090 69 
774767676 70 174820158 70 
774685039 71 178848612 71 
794219267 72 172987977 72 
794299538 73 138465970 73 
811202538 74 136511748 74 
815727088 75 136398362 75 
827617122 76 136941313 76 
841690615 77 136495979 77 
849278387 78 136552375 78 
863112242 79 136633915 79 
869008436 80 136485018 80 
889647451 81 149538359 81 
889228271 82 149763785 82 
904266194 83 149345342 83 
909144704 84 149799943 84 
922248772 85 149732175 85 
929620050 86 149690105 86 
943697741 87 150018446 87 
951145670 88 149340737 88 
962983506 89 160656703 89 
969230536 90 158570053 90 
993271797 91 159377566 91 
988658689 92 159865169 92 
1005526983 93 160333370 93 
1010570535 94 162471710 94 
1036312722 95 161054646 95 
1030694463 96 160254650 96 
1055551917 97 174007516 97 
1051508464 98 181829202 98 
1060283512 99 174336816 99 
1086129449 100 174345422 100 
1080637055 101 174196341 101 
1097405057 102 174252471 102 
1101065161 103 174310079 103 
1127747393 104 174169206 104 
1139268130 105 186498967 105 
1132529829 106 186537046 106 
1156665365 107 186321413 107 
1152959744 108 186320751 108 
1176284944 109 186505348 109 
1178155662 110 186150828 110 
1184700557 111 186442639 111 
1208860595 112 186343421 112 
1203504906 113 216930599 113 
1214931552 114 198959902 114 
1237433686 115 198113140 115 
1234758085 116 201007112 116 
1243998314 117 199165182 117 
1261580607 118 198263801 118 
1264174200 119 203123203 119 
1283279530 120 198782533 120 
1302694388 121 211394897 121 
1296309348 122 227459688 122 
1306600370 123 211867760 123 
1322695822 124 211089236 124 
1326592186 125 219210801 125 
1336986744 126 210938031 126 
1351890030 127 211314684 127 
1372650665 128 210167514 128 
1367052431 129 280954345 129 
1384332451 130 283716536 130 
1393733771 131 283552088 131 
1406927395 132 284646188 132 
1407493648 133 282368937 133 
1425697541 134 284887114 134 
1442363090 135 284604915 135 
1456853131 136 285001494 136 
1449673405 137 291032902 137 
1474331093 138 291631596 138 
1474973278 139 289934382 139 
1496390317 140 292838057 140 
1490651286 141 299940857 141 
1501646552 142 289447292 142 
1516693637 143 293260824 143 
1539288795 144 286331624 144 
1535851334 145 310165197 145 
1563026269 146 309687240 146 
1551065806 147 308909619 147 
1577467034 148 309488549 148 
1576785743 149 309200533 149 
1589223661 150 309162745 150 
1607163951 151 309932297 151 
1681045153 152 316381554 152 
1627671661 153 326532027 153 
1626549265 154 312684963 154 
1654751097 155 314455728 155 
1659161661 156 315567364 156 
1662701359 157 314938902 157 
1680523675 158 314354514 158 
1681184909 159 313591135 159 
1702475552 160 315335881 160 
1694543456 161 279257514 161 
1705695605 162 273355150 162 
1720742597 163 274240398 163 
1742953215 164 274407614 164 
1741732827 165 274513356 165 
1764144007 166 276896246 166 
1762572054 167 274136734 167 
1786233868 168 274362709 168 
1783997919 169 286609474 169 
1801830996 170 286597696 170 
1812473831 171 286622160 171 
1810643119 172 291992901 172 
1817717158 173 300077052 173 
1828673969 174 291819784 174 
1859022109 175 286326679 175 
1867599081 176 286337391 176 
1865947977 177 359177471 177 
1874100427 178 359518057 178 
1898208597 179 359881132 179 
1910884665 180 359686700 180 
1916565676 181 359127074 181 
1934296146 182 359030696 182 
1925282709 183 359022144 183 
1936255204 184 359563289 184 
1956027578 185 370826719 185 
1967715939 186 370915834 186 
1985321571 187 370848263 187 
1977772662 188 370789227 188 
1988002216 189 370808661 189 
1999095664 190 385970305 190 
2003397407 191 388049291 191 
2014284051 192 376267440 192 
2028847610 193 384696941 193 
2039522322 194 383891785 194 
2057308716 195 384801834 195 
2067876034 196 384740753 196 
2071614710 197 384795742 197 
2081295517 198 384811934 198 
2104536492 199 384237414 199 
2116193346 200 384739396 200 
2111958800 201 395821157 201 
2120320864 202 395467016 202 
2146312802 203 410045120 203 
2137236852 204 408912709 204 
2175072310 205 399770364 205 
2205471270 206 560050074 206 
3753910240 207 718203241 207 
2630991865 208 450326378 208 
2521597965 209 465718664 209 
2402177732 210 450134700 210 
2468251601 211 555034048 211 
2486511069 212 427146874 212 
2342384289 213 433219681 213 
2539336878 214 459117659 214 
2743631972 215 550868493 215 
2489635744 216 464283161 216 
2426345923 217 439106693 217 
2359508804 218 487924895 218 
2319944811 219 420730123 219 
2313445580 220 430557897 220 
2512920364 221 424556293 221 
2347669777 222 458573913 222 
2365108846 223 426298597 223 
2395837186 224 431262603 224 
2984500281 225 538887686 225 
2702761991 226 436772268 226 
2412526409 227 442976344 227 
2482921683 228 438560215 228 
2412499175 229 434539521 229 
2423320006 230 434555460 230 
2436207421 231 445224720 231 
2443817436 232 434853962 232 
2455457032 233 446343855 233 
2457904849 234 446538606 234 
2486681781 235 446305662 235 
2496102710 236 446757228 236 
2476484705 237 445925939 237 
2496068879 238 458481255 238 
2593272427 239 446237220 239 
2510780844 240 447150932 240 
2530381178 241 474509179 241 
2541998341 242 459151280 242 
2540212651 243 459105171 243 
2618249211 244 495645983 244 
2680986779 245 473354839 245 
2583408998 246 459413921 246 
2581364484 247 478456342 247 
2604391724 248 459452532 248 
2618075436 249 470573461 249 
2613520719 250 473749754 250 
2629156427 251 484532967 251 
2645240269 252 470365688 252 
2658802356 253 477103250 253 
2672046235 254 479400010 254 
2687626859 255 479303055 255 
2707712883 256 470837893 256 
2791629821 257 485862971 257 
2696930044 258 499797469 258 
2725242824 259 485610446 259 
2782232123 260 496814839 260 
2810266553 261 485022995 261 
2735801017 262 484757011 262 
2827122726 263 489239739 263 
2841556150 264 490015621 264 
2837386832 265 536128817 265 
2985591990 266 503849614 266 
3024633081 267 499008674 267 
2814185803 268 496875519 268 
2820512586 269 516645046 269 
2829255411 270 507278030 270 
2866419594 271 507305288 271 
2938249007 272 523860204 272 
2973333049 273 540347277 273 
2876814161 274 521232834 274 
2979546549 275 546431116 275 
2889802782 276 509886883 276 
2900783853 277 516509319 277 
2909456521 278 509206625 278 
2927337471 279 522913292 279 
2949500497 280 508718486 280 
2931148071 281 535936913 281 
2953060700 282 520164444 282 
2951709940 283 543577715 283 
2964106421 284 522685666 284 
2979961925 285 535160035 285 
3032428155 286 520054318 286 
3018727231 287 520116681 287 
3033712485 288 521636897 288 
3031536475 289 534220985 289 
3040175518 290 534404493 290 
3045842436 291 533924619 291 
3041065176 292 548819095 292 
3077386672 293 534028613 293 
3060265238 294 551688501 294 
3081204263 295 533744220 295 
3104849585 296 533681142 296 
3091654146 297 546224678 297 
3148162048 298 546416706 298 
3122725587 299 563803980 299 
3125639210 300 546411375 300 
3154511297 301 546133429 301 
3141127107 302 546088695 302 
3174444691 303 546480140 303 
3173511223 304 560649349 304 
3177450992 305 559422431 305 
3199167631 306 562756015 306 
3272375470 307 635762191 307 
3655162203 308 589472596 308 
3331165662 309 567958492 309 
3293538907 310 580658598 310 
3304043121 311 576357976 311 
3299508162 312 565732341 312 
3332795024 313 576035453 313 
3633789244 314 612296583 314 
3523784025 315 615391485 315 
3500974473 316 613156429 316 
3567969437 317 607302189 317 
3389507270 318 571601894 318 
3495224571 319 575834322 319 
3350473425 320 634027338 320 
3562155770 321 593248929 321 
3529094887 322 602686361 322 
3458168327 323 618374878 323 
3417344320 324 600661449 324 
3390378689 325 583723786 325 
3420312445 326 585241736 326 
3426649510 327 586014045 327 
3416112816 328 596013454 328 
3438008843 329 601493262 329 
3445075092 330 596289597 330 
3455072000 331 596777819 331 
3470455691 332 614225300 332 
3474758386 333 596267061 333 
3479651053 334 596216365 334 
3507219241 335 596335637 335 
3505596940 336 601424386 336 
3503349885 337 608637339 337 
3522788633 338 608965657 338 
3538460305 339 608741925 339 
3550989674 340 608703736 340 
3558650742 341 630830151 341 
3553667684 342 613691458 342 
3577662301 343 609180732 343 
3582474345 344 608965237 344 
3617335712 345 619769086 345 
3622300928 346 619625500 346 
3606326328 347 634697413 347 
3630623254 348 634846524 348 
3640788533 349 621417116 349 
3654488836 350 620181165 350 
3662656336 351 619785637 351 
3675488160 352 619975101 352 
3686027291 353 633984640 353 
3682512039 354 638867703 354 
3687186209 355 639055781 355 
3698234689 356 633768763 356 
3728164121 357 633836996 357 
3738128405 358 633808772 358 
3746901772 359 634051860 359 
3760706401 360 634305845 360 
3758217409 361 651069640 361 
3790923153 362 645955565 362 
3789849246 363 645488542 363 
3787093200 364 661846725 364 
3804678014 365 651209276 365 
3814917957 366 650749704 366 
3818464043 367 661320380 367 
3822719948 368 651036772 368 
3843763416 369 658885904 369 
3856378578 370 658450561 370 
3874305633 371 658980837 371 
3887707638 372 658635511 372 
3889705418 373 659044876 373 
3895212784 374 658902480 374 
3907248512 375 659216082 375 
3916722884 376 658939934 376 
3941425106 377 670314902 377 
3927153663 378 669818733 378 
3959162911 379 669834220 379 
3947045071 380 672107344 380 
3958465950 381 670353556 381 
3994481912 382 670296953 382 
3989925688 383 669909874 383 
4004614360 384 670290229 384 
4012235205 385 683883507 385 
4017351353 386 683793383 386 
4028517284 387 689107298 387 
4027947926 388 695957941 388 
4044609786 389 699190074 389 
4045447087 390 701993179 390 
4063651785 391 697846594 391 
4095773114 392 684043377 392 
4181511070 393 695775926 393 
4114534832 394 696306061 394 
4124892247 395 695348649 395 
4144956128 396 696842014 396 
4128064527 397 695361879 397 
4148262582 398 701111735 398 
4162988538 399 711944385 399 
4176543934 400 761401108 400 
4164096818 401 716954196 401 
4201600571 402 712175119 402 
4212843931 403 708307230 403 
4195537164 404 708521175 404 
4235589999 405 708829896 405 
4237640786 406 708984270 406 
4272341820 407 713891051 407 
4247354791 408 719849006 408 
4280880019 409 725466806 409 
4266311522 410 727117972 410 
4330416101 411 720816506 411 
4315662668 412 729949094 412 
4298496611 413 730532943 413 
4333509421 414 753551433 414 
4336832780 415 727082776 415 
4353068501 416 720975539 416 
4375677513 417 738330229 417 
4431068476 418 747044109 418 
4740914728 419 741334297 419 
4371613611 420 734792639 420 
4669277605 421 764573692 421 
4415579720 422 740730333 422 
4675711450 423 768662794 423 
4485347863 424 841151452 424 
4828186890 425 748209321 425 
4464799992 426 749505458 426 
4470254312 427 748646215 427 
4480603548 428 829158398 428 
4664694597 429 745530374 429 
4526580874 430 745488743 430 
4656944677 431 821896512 431 
4554829306 432 746059667 432 
4843524094 433 988605111 433 
4981534881 434 817390210 434 
4610958611 435 781217670 435 
4697727379 436 791329511 436 
4648742830 437 1066781474 437 
4925381953 438 806685890 438 
4681478464 439 769438895 439 
4914529193 440 801978623 440 
4676346315 441 773458955 441 
4598122806 442 770842537 442 
4610426403 443 787848981 443 
4691453426 444 991354071 444 
4638862148 445 769661623 445 
4671879778 446 776077436 446 
4680832842 447 793777661 447 
4704496390 448 812335465 448 
4754027990 449 789408357 449 
4744205654 450 787564999 450 
4781014254 451 829445082 451 
4761593596 452 786341397 452 
4747125547 453 806758980 453 
4828166474 454 783377026 454 
4737734729 455 783418230 455 
4776643098 456 811712193 456 
4759695360 457 797596357 457 
4796362211 458 800949309 458 
4820231611 459 800417568 459 
4800539400 460 802552673 460 
4814027515 461 823460451 461 
4815234192 462 796699722 462 
4860454887 463 800853999 463 
4836287796 464 796028802 464 
4843559750 465 824342974 465 
4870789531 466 816195422 466 
4894592247 467 827480611 467 
5013389853 468 969791590 468 
5497814603 469 915200918 469 
5406249460 470 932408933 470 
5456066149 471 922695657 471 
5433216393 472 910779288 472 
5460637081 473 925083821 473 
5475982739 474 947585174 474 
5170864729 475 822695215 475 
4971592981 476 821270996 476 
5018180008 477 827307678 477 
4980242514 478 820990857 478 
4983068541 479 825628444 479 
4999609005 480 819299700 480 
5005878917 481 839670022 481 
5043396755 482 833757642 482 
5021057317 483 838983515 483 
5069743785 484 834172034 484 
5091807829 485 877181086 485 
5604954470 486 894369335 486 
5173790966 487 845361014 487 
5142270788 488 858293723 488 
5511936936 489 967036698 489 
5394296582 490 848618281 490 
5122545668 491 845378655 491 
5172809123 492 870152218 492 
5126759676 493 844831115 493 
5128968614 494 851160769 494 
5145548247 495 844921899 495 
5167822269 496 845290102 496 
5168117527 497 874500391 497 
5158735367 498 856596262 498 
5178682880 499 874237592 499 
5217644479 500 857579525 500 
5218239011 501 857783618 501 
5210527000 502 873447200 502 
5228533418 503 875812845 503 
5417024918 504 925613224 504 
5383758835 505 903461048 505 
5370516042 506 880587366 506 
5284057038 507 869847599 507 
5304265431 508 892057822 508 
5324265446 509 899176866 509 
5353325676 510 883311493 510 
5364697648 511 906764328 511 
5481143332 512 876379620 512 
5459937339 513 939465447 513 
5501158854 514 952286833 514 
5462065182 515 888689542 515 
5393794549 516 903808322 516 
5400009996 517 885765098 517 
5438971570 518 961736499 518 
5446992455 519 887977580 519 
5415454826 520 900712493 520 
5458084305 521 897667767 521 
5444854552 522 896304335 522 
5462776380 523 894996149 523 
5487256182 524 911101155 524 
5492529881 525 905962134 525 
5531825416 526 913058876 526 
5630319449 527 917875155 527 
5590483545 528 894471436 528 
5584493641 529 914537909 529 
5578961884 530 929869196 530 
5586582798 531 922519658 531 
5615193344 532 908679094 532 
5703743548 533 908693765 533 
5558007704 534 924662079 534 
5590841599 535 917165577 535 
5580674390 536 914753381 536 
5576528253 537 923089922 537 
5623116466 538 931366965 538 
5666013877 539 929194777 539 
5656383405 540 951634090 540 
5655488633 541 937246380 541 
5687627953 542 941291285 542 
5653868770 543 923475871 543 
5745542890 544 931466596 544 
6198873784 545 1064179797 545 
6437127850 546 1076581505 546 
6283437077 547 1086326627 547 
6329206615 548 1052816311 548 
6359392384 549 1050399865 549 
6352306173 550 1030212525 550 
5785201465 551 952355524 551 
5814031148 552 956703675 552 
5859205491 553 944501041 553 
5783301081 554 944099838 554 
5813148806 555 948531553 555 
5807955263 556 947758657 556 
5845240965 557 948704227 557 
5831509701 558 967465668 558 
5891267078 559 985657555 559 
5894428667 560 976374037 560 
5894881174 561 966952443 561 
5874511172 562 976073073 562 
6011137217 563 974261003 563 
6153375105 564 962313374 564 
5852851535 565 961951495 565 
6082641514 566 1029618516 566 
6151916582 567 964959364 567 
5942508346 568 960045914 568 
5957368696 569 984207064 569 
5931423045 570 976085103 570 
5976707625 571 971081105 571 
7680076040 572 1724756822 572 
7391780082 573 1097616012 573 
6438271150 574 972458774 574 
6057078755 575 977544950 575 
6155445466 576 970038084 576 
6023202428 577 983250315 577 
6141112488 578 987450949 578 
6370049349 579 1071320572 579 
6186948602 580 997508175 580 
6068462643 581 988977666 581 
6115809675 582 1016842029 582 
6114197253 583 1006692633 583 
6367982856 584 1000833902 584 
6103559716 585 996942781 585 
6126570841 586 998699238 586 
6203737614 587 994354440 587 
6134378183 588 996291860 588 
6356817881 589 995227004 589 
6220814167 590 1022136980 590 
6185359306 591 1015557018 591 
6207298257 592 1010859797 592 
6245270974 593 1031289099 593 
6301239182 594 1045642906 594 
6283333950 595 1009393452 595 
6289467940 596 1011733502 596 
6224811280 597 1021538907 597 
6257094544 598 1022509424 598 
6266000024 599 1038897115 599 
6316461368 600 1011353997 600 
6327826173 601 1032904443 601 
6441785371 602 1074360354 602 
6354215616 603 1032911971 603 
6319150637 604 1047373337 604 
6974106200 605 1054340472 605 
6801667891 606 1200671746 606 
6963228948 607 1129003086 607 
7197671823 608 1156839797 608 
7112873231 609 1184442624 609 
7075424584 610 1500263984 610 
7505167704 611 1159280716 611 
7129928163 612 1234443422 612 
6877132481 613 1043838729 613 
6576867198 614 1150380689 614 
6912482839 615 1204331608 615 
6733721136 616 1034615077 616 
7021175132 617 1068987439 617 
6495363806 618 1063355280 618 
6678242384 619 1162590620 619 
6525876671 620 1071874826 620 
6489722221 621 1084765846 621 
6460605184 622 1045032865 622 
6494457307 623 1057245219 623 
6497514511 624 1077654036 624 
6561596008 625 1056988540 625 
6499631493 626 1057678387 626 
6501188268 627 1080024565 627 
6508051830 628 1073462978 628 
6518760859 629 1057778518 629 
6530142771 630 1057498279 630 
6549756029 631 1074910863 631 
6542085384 632 1062600121 632 
6556109161 633 1068838874 633 
6622446229 634 1084527065 634 
6957947324 635 1103778004 635 
6943342190 636 1190524038 636 
6923969906 637 1069487538 637 
6624931844 638 1068774190 638 
6644825797 639 1074652944 639 
6656016743 640 1069178473 640 
6730301315 641 1088649296 641 
6680424422 642 1101478646 642 
6686456121 643 1082166178 643 
6750630753 644 1107709282 644 
6804867689 645 1088091889 645 
6792599250 646 1093942903 646 
6874336464 647 1141688126 647 
6846036441 648 1094934577 648 
6889339582 649 1104990308 649 
6810837244 650 1099872263 650 
6806128322 651 1115052065 651 
6768203414 652 1107509634 652 
6797622269 653 1096841603 653 
6942249359 654 1118745222 654 
6937433328 655 1095274434 655 
6937579223 656 1123341842 656 
6943520531 657 1118002736 657 
6958194804 658 1251801174 658 
6947859111 659 1117853441 659 
6906964874 660 1153264682 660 
6933757635 661 1150637520 661 
7016613067 662 1129461378 662 
7008700768 663 1110295297 663 
6928042420 664 1145035113 664 
7029925982 665 1181634971 665 
7136793340 666 1124171861 666 
7055011464 667 1121786561 667 
6997973085 668 1132340983 668 
7012878947 669 1148633122 669 
7059506841 670 1125120700 670 
7012841261 671 1140701401 671 
7001996217 672 1120036975 672 
7043214218 673 1137929415 673 
7059423133 674 1139610143 674 
7557983227 675 1347030155 675 
7348481191 676 1151779906 676 
7004896640 677 1132553870 677 
7035700769 678 1147160887 678 
7029132820 679 1132370546 679 
7099865902 680 1168429143 680 
7180363686 681 1180948515 681 
7287268029 682 1144456615 682 
7253816806 683 1198020755 683 
7212284047 684 1144131854 684 
7194249727 685 1168961115 685 
7171631087 686 1171605795 686 
7184058201 687 1146213808 687 
7188791259 688 1160854684 688 
7216841245 689 1167694031 689 
7210519428 690 1169689670 690 
7221320303 691 1175350983 691 
7246320321 692 1157496353 692 
7178337162 693 1163706402 693 
7212313864 694 1171946909 694 
7211498514 695 1190886371 695 
7424064570 696 1217889119 696 
7415225690 697 1211935611 697 
7483467669 698 1214430785 698 
7341326313 699 1173621852 699 
7322158788 700 1176388630 700 
7281440866 701 1200676262 701 
7521752611 702 1273525385 702 
7463855068 703 1198465026 703 
7355785710 704 1238556598 704 
7363588184 705 1185752823 705 
7354170947 706 1191936915 706 
7543076950 707 1316937988 707 
8016840559 708 1199835288 708 
7424229816 709 1188657927 709 
8034872096 710 1200125870 710 
7580111592 711 1199465708 711 
7603457866 712 1186716592 712 
7397579970 713 1213418573 713 
7443109299 714 1207250333 714 
7907016947 715 1263582387 715 
7454441411 716 1194151674 716 
7601211022 717 1195975676 717 
7746447618 718 1233434327 718 
7723805059 719 1274212047 719 
7801273282 720 1228856911 720 
7569249819 721 1226952236 721 
7664248081 722 1255053131 722 
7751129423 723 1219450416 723 
8206465298 724 1277203697 724 
7933041385 725 1272806827 725 
7691341130 726 1218403066 726 
7546181223 727 1226671733 727 
7616107554 728 1218104848 728 
7720640955 729 1239390493 729 
7628201826 730 1256615232 730 
7696200745 731 1241979530 731 
7751953542 732 1218632090 732 
7671076441 733 1220184023 733 
7609321232 734 1233450619 734 
7724969790 735 1247901823 735 
7688080010 736 1232027318 736 
7705723678 737 1239615043 737 
7696748662 738 1232608161 738 
7713452980 739 1233691327 739 
7691354164 740 1237738158 740 
7677110578 741 1248445714 741 
7691763160 742 1247760304 742 
7714771529 743 1248566444 743 
7731429750 744 1252659448 744 
7737843545 745 1252032751 745 
7786432937 746 1246292784 746 
7786753628 747 1244895465 747 
7800744617 748 1244935231 748 
7774051461 749 1259400601 749 
7790185167 750 1264578486 750 
7777942718 751 1267638232 751 
7806744828 752 1256089911 752 
7809884961 753 1261852032 753 
7883136247 754 1312733094 754 
7818488643 755 1281470229 755 
7837111061 756 1279604703 756 
7947962060 757 1262794461 757 
7896985632 758 1257632148 758 
7865482167 759 1258271737 759 
7872416098 760 1258456150 760 
7883922574 761 1268163229 761 
7937843264 762 1268099301 762 
7910881893 763 1267799930 763 
7911519826 764 1268886308 764 
7951029273 765 1269018571 765 
7928646789 766 1268136466 766 
8000642361 767 1275157193 767 
8030129031 768 1279500908 768 
8641742201 769 1434200946 769 
8711114197 770 1445327752 770 
8772783824 771 1511340091 771 
8788897558 772 1459370131 772 
8243606168 773 1303523166 773 
8064077280 774 1349025961 774 
8015353130 775 1306471461 775 
8057966272 776 1295196914 776 
8067888490 777 1304366997 777 
8095724096 778 1301850950 778 
8087968995 779 1301614780 779 
8266370658 780 1319049885 780 
8212750532 781 1302638012 781 
8131906090 782 1320323494 782 
8454904600 783 1525469495 783 
8323865097 784 1349854640 784 
8379149012 785 1547607732 785 
8690949207 786 1407896676 786 
8785745506 787 1420278096 787 
8544192870 788 1449926833 788 
8382878007 789 1390839638 789 
8222322135 790 1312786942 790 
8333509868 791 1360741338 791 
8333694076 792 1316308354 792 
8247863581 793 1322076867 793 
8276735079 794 1319920105 794 
8269557627 795 1324684814 795 
8241685812 796 1324590673 796 
8274385861 797 1324623015 797 
8277011599 798 1325360089 798 
8273093114 799 1335383183 799 
8302402409 800 1319951849 800 
8311686671 801 1341479189 801 
8333315723 802 1359753984 802 
8330399299 803 1346550222 803 
8320817655 804 1347395908 804 
8342801057 805 1342020279 805 
8362544379 806 1341041702 806 
8390174362 807 1357437056 807 
8369294671 808 1358838070 808 
8363423145 809 1354501283 809 
8411588472 810 1361601475 810 
8425605929 811 1348631341 811 
8404610945 812 1366644814 812 
8420019260 813 1368672376 813 
8436074761 814 1355757965 814 
8456966927 815 1348701312 815 
8453742809 816 1348425796 816 
8477874553 817 1374067726 817 
8469155341 818 1375486439 818 
8496737448 819 1368588752 819 
8512952809 820 1388786344 820 
8504178551 821 1383040310 821 
8500791360 822 1384473035 822 
8535674536 823 1369780176 823 
8583532850 824 1388055861 824 
8571412795 825 1409078004 825 
8599320466 826 1382587149 826 
8586281667 827 1389476636 827 
8579295702 828 1389887150 828 
8590383991 829 1382759320 829 
8599491173 830 1383755980 830 
8611747924 831 1403952658 831 
8666470966 832 1383382215 832 
8645574238 833 1388752960 833 
8658223671 834 1393646195 834 
8666123634 835 1388505302 835 
8660080045 836 1393934991 836 
8681356762 837 1394855451 837 
8673086467 838 1387205882 838 
8729697530 839 1390410208 839 
8703185138 840 1403084942 840 
8703263525 841 1403058371 841 
8737935260 842 1408243110 842 
8744580693 843 1407874566 843 
8763612167 844 1402427732 844 
8755254004 845 1420480494 845 
8767431296 846 1402177926 846 
8792532306 847 1419174292 847 
8805191881 848 1414400399 848 
8808787299 849 1415058930 849 
8811332130 850 1419436692 850 
8830779117 851 1413637367 851 
8844896268 852 1418700089 852 
8872001814 853 1414934304 853 
8847989177 854 1434284384 854 
8836862868 855 1430210696 855 
8869970005 856 1413524087 856 
8876775407 857 1434348874 857 
8906636345 858 1428561736 858 
8912330182 859 1444879988 859 
8904090434 860 1429190542 860 
8933510670 861 1434140836 861 
8951548092 862 1428767347 862 
8943140293 863 1435109765 863 
8964536094 864 1429507999 864 
8957467437 865 1461045977 865 
8972029582 866 1443306304 866 
9180131572 867 1450018048 867 
9011624298 868 1444787827 868 
9029307390 869 1461143167 869 
9027699340 870 1468022154 870 
9053702625 871 1460881122 871 
9044591746 872 1456596066 872 
9057807870 873 1467966053 873 
9068332525 874 1469105367 874 
9067619805 875 1460802133 875 
9099659381 876 1461299819 876 
9106689127 877 1455690877 877 
9167350415 878 1489378008 878 
9231144553 879 1473003784 879 
9170685199 880 1515130390 880 
9148595541 881 1487247249 881 
9154798801 882 1469668177 882 
9251520855 883 1493904982 883 
9378193185 884 1488335794 884 
9170092878 885 1467090380 885 
9185989532 886 1486533034 886 
9196756802 887 1466740201 887 
9264972758 888 1540401835 888 
9854034253 889 1510864878 889 
9351296828 890 1846250636 890 
9611739924 891 1505187303 891 
9337418921 892 1478236110 892 
9266605673 893 1506127658 893 
9263822916 894 1499723186 894 
9278559576 895 1481474117 895 
9330412159 896 1485095933 896 
9365625786 897 1497663689 897 
9312572046 898 1491631722 898 
9319285596 899 1513320152 899 
9313232308 900 1503053894 900 
9328526696 901 1492055609 901 
9343087265 902 1497771458 902 
9347995035 903 1526728399 903 
9370583672 904 1491329033 904 
9380245186 905 1525062371 905 
9411757286 906 1517510854 906 
9405220563 907 1506403423 907 
9407208282 908 1521334212 908 
9429893252 909 1521174079 909 
9435000568 910 1524556254 910 
9443079138 911 1551135263 911 
9480967131 912 1518962308 912 
9468112022 913 1523019411 913 
9478519932 914 1534805007 914 
9489302701 915 1517408277 915 
9507690626 916 1536116930 916 
9543564272 917 1534332119 917 
9513899359 918 1532160251 918 
9517276407 919 1517533937 919 
9544481551 920 1522138982 920 
9543222808 921 1534976751 921 
9547284820 922 1546715624 922 
9553506952 923 1535033289 923 
9580640256 924 1529053759 924 
9580012616 925 1534234155 925 
9574825624 926 1534659709 926 
9625682406 927 1534318922 927 
9592179819 928 1534700406 928 
9633611809 929 1542805277 929 
9637925858 930 1557662362 930 
9629861530 931 1558678303 931 
9662050412 932 1547465006 932 
9670129855 933 1546792305 933 
9664479162 934 1546402759 934 
9679693163 935 1542499327 935 
9760522760 936 1544240312 936 
9741265997 937 1667816297 937 
11390047727 938 1650461726 938 
11309149540 939 1712066451 939 
11494559520 940 2069476785 940 
10368103337 941 1678821204 941 
11901684149 942 2047466878 942 
12417915085 943 2301627085 943 
11429240790 944 1581873226 944 
11554301413 945 1887907119 945 
10762897956 946 1650167137 946 
10749365103 947 1731965362 947 
10479523519 948 1577924866 948 
10037185038 949 1587320257 949 
9856166369 950 1583880668 950 
9847117907 951 1583692441 951 
10123601326 952 1797877666 952 
9912685753 953 1585225932 953 
10016669596 954 1615367666 954 
10160200803 955 1615101532 955 
10314559651 956 1770463972 956 
10269243841 957 1625355002 957 
10397981511 958 1647816417 958 
10385572941 959 1739661107 959 
10664421252 960 1732389222 960 
10993553663 961 1724593914 961 
11110681712 962 1650626378 962 
10341555702 963 1712165667 963 
10633626912 964 1954631367 964 
10712162449 965 1652704599 965 
10790940430 966 1689934483 966 
10788150747 967 1765989670 967 
10513297970 968 1660609651 968 
10087809915 969 1604208168 969 
10206645983 970 1609754889 970 
10173900553 971 1613380291 971 
10202987086 972 1610089795 972 
10108779271 973 1612362249 973 
10190663479 974 1608334335 974 
10114177927 975 1609018700 975 
10083511391 976 1613663170 976 
10131844296 977 1633862010 977 
10172808485 978 1622862329 978 
10174367871 979 1616403973 979 
10144915633 980 1619087170 980 
10158754683 981 1617563199 981 
10562332736 982 1635926006 982 
10472971613 983 1749302745 983 
10299800214 984 1626725088 984 
10213182767 985 1638554142 985 
10220729782 986 1629821254 986 
10227391096 987 1633349257 987 
10320526652 988 1646245445 988 
10245723358 989 1649149570 989 
10246597217 990 1644238834 990 
10246345767 991 1645400293 991 
10329963013 992 1653231575 992 
10284537730 993 1650276530 993 
10292194481 994 1641962364 994 
10310480528 995 1647704206 995 
10305595682 996 1650414530 996 
10316265194 997 1647148152 997 
10351437713 998 1647613478 998 
10368050183 999 1641907047 999 
